0.820571	0.020502	0.021921	-0.037990	-0.051313	-0.025663	0.029323	-0.043552	-0.044283	0.006043	-0.023994	0.005626	-0.052020	0.036345	0.041430	0.109070	-0.059158	-0.017049	-0.034608	-0.008117	0.008373	-0.015813	-0.010074	-0.011216	-0.027115	-0.031580	0.059713	-0.043109	0.013329	-0.008499	-0.029888	-0.050192	-0.018599	-0.021089	-0.029926	-0.055817	0.035203	-0.042942	0.017875	-0.013967	-0.013371	-0.017157	-0.024625	-0.050567	-0.024750	0.008507	-0.016748	-0.052951	0.000679	0.045689	-0.012582	-0.056829	-0.029797	-0.019321	-0.049183	-0.020904	-0.010238	0.018437	-0.012761	-0.021991	-0.019585	-0.019263	-0.016503	0.031669	-0.004649	0.104987	-0.040136	0.028073	-0.068426	0.022569	-0.036867	-0.017863	0.019372	-0.020960	0.016765	-0.022259	
0.020502	1.419355	-0.007764	0.081854	0.018490	-0.007695	0.018621	-0.052425	-0.046565	-0.074749	-0.010730	0.056611	0.055343	-0.120727	-0.029051	-0.043300	0.020715	-0.040938	-0.036457	-0.036881	-0.042391	-0.053556	-0.032778	-0.033632	-0.062635	0.015593	-0.021642	0.008788	-0.072924	0.000288	-0.069810	-0.035438	-0.016555	-0.022925	0.005735	-0.023430	-0.039772	-0.002524	-0.029113	-0.027737	-0.090597	-0.082498	-0.045864	-0.064229	-0.063549	-0.037965	-0.016209	-0.062827	-0.080178	-0.061228	-0.047704	0.095764	0.176710	-0.030596	-0.048870	-0.004428	0.010281	0.019551	-0.047235	-0.078638	-0.029976	-0.056691	-0.092199	-0.028136	-0.055811	-0.069126	0.106492	0.004828	0.203116	-0.030328	-0.039248	-0.029783	-0.036036	-0.044651	-0.054632	0.069851	
0.021921	-0.007764	0.982206	-0.037752	-0.071206	-0.031841	-0.019472	-0.065985	-0.010852	0.003274	-0.025543	-0.017057	-0.030176	0.019196	-0.049735	-0.002459	-0.046981	-0.095945	-0.004730	0.003393	0.008182	-0.025924	0.036253	-0.016566	-0.007746	-0.023157	0.017455	-0.012879	-0.020635	-0.038451	-0.014734	-0.016821	0.017128	-0.035506	-0.028087	0.001099	0.003836	-0.048170	0.006070	0.009026	-0.022070	0.005928	-0.032986	0.026373	0.007502	0.015478	-0.027266	0.007136	0.007680	0.014460	-0.013063	0.017571	-0.031602	-0.025502	-0.062368	0.000833	-0.019383	0.040896	-0.090718	-0.035440	-0.012028	-0.033440	-0.047184	-0.029332	-0.013663	0.042731	0.018898	-0.021340	-0.004880	-0.023489	0.007213	-0.036524	0.017329	-0.068600	0.023423	-0.030941	
-0.037990	0.081854	-0.037752	1.132770	0.134521	-0.063384	0.012056	-0.032048	-0.020072	-0.050133	-0.008897	-0.037511	0.019074	-0.089195	0.013987	-0.090473	0.150300	-0.068704	-0.029645	-0.078677	-0.044183	0.014418	-0.018360	-0.013092	-0.036537	-0.049626	-0.037489	-0.060309	-0.076270	0.062961	-0.035386	-0.001629	-0.036492	-0.021811	0.012882	0.044923	-0.049335	-0.055248	-0.026123	-0.025800	-0.028898	-0.039273	-0.086465	-0.016627	-0.019522	-0.086358	-0.004342	-0.039759	-0.043088	-0.019215	-0.038353	0.104384	0.007329	-0.016209	-0.047592	0.005096	-0.043237	-0.057664	-0.005672	-0.016550	-0.043111	-0.029730	-0.025261	-0.024134	-0.016131	-0.104413	0.121767	-0.001622	0.067858	0.007767	-0.006543	-0.019464	-0.072854	0.008717	-0.044214	0.051226	
-0.051313	0.018490	-0.071206	0.134521	1.264185	0.053153	0.030226	0.215752	-0.059996	-0.119034	-0.038035	-0.026427	-0.075163	-0.057474	-0.034068	0.199418	0.064336	-0.056766	0.000420	0.006683	-0.042906	-0.087123	0.069126	-0.055024	-0.049516	0.043736	-0.062677	-0.007588	-0.059286	-0.011079	-0.037616	0.083729	-0.079954	-0.018741	-0.089606	0.008373	-0.038317	-0.057891	0.027015	-0.047357	-0.068224	-0.047963	-0.013998	-0.018558	-0.082640	-0.082529	-0.057421	-0.036827	-0.046171	-0.049159	-0.036518	0.127552	0.112362	-0.051353	-0.078122	0.047617	-0.039588	-0.014105	-0.003866	-0.041250	-0.074810	-0.013439	0.095054	-0.052574	-0.020368	-0.056041	0.026746	0.044874	0.082121	-0.011902	-0.082829	-0.041688	-0.028329	0.001747	-0.014885	-0.008527	
-0.025663	-0.007695	-0.031841	-0.063384	0.053153	0.830086	-0.035471	0.161987	-0.034854	-0.086010	-0.014305	0.029654	-0.019486	-0.061595	0.004991	0.374269	-0.020142	-0.091512	-0.033635	-0.071686	-0.048618	-0.031136	0.000823	-0.018328	-0.030122	0.066288	-0.053755	0.027835	0.015590	-0.044228	0.006116	0.081224	-0.023853	0.080436	-0.050743	-0.022864	-0.014415	-0.030459	0.134051	-0.010202	0.075601	-0.067345	0.035966	-0.055490	-0.058582	-0.057162	-0.039172	-0.003437	-0.029285	-0.039183	-0.041370	0.137971	-0.073804	-0.061796	-0.061774	0.035377	0.048638	-0.054769	-0.033382	-0.019709	0.050774	-0.017834	-0.041365	0.046634	-0.063655	-0.050110	-0.027413	-0.031417	0.039519	-0.044345	-0.045578	-0.004340	0.025494	-0.013005	-0.019755	0.008725	
0.029323	0.018621	-0.019472	0.012056	0.030226	-0.035471	0.798869	0.120969	-0.012609	0.062937	-0.035396	-0.001108	-0.012465	-0.044101	-0.009098	0.377855	-0.026630	-0.064562	-0.012272	-0.019943	0.014298	-0.033063	-0.062210	0.000878	-0.013591	-0.076415	-0.007728	-0.031138	-0.033438	-0.052595	-0.039432	-0.018055	-0.038470	-0.040619	-0.023607	-0.081375	0.044859	-0.022855	0.049496	0.054260	-0.022446	-0.071576	-0.057855	-0.054726	-0.010463	-0.038150	-0.021385	-0.034883	-0.025640	-0.027267	-0.012337	0.064862	0.041077	-0.049545	-0.013301	0.002083	0.074495	-0.019928	0.025657	0.033512	0.080071	0.002009	-0.002683	0.015365	-0.022916	-0.079811	-0.011546	0.001367	-0.051631	-0.036392	-0.057267	-0.029868	-0.050325	0.028432	-0.048758	0.055776	
-0.043552	-0.052425	-0.065985	-0.032048	0.215752	0.161987	0.120969	1.241826	-0.090395	-0.126812	-0.116328	0.009240	-0.067239	-0.133553	-0.089536	0.857848	-0.101071	-0.183577	0.015666	-0.145008	-0.119695	-0.052988	0.098110	0.023575	-0.102813	0.050984	-0.107399	-0.011680	-0.071851	-0.029916	-0.132210	0.226638	-0.111022	0.018188	-0.050110	0.001455	0.077359	-0.037546	0.286096	-0.089797	-0.014568	-0.098813	0.131210	-0.109057	-0.134290	-0.170428	-0.141465	-0.107315	-0.123877	-0.101743	-0.052915	0.457985	-0.056425	-0.046122	0.009395	0.006782	0.155939	-0.108524	-0.035036	-0.086778	0.109356	-0.115151	-0.057005	0.158760	-0.114080	-0.073161	-0.022578	0.005399	0.172820	-0.070077	-0.076610	-0.075358	-0.031466	0.042307	0.011357	0.210773	
-0.044283	-0.046565	-0.010852	-0.020072	-0.059996	-0.034854	-0.012609	-0.090395	0.840309	0.006602	-0.020207	-0.002866	-0.062021	-0.061015	0.087994	-0.187525	-0.040884	0.009439	0.012596	-0.122640	0.016586	0.012016	-0.012498	-0.010496	0.017677	-0.019903	-0.014666	-0.019842	-0.007934	0.011238	0.013437	-0.009855	0.006502	0.007530	0.042762	-0.056722	-0.064535	0.052563	-0.048498	-0.011535	0.012320	0.042893	-0.051196	-0.042688	-0.010174	0.045806	0.050721	-0.043476	0.053224	0.007686	0.025675	-0.088882	-0.065594	-0.061181	-0.004280	-0.055503	-0.046409	0.025045	-0.032355	0.082882	-0.034953	0.045703	0.024468	0.012584	0.000312	-0.025656	-0.027555	0.017684	-0.065922	-0.026230	0.012520	-0.012634	-0.064263	-0.018621	-0.022275	-0.087630	
0.006043	-0.074749	0.003274	-0.050133	-0.119034	-0.086010	0.062937	-0.126812	0.006602	0.916303	0.032476	-0.010169	-0.015927	-0.023697	0.026052	-0.216987	-0.023609	-0.011369	0.003762	-0.016925	-0.000157	-0.004563	-0.051621	0.069019	0.029744	-0.033782	0.063207	-0.006767	0.021591	0.001649	0.032413	-0.083827	0.058320	0.004502	0.027259	0.014042	-0.049550	-0.016568	-0.106856	-0.011570	0.029937	-0.008495	-0.055845	-0.035882	0.061696	-0.032719	-0.017506	-0.061681	0.058258	0.019072	-0.012031	-0.117779	-0.085894	-0.043689	-0.019715	-0.041509	-0.056682	0.017428	0.032792	0.027375	-0.032401	0.033127	-0.023675	-0.029649	0.095031	0.036766	-0.052524	0.014710	-0.102609	-0.003445	-0.007233	0.043964	-0.078746	-0.007672	-0.066713	-0.084189	
-0.023994	-0.010730	-0.025543	-0.008897	-0.038035	-0.014305	-0.035396	-0.116328	-0.020207	0.032476	0.790414	-0.041137	-0.057201	0.045205	-0.018386	-0.284106	-0.030446	0.154064	-0.067375	0.078128	-0.030268	-0.024961	-0.048123	0.017002	0.003492	-0.056846	-0.008958	0.003999	-0.003643	-0.016557	0.032283	-0.100797	0.015818	-0.032443	0.021120	0.043438	-0.018323	-0.012732	-0.071799	-0.000626	0.036693	0.052262	-0.007945	0.042669	0.005692	0.058233	-0.006312	0.045321	-0.006272	-0.015617	0.006105	-0.082482	-0.008296	0.044788	-0.033899	-0.027275	-0.074659	0.003289	0.017162	-0.025944	-0.063655	0.023202	0.025120	-0.002130	0.009023	0.000178	-0.070191	0.016146	-0.083913	0.003444	0.060871	-0.022796	-0.052805	-0.019605	-0.009675	-0.106878	
0.005626	0.056611	-0.017057	-0.037511	-0.026427	0.029654	-0.001108	0.009240	-0.002866	-0.010169	-0.041137	1.165457	-0.020449	-0.047905	-0.046117	0.062068	-0.031467	-0.013992	-0.044595	-0.021322	0.017574	-0.034761	-0.020389	-0.015022	-0.042172	0.032138	-0.051111	-0.030783	-0.026297	-0.006424	-0.011342	0.016591	0.022733	-0.065143	-0.018233	-0.058424	-0.024723	-0.011735	0.007867	-0.022537	0.052226	-0.008884	0.020959	0.007602	0.039892	0.017325	-0.030507	-0.035516	-0.033721	-0.019554	-0.060581	0.128386	0.007110	-0.031240	-0.040680	-0.008694	-0.000999	-0.063832	-0.054530	-0.042781	-0.027798	-0.044426	-0.054228	0.051133	-0.044990	-0.062122	0.053881	-0.011260	-0.007426	-0.044864	-0.081487	-0.075513	-0.023349	-0.025351	-0.023148	-0.004335	
-0.052020	0.055343	-0.030176	0.019074	-0.075163	-0.019486	-0.012465	-0.067239	-0.062021	-0.015927	-0.057201	-0.020449	1.071305	-0.063377	0.001583	-0.220261	0.100976	-0.050386	0.062436	-0.128660	0.120670	-0.005405	-0.035072	-0.043439	0.028654	-0.042031	-0.044991	-0.011780	-0.032032	-0.003288	0.018671	-0.058905	-0.013729	-0.020125	-0.064613	-0.015062	-0.041859	-0.043395	-0.071380	0.098705	-0.025888	-0.046865	-0.040589	-0.014871	-0.001453	-0.043199	-0.042750	-0.023593	-0.019167	0.076182	0.006114	-0.082491	0.006790	-0.016882	-0.045748	-0.029650	-0.012108	-0.027891	-0.003577	0.011464	-0.032367	-0.006933	-0.033366	-0.065573	-0.009124	-0.009883	-0.067559	0.037566	-0.032500	-0.060685	-0.060539	-0.005415	-0.048989	0.213844	-0.038532	0.008286	
0.036345	-0.120727	0.019196	-0.089195	-0.057474	-0.061595	-0.044101	-0.133553	-0.061015	-0.023697	0.045205	-0.047905	-0.063377	1.246905	0.044162	-0.233610	-0.071971	0.069403	-0.036593	0.180518	-0.007618	-0.041460	0.011470	-0.062976	-0.015215	-0.022842	-0.022338	0.014000	0.043441	-0.072816	-0.015907	0.003185	0.016881	-0.039267	-0.015684	0.040761	-0.008488	-0.011135	-0.002611	0.026986	-0.008862	0.097656	-0.027464	-0.051099	-0.053127	0.023528	-0.029599	0.077551	-0.002717	-0.025711	0.008259	-0.182337	-0.092098	0.069208	-0.045977	-0.070112	-0.034478	0.043336	-0.057310	-0.022570	-0.010948	-0.013992	-0.040838	-0.098726	-0.008365	0.104019	-0.005774	-0.032335	-0.090843	-0.012876	0.060641	-0.012423	-0.000231	-0.052017	0.049536	-0.078273	
0.041430	-0.029051	-0.049735	0.013987	-0.034068	0.004991	-0.009098	-0.089536	0.087994	0.026052	-0.018386	-0.046117	0.001583	0.044162	0.814175	-0.119730	-0.002832	0.014677	-0.046701	-0.055352	-0.027098	0.020981	0.053595	0.105247	0.049186	-0.065985	-0.008424	-0.023954	-0.005536	-0.018041	0.005602	-0.061584	-0.032076	-0.023152	0.093024	-0.028891	-0.052554	0.020782	-0.047981	-0.009041	-0.071466	-0.044045	-0.065992	-0.038311	0.034612	-0.016198	-0.026334	-0.012819	0.027016	0.021505	-0.008784	-0.077882	-0.097942	0.025838	0.031815	-0.014073	-0.069410	-0.025698	0.005717	0.004478	-0.046922	0.028748	0.000158	-0.025247	-0.001033	0.044187	-0.070165	-0.038961	-0.090746	-0.007342	0.002206	-0.031553	-0.072301	-0.008694	-0.018889	0.028172	
0.109070	-0.043300	-0.002459	-0.090473	0.199418	0.374269	0.377855	0.857848	-0.187525	-0.216987	-0.284106	0.062068	-0.220261	-0.233610	-0.119730	1.215291	-0.091564	-0.341962	0.037763	-0.035761	-0.247425	-0.063754	0.113916	-0.149043	-0.157834	0.201866	-0.201137	-0.018748	-0.134985	-0.109862	-0.126428	0.714753	-0.198244	0.022030	-0.168799	-0.149287	0.200295	-0.277968	0.687658	-0.179085	0.059349	-0.263401	0.275728	-0.142735	-0.212024	-0.220457	-0.179281	-0.183923	-0.204591	-0.186980	-0.154136	0.743674	-0.138067	-0.142434	-0.144369	-0.138478	0.544197	-0.188046	-0.252024	-0.225214	0.295651	-0.188387	0.077218	0.498314	-0.237049	-0.140806	-0.053544	-0.170293	0.102223	-0.082189	-0.208156	-0.094479	0.184516	-0.231149	0.002602	0.445259	
-0.059158	0.020715	-0.046981	0.150300	0.064336	-0.020142	-0.026630	-0.101071	-0.040884	-0.023609	-0.030446	-0.031467	0.100976	-0.071971	-0.002832	-0.091564	1.160738	-0.026215	-0.046724	0.146567	-0.059427	0.014842	-0.008580	-0.026906	-0.064488	-0.045864	-0.038716	-0.014637	-0.052039	0.045455	0.008541	-0.044115	-0.052640	-0.040267	-0.023127	0.030887	-0.014065	-0.008999	-0.055582	-0.026773	-0.081973	-0.014272	0.014400	0.063169	-0.045503	-0.044241	-0.023119	0.015140	0.023862	-0.037728	-0.015675	-0.009029	0.000889	0.077216	-0.015771	-0.052344	-0.038170	-0.061370	-0.029757	-0.090433	-0.083066	-0.018106	-0.025890	-0.075401	0.010729	-0.006971	0.075013	-0.046899	-0.013100	-0.039474	0.006159	0.019190	-0.042131	0.024961	-0.035615	0.009045	
-0.017049	-0.040938	-0.095945	-0.068704	-0.056766	-0.091512	-0.064562	-0.183577	0.009439	-0.011369	0.154064	-0.013992	-0.050386	0.069403	0.014677	-0.341962	-0.026215	1.257726	-0.086196	0.089282	-0.010892	0.047194	-0.023453	-0.083067	0.046329	-0.100046	0.025632	-0.035554	0.091417	-0.039591	-0.027947	0.005900	-0.033006	-0.086265	0.028532	0.022631	-0.010079	0.029413	-0.144558	-0.059863	-0.085536	0.057863	0.029061	-0.012448	-0.017010	0.093973	0.083258	0.070066	-0.038807	-0.022931	0.032560	-0.180721	-0.029357	0.025988	0.005495	-0.065990	-0.005824	0.002968	-0.032651	0.035479	-0.078019	-0.037282	0.046546	-0.110752	0.052144	-0.068103	-0.125206	0.128081	-0.091885	-0.052538	0.117138	-0.044413	-0.057624	-0.051714	0.056151	-0.150579	
-0.034608	-0.036457	-0.004730	-0.029645	0.000420	-0.033635	-0.012272	0.015666	0.012596	0.003762	-0.067375	-0.044595	0.062436	-0.036593	-0.046701	0.037763	-0.046724	-0.086196	0.845889	-0.092423	-0.033186	0.006013	-0.013319	0.014001	-0.014028	-0.016597	-0.023454	0.001816	-0.021019	0.013174	-0.021221	-0.017677	-0.042471	0.001771	-0.023435	0.037195	-0.015121	-0.018288	-0.008689	0.124267	-0.017420	-0.016035	-0.024545	0.005434	-0.042426	-0.043151	0.002598	-0.014495	-0.010392	-0.013245	0.003553	-0.032601	-0.088591	-0.059336	-0.007507	-0.021539	0.004330	-0.016881	0.041457	0.036755	0.002125	0.004008	0.011405	0.034561	-0.061699	-0.092914	-0.001049	0.108801	-0.006253	0.014022	-0.018551	-0.077356	-0.045771	0.008687	-0.050307	0.002441	
-0.008117	-0.036881	0.003393	-0.078677	0.006683	-0.071686	-0.019943	-0.145008	-0.122640	-0.016925	0.078128	-0.021322	-0.128660	0.180518	-0.055352	-0.035761	0.146567	0.089282	-0.092423	0.960143	-0.127457	-0.092334	-0.017475	0.148165	-0.104358	-0.120938	-0.063510	0.121680	-0.048826	-0.073285	-0.081294	0.061698	-0.062656	-0.044016	-0.028482	0.154402	0.060487	-0.068793	-0.091017	-0.099784	-0.123920	0.079435	0.013103	0.232596	-0.024392	0.126678	-0.122825	0.241284	-0.066214	-0.039104	-0.062066	-0.246498	-0.129558	0.178772	0.058863	-0.135193	-0.015459	0.060772	-0.041778	-0.055004	-0.120732	-0.049386	0.165754	-0.083873	-0.094163	0.133979	-0.148843	-0.027866	-0.155993	0.020184	0.290727	0.061130	0.026431	-0.095423	0.122618	-0.148227	
0.008373	-0.042391	0.008182	-0.044183	-0.042906	-0.048618	0.014298	-0.119695	0.016586	-0.000157	-0.030268	0.017574	0.120670	-0.007618	-0.027098	-0.247425	-0.059427	-0.010892	-0.033186	-0.127457	0.937111	-0.019999	-0.012179	-0.014922	0.077530	-0.021069	-0.002106	-0.060758	-0.042683	0.055900	-0.028165	-0.056380	-0.012437	-0.014920	0.033196	-0.045654	-0.047016	0.006525	-0.047844	-0.041033	-0.043297	-0.036120	-0.043127	0.016465	0.044252	0.006080	-0.024967	0.031542	0.004586	0.029881	0.054424	-0.112409	-0.023252	0.007984	-0.048928	-0.004093	0.034229	-0.008867	-0.056412	0.021761	0.026609	-0.010698	-0.071621	0.014654	0.039070	-0.057771	-0.015129	-0.020947	-0.051823	0.020581	-0.057546	-0.005298	-0.038024	0.023503	-0.007365	-0.085198	
-0.015813	-0.053556	-0.025924	0.014418	-0.087123	-0.031136	-0.033063	-0.052988	0.012016	-0.004563	-0.024961	-0.034761	-0.005405	-0.041460	0.020981	-0.063754	0.014842	0.047194	0.006013	-0.092334	-0.019999	0.713095	-0.000772	-0.000381	0.049462	0.031145	0.025415	-0.016553	0.043080	-0.040484	0.015608	0.013210	0.032900	-0.014924	-0.002554	-0.031326	-0.040263	-0.017839	-0.053878	0.008285	-0.006179	0.015712	-0.047441	-0.018756	0.006994	0.006453	0.017117	-0.023556	0.056266	-0.002484	0.030038	-0.103943	-0.041427	-0.019194	0.036607	-0.008186	-0.008253	-0.033685	-0.020214	0.040120	-0.023203	0.009981	-0.024415	-0.041597	0.019659	-0.064395	-0.027992	-0.044902	-0.051395	-0.003697	0.054579	-0.009829	-0.024692	-0.040890	-0.025337	-0.055091	
-0.010074	-0.032778	0.036253	-0.018360	0.069126	0.000823	-0.062210	0.098110	-0.012498	-0.051621	-0.048123	-0.020389	-0.035072	0.011470	0.053595	0.113916	-0.008580	-0.023453	-0.013319	-0.017475	-0.012179	-0.000772	1.244205	0.003759	-0.057157	0.034191	-0.013871	-0.015957	0.042269	-0.026848	-0.081389	0.048953	-0.018554	0.027070	-0.056018	-0.018193	-0.035512	0.025810	-0.022140	0.063007	-0.053133	-0.051907	0.028799	0.012327	-0.045930	-0.048099	-0.064868	-0.069327	-0.047049	-0.006529	-0.005385	-0.065196	-0.081589	-0.038271	-0.065223	-0.008158	-0.023864	-0.052140	-0.025725	-0.062215	-0.061939	0.008037	-0.027518	-0.055787	-0.021136	-0.014866	-0.077637	0.002640	-0.056610	-0.033739	-0.017202	0.024234	0.055245	0.026022	-0.018314	-0.060373	
-0.011216	-0.033632	-0.016566	-0.013092	-0.055024	-0.018328	0.000878	0.023575	-0.010496	0.069019	0.017002	-0.015022	-0.043439	-0.062976	0.105247	-0.149043	-0.026906	-0.083067	0.014001	0.148165	-0.014922	-0.000381	0.003759	0.689566	-0.007493	-0.048648	0.020249	-0.054346	0.015384	-0.001922	0.002517	-0.040030	0.004270	0.055959	0.058295	0.006855	-0.040225	-0.003140	-0.080428	-0.007455	-0.013245	-0.027506	-0.022896	0.004396	0.025469	0.002988	0.015729	-0.009334	-0.002931	0.017055	-0.013801	-0.071967	-0.053305	0.004006	0.053955	-0.040530	-0.006495	0.017487	-0.032304	-0.002216	-0.009109	-0.007224	-0.009177	-0.042384	-0.008120	-0.027224	-0.068355	-0.027251	-0.076943	0.060117	0.014445	-0.028306	-0.043111	-0.049762	0.011661	-0.059926	
-0.027115	-0.062635	-0.007746	-0.036537	-0.049516	-0.030122	-0.013591	-0.102813	0.017677	0.029744	0.003492	-0.042172	0.028654	-0.015215	0.049186	-0.157834	-0.064488	0.046329	-0.014028	-0.104358	0.077530	0.049462	-0.057157	-0.007493	0.956763	-0.022701	0.009913	-0.061271	-0.011927	-0.010118	0.033013	-0.042888	0.002288	0.021198	-0.011223	-0.037946	-0.016416	0.101083	-0.055028	-0.020606	-0.017745	-0.046482	0.002457	0.062632	0.004941	-0.016929	0.040414	-0.028136	-0.013310	-0.009675	0.018544	-0.095260	-0.080646	-0.050223	-0.064186	0.056008	-0.023734	-0.026499	-0.037463	0.048439	-0.027555	-0.022991	0.012460	-0.053314	0.034609	-0.034134	-0.091624	-0.073419	0.022465	0.014938	0.008122	-0.022842	-0.062127	0.017746	-0.024474	-0.092725	
-0.031580	0.015593	-0.023157	-0.049626	0.043736	0.066288	-0.076415	0.050984	-0.019903	-0.033782	-0.056846	0.032138	-0.042031	-0.022842	-0.065985	0.201866	-0.045864	-0.100046	-0.016597	-0.120938	-0.021069	0.031145	0.034191	-0.048648	-0.022701	1.091517	-0.033815	-0.039778	-0.022031	-0.013478	-0.004971	0.029930	-0.016025	0.030165	-0.008999	-0.058760	-0.049750	0.028144	-0.000401	-0.017585	0.026238	-0.063661	0.070476	0.028993	0.001519	-0.063309	-0.024036	-0.030873	-0.032303	-0.034059	0.018130	0.086170	-0.042835	-0.018090	-0.076502	0.046214	-0.016865	-0.010735	-0.061344	-0.026963	-0.063306	-0.057691	-0.058348	0.054038	-0.048165	-0.048848	0.020813	-0.043146	0.017799	-0.004329	-0.047399	-0.048888	0.066192	-0.075440	0.040094	-0.006480	
0.059713	-0.021642	0.017455	-0.037489	-0.062677	-0.053755	-0.007728	-0.107399	-0.014666	0.063207	-0.008958	-0.051111	-0.044991	-0.022338	-0.008424	-0.201137	-0.038716	0.025632	-0.023454	-0.063510	-0.002106	0.025415	-0.013871	0.020249	0.009913	-0.033815	0.670953	-0.009293	0.045494	-0.022211	-0.026834	-0.033291	0.044265	0.007100	0.027460	0.019190	-0.028942	0.021824	-0.055065	-0.003265	-0.010079	-0.021143	-0.064615	-0.011261	0.040924	0.035005	0.033527	-0.028018	-0.002987	0.053396	0.037770	-0.122448	0.004164	-0.032686	-0.001693	0.006949	-0.020174	0.016657	0.019323	0.003381	-0.014268	0.005494	-0.054135	-0.021696	0.040267	-0.007492	-0.063363	-0.004111	-0.046867	0.079010	0.006415	-0.028784	-0.071631	-0.050227	-0.042264	-0.082818	
-0.043109	0.008788	-0.012879	-0.060309	-0.007588	0.027835	-0.031138	-0.011680	-0.019842	-0.006767	0.003999	-0.030783	-0.011780	0.014000	-0.023954	-0.018748	-0.014637	-0.035554	0.001816	0.121680	-0.060758	-0.016553	-0.015957	-0.054346	-0.061271	-0.039778	-0.009293	1.080085	-0.029986	-0.057546	-0.036736	-0.015240	-0.000267	-0.021047	-0.020005	0.001253	-0.021002	0.004653	-0.026141	0.023569	-0.007984	-0.061475	-0.008309	-0.004034	-0.014503	-0.014070	0.009616	0.055922	-0.015527	-0.036936	-0.010482	-0.026701	-0.034137	0.037830	-0.058321	0.020732	-0.036060	-0.060405	-0.018313	0.014024	-0.030714	0.002624	0.029461	-0.001027	-0.038717	-0.026017	0.023240	-0.048297	-0.013927	-0.066961	0.026622	-0.002487	-0.020870	-0.057190	-0.030004	0.040037	
0.013329	-0.072924	-0.020635	-0.076270	-0.059286	0.015590	-0.033438	-0.071851	-0.007934	0.021591	-0.003643	-0.026297	-0.032032	0.043441	-0.005536	-0.134985	-0.052039	0.091417	-0.021019	-0.048826	-0.042683	0.043080	0.042269	0.015384	-0.011927	-0.022031	0.045494	-0.029986	0.780951	-0.045235	-0.007502	0.026310	0.011409	-0.022246	-0.005699	-0.003776	0.024319	-0.053660	-0.028301	-0.023950	-0.001530	0.028221	0.011935	-0.010013	-0.026524	0.015647	0.017362	-0.019532	0.014560	-0.001116	-0.017000	-0.132246	-0.067588	-0.016942	-0.051118	-0.033683	0.000193	0.018722	-0.015279	0.009509	-0.010210	0.101338	-0.030238	-0.030866	0.068278	-0.024493	-0.077308	0.028179	-0.027867	0.015722	-0.025746	-0.019345	-0.041203	-0.036783	-0.014761	-0.072821	
-0.008499	0.000288	-0.038451	0.062961	-0.011079	-0.044228	-0.052595	-0.029916	0.011238	0.001649	-0.016557	-0.006424	-0.003288	-0.072816	-0.018041	-0.109862	0.045455	-0.039591	0.013174	-0.073285	0.055900	-0.040484	-0.026848	-0.001922	-0.010118	-0.013478	-0.022211	-0.057546	-0.045235	0.917094	-0.018208	-0.032722	-0.012348	0.000894	-0.033613	0.000094	-0.009839	-0.058517	-0.058563	0.013835	-0.062306	-0.003325	0.011669	0.016879	-0.052799	-0.023269	0.072494	-0.034792	-0.027851	-0.029359	0.009772	-0.043243	0.007597	0.009024	-0.012018	-0.039748	-0.016785	-0.018799	0.019909	-0.032082	-0.011018	-0.009109	-0.012605	-0.020521	-0.049409	-0.066577	0.058124	-0.054052	0.022835	-0.009751	-0.018537	0.055651	-0.052395	0.039218	0.009821	-0.049219	
-0.029888	-0.069810	-0.014734	-0.035386	-0.037616	0.006116	-0.039432	-0.132210	0.013437	0.032413	0.032283	-0.011342	0.018671	-0.015907	0.005602	-0.126428	0.008541	-0.027947	-0.021221	-0.081294	-0.028165	0.015608	-0.081389	0.002517	0.033013	-0.004971	-0.026834	-0.036736	-0.007502	-0.018208	0.994177	-0.088575	0.024934	0.003707	-0.038742	-0.048941	-0.003632	0.008723	0.017720	-0.019722	-0.019699	-0.025689	-0.060537	-0.063744	-0.031976	-0.045587	0.010867	-0.004781	0.046230	0.020704	-0.002000	-0.079455	0.035416	0.001831	-0.003823	-0.015527	-0.030700	0.019592	-0.039022	0.044682	-0.008656	0.003817	-0.001298	0.012593	0.038328	-0.024178	-0.030978	-0.045048	-0.024665	-0.008322	-0.019640	0.052617	-0.048394	-0.074439	0.000884	-0.076488	
-0.050192	-0.035438	-0.016821	-0.001629	0.083729	0.081224	-0.018055	0.226638	-0.009855	-0.083827	-0.100797	0.016591	-0.058905	0.003185	-0.061584	0.714753	-0.044115	0.005900	-0.017677	0.061698	-0.056380	0.013210	0.048953	-0.040030	-0.042888	0.029930	-0.033291	-0.015240	0.026310	-0.032722	-0.088575	1.267949	-0.031733	0.062467	-0.009942	0.020866	-0.015542	-0.019166	0.038139	-0.064284	-0.073531	-0.072442	0.057067	-0.072091	-0.073809	-0.083862	-0.079753	0.032387	-0.054254	-0.095765	-0.046089	0.226519	-0.058472	-0.013948	-0.071453	-0.047195	0.083837	-0.054097	-0.096599	-0.010010	-0.035999	-0.073160	-0.020743	0.028875	-0.049720	0.013011	-0.024334	-0.035633	0.011822	-0.008700	-0.096832	-0.009592	0.070721	-0.053772	-0.030627	0.027615	
-0.018599	-0.016555	0.017128	-0.036492	-0.079954	-0.023853	-0.038470	-0.111022	0.006502	0.058320	0.015818	0.022733	-0.013729	0.016881	-0.032076	-0.198244	-0.052640	-0.033006	-0.042471	-0.062656	-0.012437	0.032900	-0.018554	0.004270	0.002288	-0.016025	0.044265	-0.000267	0.011409	-0.012348	0.024934	-0.031733	0.966810	-0.033194	-0.007734	-0.025035	-0.015795	0.003084	-0.008909	0.028549	0.013064	-0.003923	-0.036811	-0.026433	-0.015275	-0.049306	-0.005477	-0.041637	0.008916	0.003917	-0.020025	-0.098749	-0.004921	0.025014	-0.009265	-0.057332	-0.063724	0.003434	-0.057146	0.047129	-0.043116	-0.001419	-0.025199	-0.058523	0.043920	-0.038426	-0.004800	-0.009989	-0.010317	0.035983	-0.027069	-0.040847	0.022007	-0.047835	-0.038529	-0.084451	
-0.021089	-0.022925	-0.035506	-0.021811	-0.018741	0.080436	-0.040619	0.018188	0.007530	0.004502	-0.032443	-0.065143	-0.020125	-0.039267	-0.023152	0.022030	-0.040267	-0.086265	0.001771	-0.044016	-0.014920	-0.014924	0.027070	0.055959	0.021198	0.030165	0.007100	-0.021047	-0.022246	0.000894	0.003707	0.062467	-0.033194	0.876614	0.036829	-0.002690	-0.016063	-0.033596	-0.019393	-0.030251	-0.015344	0.041492	0.003161	-0.037273	0.040175	-0.013727	-0.003797	-0.001417	0.035482	-0.032549	0.000150	-0.079284	-0.068495	-0.006572	-0.006227	-0.006274	-0.048186	-0.052361	-0.041789	0.028275	-0.007316	0.016912	-0.049289	0.019577	-0.006804	-0.081869	-0.056903	-0.039041	-0.021022	-0.036457	-0.023547	0.009213	0.012597	-0.069566	-0.027295	-0.052596	
-0.029926	0.005735	-0.028087	0.012882	-0.089606	-0.050743	-0.023607	-0.050110	0.042762	0.027259	0.021120	-0.018233	-0.064613	-0.015684	0.093024	-0.168799	-0.023127	0.028532	-0.023435	-0.028482	0.033196	-0.002554	-0.056018	0.058295	-0.011223	-0.008999	0.027460	-0.020005	-0.005699	-0.033613	-0.038742	-0.009942	-0.007734	0.036829	0.904822	0.013687	-0.037116	-0.000424	-0.047182	0.005619	-0.059159	-0.009251	-0.113162	-0.066199	0.056996	-0.010191	-0.018985	-0.006851	0.036520	0.051486	-0.011878	-0.053208	-0.085960	-0.037922	0.054761	0.014050	0.028440	-0.048672	0.010479	0.056192	-0.025235	0.012092	-0.078035	0.026798	-0.003015	-0.076257	-0.044935	-0.002519	-0.074491	0.003371	-0.019494	-0.030393	-0.029123	-0.017608	-0.056977	-0.073633	
-0.055817	-0.023430	0.001099	0.044923	0.008373	-0.022864	-0.081375	0.001455	-0.056722	0.014042	0.043438	-0.058424	-0.015062	0.040761	-0.028891	-0.149287	0.030887	0.022631	0.037195	0.154402	-0.045654	-0.031326	-0.018193	0.006855	-0.037946	-0.058760	0.019190	0.001253	-0.003776	0.000094	-0.048941	0.020866	-0.025035	-0.002690	0.013687	0.928980	0.020409	-0.006728	-0.082802	-0.011530	-0.012081	0.029899	-0.031846	-0.026818	-0.012837	0.033855	0.000592	-0.006837	-0.007102	-0.059856	0.000127	-0.100105	-0.059794	0.039312	-0.008175	-0.031898	-0.029950	-0.028316	0.045401	0.000584	-0.058704	0.033501	-0.028545	-0.060945	0.025691	0.026478	0.038464	-0.034502	-0.083163	-0.022221	-0.003836	-0.023568	-0.059305	-0.029336	-0.023679	-0.052815	
0.035203	-0.039772	0.003836	-0.049335	-0.038317	-0.014415	0.044859	0.077359	-0.064535	-0.049550	-0.018323	-0.024723	-0.041859	-0.008488	-0.052554	0.200295	-0.014065	-0.010079	-0.015121	0.060487	-0.047016	-0.040263	-0.035512	-0.040225	-0.016416	-0.049750	-0.028942	-0.021002	0.024319	-0.009839	-0.003632	-0.015542	-0.015795	-0.016063	-0.037116	0.020409	1.045744	-0.085392	0.033956	-0.056281	-0.015293	-0.020115	-0.014823	-0.050944	-0.058929	-0.046049	0.013202	-0.044498	-0.005601	-0.039251	-0.036657	0.144463	0.004781	-0.036302	-0.013980	-0.054575	-0.018853	0.034888	-0.019127	-0.037178	0.100409	-0.020614	0.047981	0.010836	-0.042547	-0.027838	0.001251	-0.003022	0.022202	-0.020350	-0.020953	-0.026085	-0.058372	-0.032784	-0.012770	0.074179	
-0.042942	-0.002524	-0.048170	-0.055248	-0.057891	-0.030459	-0.022855	-0.037546	0.052563	-0.016568	-0.012732	-0.011735	-0.043395	-0.011135	0.020782	-0.277968	-0.008999	0.029413	-0.018288	-0.068793	0.006525	-0.017839	0.025810	-0.003140	0.101083	0.028144	0.021824	0.004653	-0.053660	-0.058517	0.008723	-0.019166	0.003084	-0.033596	-0.000424	-0.006728	-0.085392	0.985102	-0.082307	0.004240	-0.011876	0.023367	-0.030792	0.010965	0.012917	0.057526	-0.044069	0.014305	-0.021871	-0.016252	-0.041259	-0.145792	0.012336	-0.067831	-0.037847	0.025816	0.020981	0.003895	-0.050053	-0.004907	-0.038059	-0.029863	0.014166	-0.023808	0.018031	-0.054148	-0.029050	-0.008586	-0.034977	-0.025641	0.038493	-0.038701	-0.067616	0.003457	0.057425	-0.074846	
0.017875	-0.029113	0.006070	-0.026123	0.027015	0.134051	0.049496	0.286096	-0.048498	-0.106856	-0.071799	0.007867	-0.071380	-0.002611	-0.047981	0.687658	-0.055582	-0.144558	-0.008689	-0.091017	-0.047844	-0.053878	-0.022140	-0.080428	-0.055028	-0.000401	-0.055065	-0.026141	-0.028301	-0.058563	0.017720	0.038139	-0.008909	-0.019393	-0.047182	-0.082802	0.033956	-0.082307	1.138296	-0.050445	-0.028563	-0.094248	0.017095	-0.051879	-0.005276	-0.066123	-0.039531	-0.096584	-0.016601	-0.019063	-0.053480	0.221681	-0.018162	0.003037	0.011909	-0.000241	0.097084	-0.072703	-0.105056	-0.024272	0.065677	-0.033012	-0.032925	0.139045	-0.014619	-0.025922	0.002609	-0.037764	-0.013245	-0.001561	-0.056340	-0.013047	-0.009910	-0.060254	-0.058432	0.121786	
-0.013967	-0.027737	0.009026	-0.025800	-0.047357	-0.010202	0.054260	-0.089797	-0.011535	-0.011570	-0.000626	-0.022537	0.098705	0.026986	-0.009041	-0.179085	-0.026773	-0.059863	0.124267	-0.099784	-0.041033	0.008285	0.063007	-0.007455	-0.020606	-0.017585	-0.003265	0.023569	-0.023950	0.013835	-0.019722	-0.064284	0.028549	-0.030251	0.005619	-0.011530	-0.056281	0.004240	-0.050445	0.826476	-0.061837	-0.015773	-0.025722	-0.007596	-0.030773	0.028996	-0.014576	0.006948	0.017276	0.015323	-0.043753	-0.091461	-0.055469	-0.050058	-0.033857	-0.005010	-0.048929	-0.043760	-0.016186	-0.017254	0.004322	0.021810	-0.054025	-0.048042	-0.009049	-0.043872	0.057879	0.014794	-0.011696	-0.063399	-0.052226	-0.068717	0.012094	0.106140	-0.025917	-0.046969	
-0.013371	-0.090597	-0.022070	-0.028898	-0.068224	0.075601	-0.022446	-0.014568	0.012320	0.029937	0.036693	0.052226	-0.025888	-0.008862	-0.071466	0.059349	-0.081973	-0.085536	-0.017420	-0.123920	-0.043297	-0.006179	-0.053133	-0.013245	-0.017745	0.026238	-0.010079	-0.007984	-0.001530	-0.062306	-0.019699	-0.073531	0.013064	-0.015344	-0.059159	-0.012081	-0.015293	-0.011876	-0.028563	-0.061837	1.055251	-0.041236	-0.022604	-0.001706	-0.002289	0.027422	-0.007566	-0.030125	-0.041691	-0.023312	0.043627	-0.029807	-0.042207	-0.015436	0.006112	-0.033976	0.044456	0.049250	-0.007827	-0.047519	0.072467	-0.068032	-0.027428	0.001734	-0.019956	-0.006458	-0.018894	-0.011657	-0.072503	0.001126	-0.008869	0.022603	-0.028599	0.030765	-0.036098	0.015980	
-0.017157	-0.082498	0.005928	-0.039273	-0.047963	-0.067345	-0.071576	-0.098813	0.042893	-0.008495	0.052262	-0.008884	-0.046865	0.097656	-0.044045	-0.263401	-0.014272	0.057863	-0.016035	0.079435	-0.036120	0.015712	-0.051907	-0.027506	-0.046482	-0.063661	-0.021143	-0.061475	0.028221	-0.003325	-0.025689	-0.072442	-0.003923	0.041492	-0.009251	0.029899	-0.020115	0.023367	-0.094248	-0.015773	-0.041236	0.930570	-0.047822	0.045844	0.002781	0.024574	-0.003500	0.050769	0.014588	-0.027557	-0.028419	-0.073994	-0.023101	0.015212	0.012986	-0.003532	-0.059507	0.076364	0.019717	-0.020372	0.010000	0.066722	0.022951	-0.061191	0.011113	0.051071	-0.013627	-0.002692	-0.104517	-0.028232	0.067386	-0.039647	-0.035222	-0.076526	-0.027296	-0.062040	
-0.024625	-0.045864	-0.032986	-0.086465	-0.013998	0.035966	-0.057855	0.131210	-0.051196	-0.055845	-0.007945	0.020959	-0.040589	-0.027464	-0.065992	0.275728	0.014400	0.029061	-0.024545	0.013103	-0.043127	-0.047441	0.028799	-0.022896	0.002457	0.070476	-0.064615	-0.008309	0.011935	0.011669	-0.060537	0.057067	-0.036811	0.003161	-0.113162	-0.031846	-0.014823	-0.030792	0.017095	-0.025722	-0.022604	-0.047822	1.150356	0.073007	-0.033119	-0.034157	-0.036652	0.021778	-0.046976	-0.015806	-0.030145	-0.002682	0.014266	0.011995	-0.029912	0.005493	-0.047691	-0.054595	-0.042171	-0.058053	-0.058204	-0.005535	0.006402	-0.049344	-0.107936	0.099750	-0.045411	-0.052110	0.017506	0.001273	-0.044476	0.009473	0.066422	-0.044597	0.049945	0.016593	
-0.050567	-0.064229	0.026373	-0.016627	-0.018558	-0.055490	-0.054726	-0.109057	-0.042688	-0.035882	0.042669	0.007602	-0.014871	-0.051099	-0.038311	-0.142735	0.063169	-0.012448	0.005434	0.232596	0.016465	-0.018756	0.012327	0.004396	0.062632	0.028993	-0.011261	-0.004034	-0.010013	0.016879	-0.063744	-0.072091	-0.026433	-0.037273	-0.066199	-0.026818	-0.050944	0.010965	-0.051879	-0.007596	-0.001706	0.045844	0.073007	1.052524	-0.023621	-0.051678	-0.042724	0.043645	-0.051911	-0.008158	0.019421	-0.014069	0.013894	0.059544	-0.073516	-0.024660	-0.059090	-0.056032	-0.016269	-0.030759	-0.074974	-0.027011	0.013980	0.025734	0.004349	-0.031548	-0.006831	-0.038218	0.024936	-0.059724	0.018561	0.015242	-0.046272	-0.027535	-0.017036	-0.044390	
-0.024750	-0.063549	0.007502	-0.019522	-0.082640	-0.058582	-0.010463	-0.134290	-0.010174	0.061696	0.005692	0.039892	-0.001453	-0.053127	0.034612	-0.212024	-0.045503	-0.017010	-0.042426	-0.024392	0.044252	0.006994	-0.045930	0.025469	0.004941	0.001519	0.040924	-0.014503	-0.026524	-0.052799	-0.031976	-0.073809	-0.015275	0.040175	0.056996	-0.012837	-0.058929	0.012917	-0.005276	-0.030773	-0.002289	0.002781	-0.033119	-0.023621	0.870429	0.003054	0.049881	-0.034539	0.018552	0.025824	0.058903	-0.072860	-0.028466	0.009909	0.000751	-0.009918	-0.030578	-0.003368	0.039963	-0.001594	-0.024252	-0.009954	-0.053698	-0.037485	0.033727	0.007844	-0.042917	-0.065456	-0.086242	-0.020970	-0.043585	-0.031875	0.035605	-0.020315	-0.023011	-0.028554	
0.008507	-0.037965	0.015478	-0.086358	-0.082529	-0.057162	-0.038150	-0.170428	0.045806	-0.032719	0.058233	0.017325	-0.043199	0.023528	-0.016198	-0.220457	-0.044241	0.093973	-0.043151	0.126678	0.006080	0.006453	-0.048099	0.002988	-0.016929	-0.063309	0.035005	-0.014070	0.015647	-0.023269	-0.045587	-0.083862	-0.049306	-0.013727	-0.010191	0.033855	-0.046049	0.057526	-0.066123	0.028996	0.027422	0.024574	-0.034157	-0.051678	0.003054	0.854166	0.022075	0.006457	-0.006706	-0.016177	-0.003595	-0.067692	-0.025328	0.006368	-0.047321	-0.046538	0.018264	0.025460	0.027932	-0.017360	-0.050217	0.024787	0.039557	-0.028329	-0.024825	0.086603	-0.065305	-0.015286	-0.088850	-0.034427	0.047813	0.079462	-0.054469	-0.018364	0.033042	-0.036502	
-0.016748	-0.016209	-0.027266	-0.004342	-0.057421	-0.039172	-0.021385	-0.141465	0.050721	-0.017506	-0.006312	-0.030507	-0.042750	-0.029599	-0.026334	-0.179281	-0.023119	0.083258	0.002598	-0.122825	-0.024967	0.017117	-0.064868	0.015729	0.040414	-0.024036	0.033527	0.009616	0.017362	0.072494	0.010867	-0.079753	-0.005477	-0.003797	-0.018985	0.000592	0.013202	-0.044069	-0.039531	-0.014576	-0.007566	-0.003500	-0.036652	-0.042724	0.049881	0.022075	0.851015	-0.022860	0.010977	0.056719	0.018039	-0.111883	0.025005	-0.040234	0.061080	-0.028651	-0.038202	-0.005826	0.054153	0.034051	0.019477	0.010011	-0.016948	-0.013110	0.006225	-0.073462	-0.080043	-0.048848	-0.053049	0.025169	-0.011670	-0.022921	-0.079466	-0.047280	-0.066186	-0.035599	
-0.052951	-0.062827	0.007136	-0.039759	-0.036827	-0.003437	-0.034883	-0.107315	-0.043476	-0.061681	0.045321	-0.035516	-0.023593	0.077551	-0.012819	-0.183923	0.015140	0.070066	-0.014495	0.241284	0.031542	-0.023556	-0.069327	-0.009334	-0.028136	-0.030873	-0.028018	0.055922	-0.019532	-0.034792	-0.004781	0.032387	-0.041637	-0.001417	-0.006851	-0.006837	-0.044498	0.014305	-0.096584	0.006948	-0.030125	0.050769	0.021778	0.043645	-0.034539	0.006457	-0.022860	0.776838	0.035524	-0.028395	-0.015210	-0.066264	-0.041811	0.024251	-0.050637	0.012820	0.015948	-0.005341	-0.002662	0.013953	-0.071593	-0.013013	0.078419	-0.051405	-0.037079	0.037160	-0.042411	-0.019371	-0.069426	-0.035846	0.040043	0.013714	0.028891	0.007208	-0.001609	-0.051410	
0.000679	-0.080178	0.007680	-0.043088	-0.046171	-0.029285	-0.025640	-0.123877	0.053224	0.058258	-0.006272	-0.033721	-0.019167	-0.002717	0.027016	-0.204591	0.023862	-0.038807	-0.010392	-0.066214	0.004586	0.056266	-0.047049	-0.002931	-0.013310	-0.032303	-0.002987	-0.015527	0.014560	-0.027851	0.046230	-0.054254	0.008916	0.035482	0.036520	-0.007102	-0.005601	-0.021871	-0.016601	0.017276	-0.041691	0.014588	-0.046976	-0.051911	0.018552	-0.006706	0.010977	0.035524	0.665663	0.031278	-0.025503	-0.080634	-0.074601	-0.029915	-0.023700	-0.018013	-0.012120	0.003324	-0.047419	0.092501	-0.029112	0.057192	-0.014282	-0.012555	0.011871	-0.006614	-0.001870	0.021652	-0.083068	0.005441	-0.021384	-0.024819	0.039750	-0.061170	-0.052800	-0.043580	
0.045689	-0.061228	0.014460	-0.019215	-0.049159	-0.039183	-0.027267	-0.101743	0.007686	0.019072	-0.015617	-0.019554	0.076182	-0.025711	0.021505	-0.186980	-0.037728	-0.022931	-0.013245	-0.039104	0.029881	-0.002484	-0.006529	0.017055	-0.009675	-0.034059	0.053396	-0.036936	-0.001116	-0.029359	0.020704	-0.095765	0.003917	-0.032549	0.051486	-0.059856	-0.039251	-0.016252	-0.019063	0.015323	-0.023312	-0.027557	-0.015806	-0.008158	0.025824	-0.016177	0.056719	-0.028395	0.031278	0.883995	0.025341	-0.075399	-0.046623	-0.006949	0.066976	-0.066608	-0.032821	-0.013535	0.021904	0.010775	-0.017549	0.001852	-0.043567	-0.016904	-0.009808	0.007714	-0.075603	-0.002053	-0.003450	0.003933	-0.050495	-0.015126	-0.055496	-0.019900	-0.057424	-0.068624	
-0.012582	-0.047704	-0.013063	-0.038353	-0.036518	-0.041370	-0.012337	-0.052915	0.025675	-0.012031	0.006105	-0.060581	0.006114	0.008259	-0.008784	-0.154136	-0.015675	0.032560	0.003553	-0.062066	0.054424	0.030038	-0.005385	-0.013801	0.018544	0.018130	0.037770	-0.010482	-0.017000	0.009772	-0.002000	-0.046089	-0.020025	0.000150	-0.011878	0.000127	-0.036657	-0.041259	-0.053480	-0.043753	0.043627	-0.028419	-0.030145	0.019421	0.058903	-0.003595	0.018039	-0.015210	-0.025503	0.025341	0.743640	-0.013748	-0.070636	0.125356	-0.042470	-0.039373	-0.031609	-0.030807	0.029055	0.034348	-0.037596	-0.015880	0.019612	-0.044365	0.017116	-0.013630	-0.056556	-0.060155	-0.026382	-0.025973	0.027150	-0.020659	-0.029537	-0.065207	0.035675	-0.084975	
-0.056829	0.095764	0.017571	0.104384	0.127552	0.137971	0.064862	0.457985	-0.088882	-0.117779	-0.082482	0.128386	-0.082491	-0.182337	-0.077882	0.743674	-0.009029	-0.180721	-0.032601	-0.246498	-0.112409	-0.103943	-0.065196	-0.071967	-0.095260	0.086170	-0.122448	-0.026701	-0.132246	-0.043243	-0.079455	0.226519	-0.098749	-0.079284	-0.053208	-0.100105	0.144463	-0.145792	0.221681	-0.091461	-0.029807	-0.073994	-0.002682	-0.014069	-0.072860	-0.067692	-0.111883	-0.066264	-0.080634	-0.075399	-0.013748	1.384599	0.017295	-0.074509	-0.096125	-0.042198	0.142800	-0.139487	-0.124420	-0.096304	0.079966	-0.127011	-0.043016	0.076284	-0.054522	-0.034541	0.105255	0.005934	0.161854	-0.067979	-0.143872	-0.047764	-0.013286	-0.065536	-0.040883	0.359036	
-0.029797	0.176710	-0.031602	0.007329	0.112362	-0.073804	0.041077	-0.056425	-0.065594	-0.085894	-0.008296	0.007110	0.006790	-0.092098	-0.097942	-0.138067	0.000889	-0.029357	-0.088591	-0.129558	-0.023252	-0.041427	-0.081589	-0.053305	-0.080646	-0.042835	0.004164	-0.034137	-0.067588	0.007597	0.035416	-0.058472	-0.004921	-0.068495	-0.085960	-0.059794	0.004781	0.012336	-0.018162	-0.055469	-0.042207	-0.023101	0.014266	0.013894	-0.028466	-0.025328	0.025005	-0.041811	-0.074601	-0.046623	-0.070636	0.017295	1.431896	-0.070248	0.102489	0.049846	-0.040160	-0.057258	-0.085283	-0.086133	0.011453	-0.069168	0.037613	-0.037889	0.034469	-0.026755	0.145721	-0.021867	0.183797	-0.016296	-0.091221	-0.044014	-0.025922	-0.031152	-0.067318	0.066932	
-0.019321	-0.030596	-0.025502	-0.016209	-0.051353	-0.061796	-0.049545	-0.046122	-0.061181	-0.043689	0.044788	-0.031240	-0.016882	0.069208	0.025838	-0.142434	0.077216	0.025988	-0.059336	0.178772	0.007984	-0.019194	-0.038271	0.004006	-0.050223	-0.018090	-0.032686	0.037830	-0.016942	0.009024	0.001831	-0.013948	0.025014	-0.006572	-0.037922	0.039312	-0.036302	-0.067831	0.003037	-0.050058	-0.015436	0.015212	0.011995	0.059544	0.009909	0.006368	-0.040234	0.024251	-0.029915	-0.006949	0.125356	-0.074509	-0.070248	0.796638	0.000560	-0.083073	0.002257	-0.013753	-0.015285	0.003969	-0.106516	-0.047909	0.039997	-0.089146	-0.007458	-0.014382	-0.022303	-0.009403	-0.082656	-0.014087	0.027711	0.071202	0.034686	-0.025691	0.026114	-0.085778	
