1.033268	0.030691	0.023154	-0.015695	-0.021793	-0.010237	-0.011171	-0.018447	-0.008975	-0.008828	-0.010537	-0.012113	0.010662	-0.019640	-0.006004	-0.009381	-0.006993	-0.015375	-0.013513	-0.009468	-0.009574	-0.012094	-0.010068	-0.011724	-0.008764	-0.020639	-0.016630	-0.014994	-0.016255	-0.014245	-0.005212	-0.018175	-0.019998	-0.010432	-0.011621	-0.008768	-0.012062	-0.011545	-0.008691	0.005385	0.004410	0.003617	0.011839	0.019442	0.016230	-0.015648	0.004411	0.006923	0.024283	0.014061	0.014781	0.021349	0.014058	-0.005962	-0.004823	-0.007158	-0.017938	0.009835	0.001351	-0.004323	0.010158	0.009099	-0.017552	-0.013613	-0.007808	-0.008631	-0.019349	-0.010370	-0.011657	0.014234	0.013633	0.013060	-0.008107	-0.017094	-0.016583	-0.007850	-0.008922	-0.004639	-0.019460	-0.010154	-0.012409	-0.013691	-0.010893	-0.008814	-0.015408	0.015881	0.014761	0.010256	-0.001434	0.010105	0.005713	-0.014684	-0.017339	-0.009605	-0.011485	-0.008189	0.007074	-0.006346	0.003224	0.001104	0.003617	0.007248	-0.018680	-0.014024	-0.012616	-0.009601	-0.009479	-0.008542	-0.008948	-0.010102	-0.008710	-0.008395	-0.019966	-0.011091	-0.012550	-0.016766	-0.018527	-0.018041	-0.015744	-0.007837	-0.008510	-0.008718	-0.017830	-0.017653	-0.013940	-0.018851	-0.021354	0.036633	-0.006702	-0.065260	-0.011860	-0.041212	0.004995	0.004231	-0.072250	-0.013010	-0.013089	-0.122368	0.019149	-0.019955	-0.066847	-0.013199	-0.077613	-0.079919	-0.418485	0.008525	-0.470513	0.013114	-0.009178	0.013317	-0.013094	0.001167	-0.012338	0.006597	-0.129541	0.034677	-0.040900	-0.012574	-0.016026	-0.009821	0.005326	-0.010702	-0.225906	-0.203735	-0.011848	-0.043611	-0.028154	-0.012636	-0.050666	-0.083602	-0.211684	-0.011683	-0.145087	0.029461	-0.120375	-0.017504	0.033654	-0.041151	-0.053802	-0.022418	-0.201049	0.002385	-0.010653	-0.156899	0.008659	-0.009686	0.024707	0.022604	0.030236	-0.128545	0.023909	-0.011350	-0.132881	-0.002788	0.007986	-0.012141	0.011148	-0.094322	-0.071830	-0.118385	-0.075480	-0.173155	-0.027296	
0.030691	1.032481	0.020816	-0.016060	-0.016629	-0.007752	-0.009178	-0.014334	-0.007920	-0.007466	-0.010516	-0.010994	0.005440	-0.015251	-0.004575	-0.007197	-0.007776	-0.015196	-0.009642	-0.010391	-0.007374	-0.013455	-0.008280	-0.010736	-0.008835	-0.016808	-0.014936	-0.013551	-0.014958	-0.012242	-0.002892	-0.017670	-0.017456	-0.008935	-0.009204	-0.006250	-0.009498	-0.008637	-0.007648	0.002534	0.002468	-0.000657	0.012388	0.017874	0.015522	-0.011599	0.005750	0.005587	0.018837	0.010977	0.006923	0.016187	0.010407	-0.004942	-0.005550	-0.007828	-0.017124	0.007808	-0.000009	-0.002421	0.007615	0.004743	-0.015878	-0.011544	-0.009610	-0.008004	-0.018572	-0.009033	-0.010487	0.010715	0.007685	0.009018	-0.008916	-0.015368	-0.015985	-0.007075	-0.008491	-0.005372	-0.017827	-0.010795	-0.012786	-0.010589	-0.007425	-0.005561	-0.013602	0.012770	0.011664	0.008597	-0.003365	0.005530	0.004172	-0.012615	-0.016684	-0.007381	-0.004085	-0.007949	0.006129	-0.001096	0.004208	-0.001481	0.001086	0.004558	-0.016715	-0.014898	-0.014007	-0.010358	-0.007341	-0.007307	-0.006072	-0.008881	-0.006678	-0.009440	-0.017147	-0.008162	-0.009756	-0.014023	-0.015183	-0.016262	-0.015798	-0.005074	-0.006792	-0.008731	-0.016512	-0.015974	-0.013515	-0.016509	-0.017450	0.020823	-0.010209	-0.074623	-0.013975	-0.038739	0.002258	-0.000076	-0.065333	-0.007739	-0.009840	-0.127226	0.013323	-0.017540	-0.075757	-0.014127	-0.067446	-0.081447	-0.427888	0.000387	-0.472225	0.009356	-0.008687	0.004484	-0.014699	0.016978	-0.010367	0.003971	-0.132224	0.027382	-0.042935	-0.011212	-0.015345	-0.012263	0.000901	-0.009725	-0.229730	-0.199162	0.024858	-0.047893	-0.032656	-0.014535	-0.055003	-0.082803	-0.210820	-0.008029	-0.143073	0.025357	-0.120066	-0.018129	0.027817	-0.037603	-0.055707	-0.018777	-0.201469	0.000392	-0.011043	-0.160010	0.009963	-0.012344	0.017267	0.017639	0.029273	-0.127424	0.017592	-0.010524	-0.137072	-0.006212	0.003679	-0.010905	0.008989	-0.100213	-0.074957	-0.114822	-0.071004	-0.172834	-0.028194	
0.023154	0.020816	0.934991	-0.004508	-0.006211	-0.018543	-0.016716	-0.003795	-0.015655	-0.013500	-0.004748	-0.006738	0.016745	-0.009838	-0.013642	-0.014763	-0.012588	-0.004936	-0.018508	-0.018021	-0.015699	-0.003869	-0.020267	-0.017169	-0.017483	-0.010678	-0.008939	-0.003287	-0.004682	-0.000955	-0.015584	-0.007448	-0.007825	-0.018468	-0.016750	-0.017657	-0.017979	-0.018504	-0.015593	0.002141	-0.000515	0.000504	0.004813	0.012260	0.006963	-0.005041	0.013656	0.018433	0.027422	0.024372	0.007229	0.014510	0.006606	-0.015259	-0.013933	-0.014515	-0.006681	0.018835	0.012897	0.008999	0.020717	0.016972	-0.004598	-0.005346	-0.010985	-0.009215	-0.008306	-0.019012	-0.019000	0.006047	0.006120	0.003774	-0.016319	-0.005616	-0.004418	-0.011942	-0.016069	-0.011200	-0.010732	-0.015338	-0.018651	-0.021293	-0.017223	-0.015788	-0.007176	0.023516	0.021778	0.019815	0.003465	0.014761	0.012310	-0.005654	-0.005905	-0.016983	-0.017444	-0.014317	0.000289	-0.011453	-0.003297	0.007693	0.014732	0.009173	-0.005927	-0.003605	-0.004838	-0.014246	-0.011618	-0.011634	-0.012703	-0.014017	-0.014351	-0.013197	-0.009230	-0.017904	-0.016294	-0.003655	-0.008393	-0.007730	-0.004286	-0.017194	-0.016527	-0.015600	-0.007544	-0.006162	-0.017835	-0.009217	-0.008534	0.031270	-0.002928	-0.065891	-0.014041	-0.036879	0.005986	0.001120	-0.067352	-0.010175	-0.013203	-0.126638	0.014168	-0.017477	-0.075525	-0.008859	-0.079056	-0.078494	-0.428950	0.003922	-0.469989	0.011774	-0.010815	0.010778	-0.010215	-0.009552	-0.014595	0.010503	-0.129029	0.034550	-0.044638	-0.012170	-0.016905	-0.009993	0.008208	-0.010600	-0.232284	-0.206066	-0.020890	-0.042423	-0.027061	-0.011709	-0.053498	-0.086248	-0.214325	-0.012239	-0.147594	0.033103	-0.124919	-0.019044	0.034076	-0.037912	-0.049604	-0.022594	-0.202776	-0.001621	-0.013429	-0.157174	0.009874	-0.008356	0.025415	0.018536	0.028815	-0.129948	0.020028	-0.010497	-0.133899	-0.007305	0.006066	-0.012999	0.009230	-0.100316	-0.074649	-0.116718	-0.073155	-0.179015	-0.029292	
-0.015695	-0.016060	-0.004508	0.899865	0.018668	0.002982	0.007551	0.010226	-0.004486	-0.001587	0.005553	0.006454	-0.011290	0.011419	-0.002527	-0.006680	-0.002163	0.009635	-0.001778	-0.001235	-0.000958	0.008724	-0.003614	-0.002974	-0.002851	0.010589	0.010403	0.008147	0.007215	0.011291	-0.001044	0.008141	0.009188	-0.003480	-0.001326	-0.000632	-0.001166	-0.001254	-0.002698	-0.017277	-0.017785	-0.016326	-0.018816	-0.017525	-0.015323	0.006280	-0.009066	-0.006354	-0.009110	-0.001797	-0.016493	-0.015776	-0.017450	-0.003022	-0.005256	-0.005673	0.011587	-0.003902	0.002006	0.005847	-0.004997	-0.009697	0.012684	0.006319	-0.007601	-0.006292	0.009402	-0.000086	-0.001161	-0.017418	-0.016984	-0.018456	-0.002811	0.008264	0.007921	-0.002059	-0.004110	-0.002293	0.008656	-0.002403	-0.003350	-0.001581	-0.001456	-0.003087	0.010170	-0.008148	-0.013031	-0.011322	-0.003921	-0.010438	-0.009865	0.008312	0.006481	-0.002865	-0.001057	-0.000001	-0.011535	-0.005732	-0.007765	-0.006359	-0.008066	-0.011870	0.005827	0.006931	0.004886	-0.016930	-0.015871	-0.016486	-0.015026	-0.014656	-0.014688	-0.014598	0.008680	0.000330	-0.000873	0.009016	0.009336	0.012456	0.009945	-0.001063	-0.001343	-0.001749	0.011710	0.007154	-0.000690	0.012396	0.010870	-0.013962	-0.017375	-0.106245	-0.034553	-0.035829	-0.018082	-0.025310	-0.062918	0.001007	0.003428	-0.140672	-0.017181	-0.039264	-0.106976	0.001106	-0.061268	-0.124226	-0.440663	-0.024918	-0.484834	-0.014139	-0.002601	-0.017824	0.005816	-0.024217	-0.011601	-0.014189	-0.160365	-0.013463	-0.063951	0.002357	-0.027091	-0.000339	-0.013596	-0.001019	-0.242057	-0.200213	-0.015542	-0.058233	-0.062655	-0.032589	-0.092294	-0.087660	-0.229790	0.001909	-0.141293	-0.014109	-0.118235	-0.005846	-0.011829	-0.021607	-0.048023	-0.006444	-0.198393	-0.019380	-0.032646	-0.172930	-0.036333	-0.038808	-0.011388	-0.012210	-0.014279	-0.124434	-0.017602	0.001653	-0.176680	-0.023460	-0.025710	-0.023015	-0.010440	-0.120822	-0.098375	-0.108350	-0.065843	-0.176624	-0.030502	
-0.021793	-0.016629	-0.006211	0.018668	0.897452	0.006457	0.004146	0.012210	-0.001264	0.000140	0.005514	0.005682	-0.009636	0.012285	-0.003190	-0.001721	-0.005159	0.009117	-0.001596	-0.001530	-0.002596	0.009648	-0.003147	-0.001869	-0.000870	0.010736	0.010896	0.007720	0.007326	0.008677	-0.003585	0.010298	0.013285	-0.002525	-0.003420	-0.003786	0.001721	0.000522	-0.001860	-0.017008	-0.017870	-0.018152	-0.020401	-0.019641	-0.017725	0.010243	-0.009940	-0.009597	-0.010709	-0.004948	-0.017122	-0.020254	-0.018823	-0.002269	-0.002705	-0.001687	0.010214	-0.001305	0.000734	0.000307	-0.011276	-0.009853	0.009938	0.007165	-0.007389	-0.006616	0.013401	-0.000873	0.002124	-0.016341	-0.018894	-0.018632	-0.002238	0.008441	0.007845	-0.001312	-0.002981	-0.004698	0.011100	-0.002045	0.000246	-0.001026	-0.003169	-0.002011	0.009192	-0.009894	-0.009152	-0.011696	-0.003285	-0.008202	-0.009793	0.010799	0.006819	-0.001273	0.000522	-0.004552	-0.012319	-0.004622	-0.008203	-0.006782	-0.010360	-0.012185	0.009785	0.008261	0.007606	-0.015422	-0.017283	-0.015011	-0.015882	-0.014358	-0.015308	-0.015877	0.012279	-0.000972	0.002650	0.008236	0.007733	0.012312	0.010677	-0.001067	-0.001465	-0.001778	0.011453	0.010085	0.001951	0.013208	0.011741	-0.018888	-0.018400	-0.106160	-0.033903	-0.034921	-0.020901	-0.025064	-0.063837	0.002962	0.002328	-0.138568	-0.019506	-0.038376	-0.107870	0.003412	-0.067599	-0.120245	-0.436959	-0.025589	-0.483672	-0.014711	-0.006018	-0.017113	0.003717	-0.023522	-0.015917	-0.015356	-0.160241	-0.014187	-0.061389	0.001939	-0.025642	-0.000842	-0.012131	0.001329	-0.240315	-0.198900	-0.018238	-0.060317	-0.060016	-0.031772	-0.091495	-0.080391	-0.226225	-0.001759	-0.142889	-0.018100	-0.118082	-0.006088	-0.014072	-0.021684	-0.045817	-0.008519	-0.194482	-0.016647	-0.036087	-0.170018	-0.036289	-0.039141	-0.014897	-0.014371	-0.014953	-0.117172	-0.018069	0.004213	-0.170531	-0.022017	-0.026630	-0.024109	-0.012729	-0.121404	-0.098988	-0.110993	-0.065773	-0.175670	-0.030324	
-0.010237	-0.007752	-0.018543	0.002982	0.006457	1.023556	0.011220	-0.004869	0.006110	0.004210	-0.001681	-0.002201	-0.018361	-0.001362	0.002702	0.005196	0.001148	-0.006778	0.004328	0.002442	0.002426	-0.003022	0.007372	0.005274	0.005632	-0.001873	-0.003834	-0.004336	-0.003040	-0.001703	0.004292	-0.001757	0.001319	0.004626	0.005303	0.005104	0.004514	0.005747	0.005133	-0.010782	-0.010909	-0.011770	-0.007788	-0.008722	-0.007338	-0.004615	-0.016452	-0.016723	-0.014498	-0.014372	-0.011444	-0.010291	-0.011256	0.004200	0.003036	0.004542	-0.000158	-0.012399	-0.010190	-0.007336	-0.015347	-0.016943	-0.002786	-0.003113	-0.003673	-0.004399	-0.001651	0.006126	0.001839	-0.008173	-0.008092	-0.009796	0.005621	-0.003120	-0.003470	0.002532	0.001275	-0.001023	-0.001117	0.003412	0.003979	0.006670	0.006473	0.004227	-0.001433	-0.014733	-0.016182	-0.014548	-0.009921	-0.016002	-0.017590	-0.006287	-0.004649	0.004114	0.004896	0.004355	-0.004191	0.001951	-0.002829	-0.014002	-0.016749	-0.013557	-0.002431	-0.002853	-0.005757	-0.006638	-0.008018	-0.006810	-0.007131	-0.008617	-0.007092	-0.007205	-0.003622	0.004604	0.002549	-0.007335	-0.000390	0.000124	-0.001296	0.006443	0.004358	0.004188	-0.001114	-0.003775	0.007658	-0.000755	-0.001877	-0.015416	-0.020447	-0.105447	-0.033539	-0.038897	-0.017779	-0.023851	-0.065034	-0.000488	0.001612	-0.134555	-0.012098	-0.037278	-0.098607	-0.001588	-0.065638	-0.118776	-0.419663	-0.023155	-0.461023	-0.016831	-0.005990	-0.018009	-0.001927	-0.004982	-0.013532	-0.013858	-0.156988	-0.013496	-0.059140	-0.001181	-0.028407	0.000699	-0.015366	0.001669	-0.230441	-0.194121	-0.003660	-0.057845	-0.057212	-0.028519	-0.089250	-0.075871	-0.218566	-0.000848	-0.139137	-0.014782	-0.112721	-0.007678	-0.011876	-0.025675	-0.049945	-0.005799	-0.190877	-0.013280	-0.030930	-0.171421	-0.038627	-0.038968	-0.015315	-0.013226	-0.013328	-0.119416	-0.015780	0.001014	-0.158385	-0.019702	-0.024084	-0.020603	-0.008507	-0.115868	-0.092979	-0.105033	-0.067839	-0.168167	-0.029038	
-0.011171	-0.009178	-0.016716	0.007551	0.004146	0.011220	1.008720	-0.001496	0.003903	0.000265	-0.003951	-0.000505	-0.015470	-0.001070	0.001612	0.002534	0.000097	-0.003048	0.004670	0.001825	0.002479	-0.003021	0.002172	0.003849	0.004141	-0.003846	0.000185	-0.000657	-0.003026	-0.002442	0.003678	-0.002546	-0.001107	0.006115	0.002977	0.003440	0.004635	0.004007	0.001550	-0.012004	-0.012341	-0.012254	-0.009744	-0.011254	-0.008230	-0.000683	-0.017832	-0.016073	-0.014691	-0.012464	-0.009673	-0.010416	-0.011524	0.002101	0.000475	0.003130	0.000950	-0.011039	-0.008844	-0.006768	-0.016914	-0.015552	-0.001871	-0.000763	-0.003882	-0.003158	-0.003024	0.004207	0.002877	-0.008926	-0.009097	-0.009750	0.004026	-0.003911	-0.002087	0.005133	0.002168	0.004863	0.001008	0.004383	0.005192	0.003278	0.002999	0.003433	-0.000534	-0.013170	-0.014448	-0.013973	-0.007732	-0.015814	-0.016580	-0.002217	-0.000248	0.001001	0.003521	0.002585	-0.004186	-0.001130	-0.002853	-0.009504	-0.015455	-0.012589	-0.004847	-0.001738	-0.003534	-0.008688	-0.009975	-0.009222	-0.010961	-0.007965	-0.009170	-0.008827	0.000373	0.004229	0.003198	-0.002282	-0.002839	0.000673	-0.001874	0.004677	0.004583	0.004532	-0.001248	-0.001478	0.005857	0.001896	-0.000603	-0.017245	-0.021762	-0.101115	-0.033131	-0.043328	-0.019568	-0.021123	-0.065247	-0.000473	0.001168	-0.134961	-0.012488	-0.032641	-0.098005	0.001422	-0.060474	-0.120161	-0.419476	-0.023099	-0.463925	-0.012933	-0.008351	-0.015890	-0.000818	-0.006478	-0.017552	-0.011838	-0.155621	-0.014790	-0.059198	-0.000133	-0.025390	-0.000140	-0.015398	0.000721	-0.230041	-0.192860	-0.004708	-0.056851	-0.055747	-0.026399	-0.088258	-0.079383	-0.217274	0.000461	-0.138385	-0.014319	-0.112134	-0.004237	-0.013014	-0.024371	-0.050233	-0.007553	-0.188517	-0.014727	-0.035258	-0.168373	-0.037263	-0.037957	-0.015288	-0.010936	-0.014699	-0.117860	-0.017082	0.002803	-0.161061	-0.019911	-0.024098	-0.021664	-0.007371	-0.117306	-0.092203	-0.101669	-0.064512	-0.167412	-0.032731	
-0.018447	-0.014334	-0.003795	0.010226	0.012210	-0.004869	-0.001496	0.905385	0.005077	-0.002986	0.006938	0.004599	-0.011504	0.011711	0.000071	-0.000444	-0.001073	0.013473	0.001498	-0.000612	0.005817	0.008485	-0.005218	-0.001954	0.002888	0.007821	0.012135	0.005282	0.008201	0.008904	-0.005109	0.015617	0.017954	-0.001162	-0.003869	-0.003802	-0.000371	0.001805	-0.000388	-0.018171	-0.020091	-0.019182	-0.018066	-0.016889	-0.016578	0.014539	-0.008104	-0.008676	-0.011004	-0.003790	-0.019286	-0.019290	-0.019254	-0.003149	-0.005237	-0.002423	0.012926	-0.002356	0.002992	0.004208	-0.008253	-0.011496	0.007795	0.007823	-0.010036	-0.009228	0.010233	-0.003055	0.000699	-0.018291	-0.017513	-0.021114	-0.002191	0.008658	0.009412	-0.001366	-0.002149	-0.003290	0.009014	0.002424	0.002262	0.000956	-0.001498	-0.002404	0.010023	-0.009245	-0.011576	-0.011995	-0.003849	-0.007719	-0.010174	0.006929	0.006996	-0.000172	-0.000360	-0.001457	-0.007589	-0.004356	-0.009023	-0.007989	-0.012660	-0.013076	0.009406	0.005942	0.004760	-0.019753	-0.017470	-0.018235	-0.019689	-0.019193	-0.018404	-0.019514	0.016331	-0.001356	0.002050	0.006745	0.009712	0.009311	0.010335	-0.004498	-0.002021	-0.002867	0.009100	0.011616	0.000876	0.012883	0.012434	-0.016077	-0.019654	-0.105979	-0.036708	-0.044394	-0.019433	-0.026528	-0.067144	0.002944	0.000397	-0.139409	-0.017002	-0.037388	-0.106403	0.000727	-0.067975	-0.121999	-0.431768	-0.030151	-0.477067	-0.018657	-0.004330	-0.017685	0.003831	-0.025471	-0.013871	-0.015652	-0.159937	-0.016598	-0.063346	0.003522	-0.026338	-0.001601	-0.016073	0.001738	-0.236378	-0.190462	-0.014517	-0.059113	-0.060079	-0.031116	-0.091321	-0.082169	-0.225312	0.001159	-0.138242	-0.016095	-0.117695	-0.006712	-0.014370	-0.024087	-0.052552	-0.007436	-0.187131	-0.021104	-0.035711	-0.174354	-0.036261	-0.039099	-0.013512	-0.014399	-0.011506	-0.117895	-0.018432	0.001666	-0.163834	-0.021455	-0.025158	-0.026470	-0.009577	-0.119313	-0.100380	-0.107970	-0.062852	-0.173307	-0.032392	
-0.008975	-0.007920	-0.015655	-0.004486	-0.001264	0.006110	0.003903	0.005077	1.004019	0.005776	-0.001526	0.001263	-0.019506	-0.002439	0.007309	0.005890	0.004194	0.001036	0.005799	0.006663	0.007130	-0.002944	0.005211	0.003341	0.009265	-0.003216	0.000003	-0.007678	-0.001113	-0.002134	0.005500	-0.000708	0.000186	0.004151	0.007039	0.007953	0.004870	0.007816	0.008496	-0.014394	-0.013530	-0.011752	-0.007720	-0.010654	-0.010368	0.003775	-0.020381	-0.018030	-0.015096	-0.013947	-0.011645	-0.012734	-0.013006	0.004694	0.001479	0.001113	0.000390	-0.012633	-0.007402	-0.007975	-0.017712	-0.017627	-0.001081	-0.001805	-0.004400	-0.004670	-0.002022	0.007684	0.004824	-0.011339	-0.012188	-0.009936	0.003278	-0.003370	-0.003774	0.006036	0.006391	0.006598	-0.000661	0.006464	0.004609	0.006339	0.005305	0.006032	-0.002425	-0.016652	-0.016409	-0.016604	-0.008140	-0.014266	-0.015625	-0.005256	-0.004959	0.007788	0.006177	0.006565	-0.001406	0.002768	-0.003840	-0.012470	-0.016425	-0.014808	-0.003342	-0.004766	-0.006370	-0.010265	-0.010490	-0.011533	-0.010858	-0.010680	-0.008531	-0.009932	0.000017	0.002526	0.002981	-0.002721	-0.003515	-0.003249	-0.001805	0.003830	0.004490	0.003891	0.001255	-0.002654	0.005446	-0.001986	-0.001260	-0.017843	-0.023753	-0.102124	-0.034797	-0.038459	-0.019325	-0.020756	-0.060490	-0.000094	-0.001857	-0.136176	-0.012697	-0.038190	-0.095938	-0.002924	-0.061712	-0.118850	-0.418897	-0.022826	-0.464376	-0.016620	-0.004266	-0.016324	0.002794	-0.010336	-0.014835	-0.014777	-0.157736	-0.014362	-0.056524	0.003834	-0.026388	0.000427	-0.013554	-0.001458	-0.230204	-0.192459	0.000951	-0.054367	-0.058269	-0.030197	-0.089275	-0.074927	-0.219418	-0.000241	-0.140109	-0.015040	-0.111955	-0.006516	-0.013372	-0.024677	-0.047983	-0.008470	-0.186244	-0.013216	-0.031013	-0.173440	-0.037308	-0.038990	-0.015816	-0.010065	-0.014268	-0.119470	-0.016281	-0.001612	-0.164126	-0.017856	-0.021725	-0.020099	-0.009267	-0.118142	-0.094419	-0.103974	-0.062861	-0.169288	-0.029257	
-0.008828	-0.007466	-0.013500	-0.001587	0.000140	0.004210	0.000265	-0.002986	0.005776	0.994225	-0.000853	0.003270	-0.015422	-0.003482	0.007584	0.008421	0.005743	-0.000965	0.004296	0.004746	0.003274	0.000609	0.002330	0.004271	0.001155	-0.005636	-0.002317	-0.004287	0.001151	0.000453	0.007444	-0.000754	-0.000440	0.006651	0.005896	0.005082	0.000950	0.001820	0.003931	-0.010825	-0.012420	-0.011225	-0.011648	-0.008969	-0.009742	-0.001628	-0.017177	-0.017549	-0.014066	-0.012424	-0.010856	-0.009478	-0.011359	0.004618	-0.001942	0.000590	-0.003820	-0.010440	-0.007077	-0.007047	-0.018925	-0.014118	-0.003094	-0.001181	-0.003623	-0.004694	-0.001381	0.006120	0.000797	-0.008896	-0.011376	-0.010148	0.004294	-0.002998	-0.002013	0.005341	0.005606	0.003442	-0.002121	0.002933	0.001263	0.001110	0.006687	0.004524	-0.000841	-0.017751	-0.016422	-0.015475	-0.007589	-0.014062	-0.015553	-0.005197	-0.002321	0.001912	0.006276	0.005700	-0.001446	0.002073	-0.004551	-0.012949	-0.015302	-0.013585	-0.004565	-0.004341	-0.005811	-0.008756	-0.007791	-0.008315	-0.007818	-0.007274	-0.007480	-0.006757	-0.000207	0.003105	0.002800	-0.001293	0.000398	-0.000931	-0.002378	0.005988	0.011979	0.006493	-0.001546	-0.003419	0.005616	-0.002762	-0.003242	-0.015388	-0.020428	-0.105673	-0.033925	-0.036991	-0.019834	-0.022856	-0.065714	0.001755	0.000734	-0.135111	-0.011556	-0.033212	-0.098486	-0.001975	-0.066415	-0.118984	-0.426474	-0.024771	-0.471619	-0.013711	-0.002350	-0.018642	0.000516	-0.012846	-0.012236	-0.013333	-0.156200	-0.014035	-0.057387	0.004781	-0.025573	-0.002367	-0.011652	-0.000306	-0.230783	-0.194912	-0.001257	-0.056707	-0.057263	-0.031306	-0.089698	-0.080324	-0.222555	0.003656	-0.138352	-0.015378	-0.114170	-0.006855	-0.012721	-0.026575	-0.052963	-0.005888	-0.190120	-0.014162	-0.030028	-0.172604	-0.036045	-0.036992	-0.015011	-0.008414	-0.012701	-0.117390	-0.013928	-0.002430	-0.156567	-0.020916	-0.020202	-0.018679	-0.007940	-0.117264	-0.093768	-0.104916	-0.065468	-0.168591	-0.026805	
-0.010537	-0.010516	-0.004748	0.005553	0.005514	-0.001681	-0.003951	0.006938	-0.001526	-0.000853	0.907838	0.005714	-0.003690	0.004572	0.000335	-0.000551	-0.000669	0.007599	-0.004855	-0.004416	0.001324	0.005940	-0.004791	-0.005622	-0.000579	0.003169	0.003547	0.003954	0.004870	0.005529	0.000559	0.004509	0.005276	-0.003022	-0.003026	-0.004325	-0.002638	-0.002773	-0.001658	-0.012502	-0.013458	-0.014607	-0.012679	-0.013990	-0.011882	0.004254	-0.005912	-0.006551	-0.005005	-0.002994	-0.014023	-0.012807	-0.011202	0.000436	-0.004387	-0.005050	0.004039	-0.001527	0.001256	0.003093	-0.006460	-0.005676	0.006156	0.005944	-0.009713	-0.009191	0.003932	-0.004884	-0.001643	-0.012741	-0.012730	-0.013585	-0.002822	0.002212	0.004207	-0.002975	-0.002118	-0.002877	0.003055	-0.000048	-0.002152	-0.003147	-0.003670	-0.004193	0.001726	-0.001992	-0.004459	-0.006255	-0.002196	-0.006253	-0.008680	0.002542	0.001720	-0.001818	-0.000179	-0.000856	-0.004375	-0.003924	-0.001655	-0.005749	-0.006519	-0.007112	0.006567	0.000177	-0.000075	-0.015018	-0.014444	-0.013730	-0.014348	-0.014616	-0.013583	-0.013946	0.010993	-0.006014	-0.002722	0.004578	0.005791	0.004266	0.006377	-0.002238	-0.002338	-0.000013	0.003693	0.004615	-0.003877	0.003429	0.002567	-0.010886	-0.014349	-0.100984	-0.029842	-0.035215	-0.015546	-0.022093	-0.067202	0.000340	0.001326	-0.133646	-0.011206	-0.032362	-0.098037	0.000663	-0.060138	-0.116039	-0.432766	-0.023034	-0.480058	-0.010375	-0.003109	-0.010909	0.000038	-0.023099	-0.014624	-0.010195	-0.152517	-0.007765	-0.057851	0.002542	-0.021042	-0.000745	-0.010314	0.000944	-0.236331	-0.192951	-0.019333	-0.056600	-0.055444	-0.029876	-0.087126	-0.084127	-0.223268	0.001593	-0.140686	-0.010619	-0.115764	-0.008426	-0.008403	-0.024492	-0.050387	-0.006662	-0.191951	-0.013694	-0.029750	-0.169411	-0.031978	-0.033458	-0.008255	-0.007384	-0.009124	-0.120581	-0.012898	-0.000599	-0.157519	-0.020391	-0.024311	-0.022579	-0.003353	-0.115735	-0.093357	-0.107362	-0.065992	-0.172812	-0.030784	
-0.012113	-0.010994	-0.006738	0.006454	0.005682	-0.002201	-0.000505	0.004599	0.001263	0.003270	0.005714	0.907879	-0.009771	0.006716	0.000157	0.001899	0.001781	0.006989	-0.000705	0.001260	-0.000019	0.005749	-0.004774	-0.002868	0.003411	0.002179	0.004900	0.002934	0.008468	0.005575	0.004743	0.006455	0.003069	-0.002394	0.000579	0.001300	-0.001883	0.001824	0.001257	-0.017664	-0.016431	-0.018357	-0.013049	-0.014286	-0.013661	0.006059	-0.011023	-0.011535	-0.009512	-0.006248	-0.016310	-0.016521	-0.015870	0.000371	-0.007484	-0.004652	0.001936	-0.005555	-0.000689	-0.001690	-0.007139	-0.010729	0.005362	0.009543	-0.006703	-0.008408	0.003333	0.000380	-0.001275	-0.016150	-0.015076	-0.014402	-0.002703	0.003113	0.002061	0.003136	0.001969	0.000377	0.007589	-0.000464	-0.001061	-0.001710	-0.001278	0.000520	0.004512	-0.006530	-0.007864	-0.008230	-0.002043	-0.007254	-0.010503	0.003713	0.003683	-0.001673	0.000643	0.000216	-0.005083	0.010520	-0.006036	-0.006018	-0.009016	-0.009546	0.004100	0.002187	0.002858	-0.011593	-0.013762	-0.012885	-0.012316	-0.012588	-0.013407	-0.012348	0.003410	-0.002853	0.000571	0.008551	0.006913	0.003525	0.002685	0.000050	0.001793	0.000034	0.002146	0.009235	-0.000157	0.002655	0.002171	-0.015982	-0.018476	-0.103495	-0.033697	-0.034687	-0.018231	-0.023549	-0.060161	0.003988	-0.000323	-0.137189	-0.013307	-0.035682	-0.099072	0.000384	-0.060264	-0.117763	-0.427276	-0.025796	-0.469395	-0.016164	-0.003852	-0.014775	0.002863	-0.024316	-0.013050	-0.013232	-0.156735	-0.010649	-0.057493	0.004657	-0.023194	0.000280	-0.012263	-0.001965	-0.232795	-0.193350	-0.006647	-0.057760	-0.057976	-0.032482	-0.088521	-0.078501	-0.221621	0.001233	-0.139921	-0.015284	-0.116426	-0.006697	-0.010138	-0.026310	-0.050759	-0.001203	-0.193953	-0.017042	-0.029480	-0.171691	-0.034160	-0.037439	-0.013821	-0.008177	-0.011794	-0.116915	-0.015191	-0.000781	-0.161603	-0.021953	-0.021248	-0.019785	-0.009502	-0.116431	-0.093162	-0.106426	-0.061435	-0.169600	-0.029385	
0.010662	0.005440	0.016745	-0.011290	-0.009636	-0.018361	-0.015470	-0.011504	-0.019506	-0.015422	-0.003690	-0.009771	0.963134	-0.011306	-0.015618	-0.017422	-0.013283	-0.007174	-0.017115	-0.017755	-0.017489	-0.003341	-0.019124	-0.015801	-0.019127	-0.008926	-0.011528	-0.003268	-0.011554	-0.007689	-0.013806	-0.011134	-0.010477	-0.016718	-0.018015	-0.017843	-0.019288	-0.017351	-0.018034	0.014565	0.016143	0.018282	0.006196	0.008753	0.006667	-0.007680	0.023745	0.023413	0.020332	0.012818	0.020445	0.011600	0.018239	-0.012919	-0.012241	-0.014733	-0.011227	0.009781	0.005048	0.004291	0.024050	0.022827	-0.009329	-0.008470	-0.007899	-0.007932	-0.009018	-0.018404	-0.015811	0.015086	0.016879	0.015297	-0.016602	-0.011152	-0.007988	-0.014439	-0.014178	-0.014813	-0.011383	-0.018464	-0.017124	-0.018129	-0.015503	-0.015797	-0.011110	0.022594	0.025600	0.024151	0.002139	0.020515	0.019838	-0.007522	-0.006630	-0.019129	-0.017938	-0.017740	-0.004849	-0.011647	-0.003378	0.014958	0.019482	0.017682	-0.006197	-0.005651	-0.004597	-0.006864	-0.006893	-0.008121	-0.009614	-0.008244	-0.008147	-0.010682	-0.011608	-0.018389	-0.018664	-0.007763	-0.009946	-0.009566	-0.006462	-0.015120	-0.017038	-0.014460	-0.009884	-0.008828	-0.019090	-0.009695	-0.011122	0.016425	0.003973	-0.084186	-0.001183	-0.035219	0.008446	0.017614	-0.068988	-0.010523	-0.012859	-0.114118	0.021996	-0.019228	-0.086817	-0.009913	-0.082974	-0.098296	-0.440938	0.001389	-0.478152	0.023999	-0.005909	0.024689	-0.011327	0.009120	-0.005374	0.026244	-0.140237	0.010928	-0.035585	-0.014080	-0.018224	-0.008161	0.021035	-0.009709	-0.238094	-0.209726	-0.007273	-0.039725	-0.040135	-0.011566	-0.067961	-0.089406	-0.206374	-0.015106	-0.149114	0.012397	-0.123616	-0.019381	0.010819	-0.038948	-0.044707	-0.024535	-0.204716	0.016107	-0.005653	-0.144989	-0.006515	0.008499	0.020001	0.007428	0.014778	-0.133274	0.008158	-0.010545	-0.153620	0.009854	-0.006505	-0.000014	0.002906	-0.100848	-0.061286	-0.118946	-0.076504	-0.184252	-0.023334	
-0.019640	-0.015251	-0.009838	0.011419	0.012285	-0.001362	-0.001070	0.011711	-0.002439	-0.003482	0.004572	0.006716	-0.011306	0.890521	-0.002856	-0.006220	-0.003237	0.009052	0.007968	0.001066	0.002304	0.008995	-0.000700	-0.003270	0.000655	0.012819	0.012221	0.007925	0.009119	0.009027	-0.002957	0.011199	0.011888	-0.001944	-0.002501	-0.003984	0.002858	0.001327	0.000225	-0.018793	-0.019031	-0.018337	-0.019713	-0.017742	-0.014921	0.007715	-0.009832	-0.010335	-0.010170	-0.005902	-0.019108	-0.021489	-0.018055	-0.002892	-0.005740	-0.002787	0.016921	-0.002988	-0.001980	0.001640	-0.009909	-0.011291	0.008740	0.007880	-0.010724	-0.010060	0.015471	0.004404	0.003485	-0.016987	-0.018719	-0.018687	-0.003670	0.009418	0.008561	-0.003898	-0.003746	-0.004675	0.014331	0.001486	0.000677	0.003997	0.000322	-0.001718	0.007849	-0.010492	-0.011545	-0.011962	-0.002713	-0.008752	-0.010960	0.005683	0.009265	-0.000178	-0.001020	-0.001989	-0.011439	-0.007411	-0.009057	-0.007613	-0.011392	-0.015024	0.008983	0.004727	0.006366	-0.015744	-0.015027	-0.013810	-0.014025	-0.015611	-0.016022	-0.015244	0.013523	0.002353	0.001399	0.009812	0.009544	0.013453	0.010844	-0.002528	-0.001711	-0.003597	0.014485	0.010352	0.002010	0.011376	0.011327	-0.017364	-0.018355	-0.108250	-0.035131	-0.036224	-0.018373	-0.024781	-0.061857	0.003117	0.001937	-0.139887	-0.015574	-0.036825	-0.106951	0.001424	-0.066653	-0.121820	-0.441886	-0.027022	-0.492805	-0.014815	-0.002066	-0.018034	0.003545	-0.025525	-0.018057	-0.014533	-0.158282	-0.016235	-0.061728	0.005096	-0.027042	-0.002651	-0.014175	0.003107	-0.241986	-0.196674	-0.012951	-0.055325	-0.060050	-0.030111	-0.091886	-0.082643	-0.228541	0.003224	-0.139692	-0.015923	-0.120047	-0.005246	-0.014071	-0.024398	-0.049016	-0.009201	-0.189770	-0.017924	-0.035819	-0.171822	-0.034566	-0.040160	-0.013237	-0.012420	-0.011307	-0.121054	-0.018819	0.001384	-0.168203	-0.022573	-0.027995	-0.019902	-0.011349	-0.122217	-0.099488	-0.107365	-0.066784	-0.177189	-0.030317	
-0.006004	-0.004575	-0.013642	-0.002527	-0.003190	0.002702	0.001612	0.000071	0.007309	0.007584	0.000335	0.000157	-0.015618	-0.002856	1.000118	0.008495	0.011715	-0.004922	0.001611	0.003516	0.003243	-0.003689	0.002786	0.001000	0.004709	-0.006001	-0.004170	-0.005530	0.000854	0.001321	0.007593	-0.000889	-0.002854	0.007110	0.007646	0.006905	0.001827	0.003420	0.004786	-0.013316	-0.013392	-0.012566	-0.009296	-0.009500	-0.005439	-0.000415	-0.016545	-0.018022	-0.013827	-0.015852	-0.011442	-0.011608	-0.010102	0.009579	0.000423	0.001861	-0.003459	-0.010093	-0.008244	-0.006811	-0.014714	-0.016952	0.000865	0.000723	-0.007141	-0.008908	-0.004748	0.004803	-0.000664	-0.009857	-0.010155	-0.010243	0.001808	-0.004004	-0.003013	0.008595	0.005441	0.010502	-0.005171	0.003971	0.001278	0.002605	0.004483	0.005576	-0.003783	-0.012851	-0.015623	-0.012865	-0.008738	-0.013390	-0.016661	-0.004447	-0.001752	0.002441	0.004608	0.005886	0.001027	0.004480	0.000329	-0.013286	-0.017522	-0.014344	-0.003517	-0.005245	-0.006474	-0.008427	-0.008780	-0.007480	-0.010629	-0.008785	-0.008296	-0.009627	-0.002035	0.001719	0.000620	0.003210	-0.002002	-0.000894	-0.003769	0.005956	0.004475	0.003930	-0.003522	-0.003749	0.001187	-0.002089	-0.004156	-0.015877	-0.019796	-0.101303	-0.033742	-0.035918	-0.019726	-0.022086	-0.066131	0.003623	-0.001450	-0.136305	-0.011401	-0.033615	-0.097750	-0.000630	-0.068265	-0.119391	-0.426341	-0.022776	-0.465612	-0.012732	-0.003148	-0.017460	-0.002748	-0.013157	-0.011469	-0.012319	-0.154419	-0.011375	-0.057046	0.004494	-0.028224	0.000935	-0.012469	-0.000660	-0.231526	-0.193425	-0.001872	-0.058674	-0.058034	-0.029529	-0.089605	-0.076393	-0.221015	0.002450	-0.139662	-0.010929	-0.113209	-0.005680	-0.012469	-0.025574	-0.055652	-0.007018	-0.191074	-0.013948	-0.034696	-0.170948	-0.033629	-0.038200	-0.014231	-0.009631	-0.012022	-0.114422	-0.013445	-0.002794	-0.154162	-0.017970	-0.021774	-0.022092	-0.005320	-0.117823	-0.094230	-0.106377	-0.065414	-0.169225	-0.034312	
-0.009381	-0.007197	-0.014763	-0.006680	-0.001721	0.005196	0.002534	-0.000444	0.005890	0.008421	-0.000551	0.001899	-0.017422	-0.006220	0.008495	1.003229	0.007601	-0.001769	0.002726	0.004048	0.005559	0.001641	0.000840	-0.000246	0.005911	-0.005164	-0.001460	-0.005621	0.000712	0.001933	0.009027	-0.001686	-0.001360	0.006654	0.008032	0.005069	0.001944	0.002709	0.004977	-0.014713	-0.013623	-0.012081	-0.007083	-0.008229	-0.006488	-0.000807	-0.017194	-0.017112	-0.013034	-0.015162	-0.011108	-0.008910	-0.011810	0.006343	-0.000371	0.002043	-0.002095	-0.010723	-0.007841	-0.003724	-0.016576	-0.016858	-0.000875	0.000155	-0.004457	-0.004420	-0.003368	0.002807	0.003311	-0.009857	-0.011177	-0.009192	0.001876	-0.003617	-0.006081	0.005466	0.005759	0.005302	-0.003944	0.005310	0.003687	0.002727	0.002232	0.003214	-0.000885	-0.014490	-0.014646	-0.014656	-0.007787	-0.015303	-0.018378	-0.004028	-0.002086	0.002510	0.005316	0.005255	-0.001526	0.004851	-0.001291	-0.010723	-0.015672	-0.013699	-0.002180	-0.007209	-0.008655	-0.008111	-0.011352	-0.010075	-0.008485	-0.008922	-0.008980	-0.008538	-0.001280	0.004054	0.002832	0.001588	0.000552	-0.003638	0.000963	0.005567	0.005680	0.001925	-0.003928	-0.000863	0.006430	-0.002400	-0.002447	-0.017370	-0.017591	-0.101706	-0.032664	-0.038438	-0.021696	-0.021507	-0.067418	0.000488	-0.002035	-0.132824	-0.013517	-0.031012	-0.095743	-0.002805	-0.063257	-0.116085	-0.414061	-0.021284	-0.463451	-0.013269	-0.002829	-0.017095	-0.000297	-0.012101	-0.005806	-0.014720	-0.155223	-0.014490	-0.056133	0.003883	-0.023473	-0.000397	-0.015663	-0.001691	-0.229209	-0.192897	0.003986	-0.055394	-0.055097	-0.029436	-0.087275	-0.075282	-0.218360	0.002285	-0.138635	-0.018188	-0.112524	-0.007323	-0.015057	-0.028323	-0.054167	-0.008840	-0.188299	-0.013791	-0.031279	-0.172157	-0.037042	-0.038777	-0.015029	-0.009126	-0.013148	-0.113826	-0.014446	-0.001571	-0.158615	-0.021265	-0.023361	-0.018151	-0.006760	-0.114716	-0.095063	-0.106756	-0.059947	-0.165944	-0.026712	
-0.006993	-0.007776	-0.012588	-0.002163	-0.005159	0.001148	0.000097	-0.001073	0.004194	0.005743	-0.000669	0.001781	-0.013283	-0.003237	0.011715	0.007601	0.995803	-0.000238	0.003378	0.002597	0.003978	-0.003266	0.000525	0.000692	0.002293	-0.006018	-0.001272	-0.005626	-0.000253	0.001355	0.008593	-0.003305	-0.002007	0.004826	0.006400	0.003973	0.003008	0.001694	0.005395	-0.010865	-0.012939	-0.011778	-0.006168	-0.007114	-0.007650	-0.001121	-0.015931	-0.017204	-0.013110	-0.011917	-0.009580	-0.006047	-0.008533	0.008680	-0.001182	0.002986	-0.003176	-0.009737	-0.003654	-0.005745	-0.013397	-0.014688	-0.001206	-0.001521	-0.004026	-0.004062	-0.004808	0.003241	0.003817	-0.010369	-0.009227	-0.009069	0.002554	-0.003471	-0.003717	0.008459	0.009056	0.007715	-0.004005	0.003369	0.003079	0.003915	0.002550	0.004478	-0.003317	-0.013740	-0.017739	-0.012897	-0.009069	-0.014782	-0.016807	-0.004514	-0.003510	0.003972	0.003300	0.004592	-0.000009	0.000647	-0.000905	-0.012920	-0.017066	-0.013252	-0.003549	-0.006419	-0.007135	-0.009213	-0.010879	-0.008058	-0.009371	-0.009456	-0.009986	-0.010670	-0.002112	-0.001227	-0.000205	0.000919	-0.000167	-0.004562	-0.002389	0.004453	0.002613	0.005384	-0.004411	0.000499	0.002879	-0.006525	-0.004144	-0.014630	-0.019107	-0.100825	-0.031866	-0.033071	-0.015476	-0.019759	-0.063045	0.002282	-0.001171	-0.132027	-0.013974	-0.035578	-0.097949	-0.002018	-0.059849	-0.116595	-0.412937	-0.022876	-0.454320	-0.011328	-0.006494	-0.015960	-0.001061	-0.013007	-0.011838	-0.012750	-0.153747	-0.012995	-0.055512	0.000441	-0.026691	-0.000751	-0.014950	-0.003644	-0.228698	-0.190447	-0.002218	-0.055878	-0.055836	-0.028010	-0.087377	-0.072715	-0.218214	-0.000894	-0.139699	-0.014195	-0.111816	-0.006532	-0.012183	-0.025609	-0.050479	-0.007635	-0.187982	-0.012614	-0.031653	-0.168394	-0.034111	-0.037904	-0.012229	-0.009343	-0.010325	-0.116862	-0.014134	-0.001610	-0.161544	-0.019979	-0.020936	-0.017356	-0.003552	-0.113736	-0.092828	-0.105359	-0.060709	-0.166392	-0.028686	
-0.015375	-0.015196	-0.004936	0.009635	0.009117	-0.006778	-0.003048	0.013473	0.001036	-0.000965	0.007599	0.006989	-0.007174	0.009052	-0.004922	-0.001769	-0.000238	0.905841	-0.001719	-0.000834	-0.000931	0.007959	-0.005424	-0.004854	0.003195	0.007906	0.012726	0.006708	0.013265	0.009809	-0.003184	0.012377	0.012177	-0.005186	-0.004287	-0.002935	-0.003160	-0.001792	-0.001541	-0.017900	-0.017308	-0.018447	-0.017300	-0.014863	-0.015251	0.038959	-0.005447	-0.004476	-0.005096	-0.001089	-0.017797	-0.017491	-0.017509	-0.001362	-0.008111	-0.004089	0.011872	-0.001086	0.001680	0.004567	-0.008064	-0.005715	0.011289	0.006440	-0.009796	-0.009198	0.008005	-0.002334	-0.003774	-0.017302	-0.017596	-0.017822	-0.007016	0.006680	0.009490	-0.004766	-0.004708	-0.001719	0.005676	-0.000018	-0.003743	0.000555	-0.005621	-0.006206	0.004484	-0.006037	-0.009486	-0.009656	-0.004306	-0.005870	-0.010503	0.007734	0.008771	-0.002614	-0.003048	-0.003315	-0.007697	-0.004581	-0.007783	-0.004190	-0.008684	-0.013569	0.009192	0.003760	0.005806	-0.017018	-0.016848	-0.018558	-0.017830	-0.017195	-0.016378	-0.018125	0.011119	-0.004035	-0.002776	0.011687	0.011015	0.006499	0.008956	-0.005244	-0.003418	-0.004969	0.012215	0.008961	-0.005080	0.010143	0.007174	-0.014893	-0.014818	-0.104800	-0.032613	-0.035623	-0.017967	-0.023172	-0.068468	0.000772	0.000926	-0.140108	-0.017496	-0.036280	-0.106143	-0.000502	-0.054991	-0.118436	-0.433671	-0.025010	-0.479632	-0.015266	-0.002401	-0.016783	0.001916	-0.023124	-0.012552	-0.014364	-0.155188	-0.012746	-0.062176	0.002833	-0.023010	-0.000463	-0.013272	0.000063	-0.234671	-0.196134	-0.013638	-0.056240	-0.057502	-0.029269	-0.091066	-0.085995	-0.223945	0.001094	-0.140790	-0.012192	-0.117698	-0.009328	-0.011902	-0.026417	-0.049832	-0.003242	-0.190001	-0.019434	-0.032419	-0.171416	-0.035071	-0.034912	-0.010830	-0.011908	-0.008852	-0.120282	-0.016646	0.000156	-0.165992	-0.021107	-0.022857	-0.020461	-0.009863	-0.119654	-0.098590	-0.107538	-0.066633	-0.171495	-0.031150	
-0.013513	-0.009642	-0.018508	-0.001778	-0.001596	0.004328	0.004670	0.001498	0.005799	0.004296	-0.004855	-0.000705	-0.017115	0.007968	0.001611	0.002726	0.003378	-0.001719	0.999679	0.004985	0.005191	-0.005345	0.005380	0.006883	0.008371	0.001114	0.002364	-0.001350	-0.004137	-0.002425	0.000467	0.002232	0.001555	0.006092	0.002854	0.006079	0.005706	0.007157	0.004763	-0.011595	-0.013930	-0.012603	-0.010281	-0.012209	-0.012602	0.001393	-0.017435	-0.018391	-0.015967	-0.013680	-0.012128	-0.010035	-0.014083	0.002318	0.000767	0.003912	0.002237	-0.013467	-0.007603	-0.008275	-0.017348	-0.017582	-0.002269	-0.002178	-0.004879	-0.006336	0.003279	0.010570	0.009158	-0.009394	-0.012270	-0.012991	0.005118	-0.001080	-0.000586	0.000862	0.000931	0.001594	0.003617	0.008099	0.007684	0.006580	0.008202	0.002013	0.000436	-0.016829	-0.018956	-0.015900	-0.009871	-0.017268	-0.016749	-0.003612	-0.001567	0.005772	0.004894	0.004191	-0.004366	0.000423	-0.003044	-0.013901	-0.014777	-0.015083	-0.000627	-0.001951	-0.003991	-0.011677	-0.012599	-0.010552	-0.009881	-0.011076	-0.010310	-0.009037	0.005327	0.004346	0.006653	-0.000932	0.000416	0.003212	0.004163	0.004036	0.003153	0.003465	0.002335	0.000925	0.012534	0.002481	0.001968	-0.019995	-0.020248	-0.107842	-0.036036	-0.040611	-0.021485	-0.025086	-0.069531	-0.003224	0.002628	-0.135859	-0.015410	-0.039158	-0.101477	0.002230	-0.072782	-0.120978	-0.423932	-0.025696	-0.468430	-0.015084	-0.006381	-0.016974	0.002885	-0.014841	-0.017046	-0.013128	-0.155098	-0.017026	-0.059742	-0.000785	-0.026578	-0.001827	-0.016408	-0.000729	-0.234243	-0.194071	-0.008883	-0.059375	-0.059027	-0.031391	-0.091658	-0.073597	-0.223342	0.003967	-0.138090	-0.018312	-0.115088	-0.001962	-0.017528	-0.025352	-0.052178	-0.008350	-0.188512	-0.014462	-0.032340	-0.172789	-0.040129	-0.041272	-0.019398	-0.013401	-0.013074	-0.115843	-0.017683	0.001666	-0.162907	-0.021727	-0.027079	-0.025362	-0.009469	-0.118887	-0.097437	-0.108432	-0.067608	-0.171142	-0.033725	
-0.009468	-0.010391	-0.018021	-0.001235	-0.001530	0.002442	0.001825	-0.000612	0.006663	0.004746	-0.004416	0.001260	-0.017755	0.001066	0.003516	0.004048	0.002597	-0.000834	0.004985	1.001572	0.008870	-0.002153	0.004143	0.004303	0.004987	-0.001300	-0.001305	-0.003400	-0.002992	-0.003267	0.002024	-0.001244	-0.001311	0.002986	0.003150	0.001518	0.005500	0.005675	0.003223	-0.011495	-0.011438	-0.009425	-0.010041	-0.009851	-0.008127	0.000202	-0.018948	-0.018722	-0.016381	-0.015042	-0.011178	-0.011284	-0.012632	0.002649	-0.000584	0.000764	-0.000457	-0.011152	-0.007228	-0.006562	-0.016455	-0.017382	-0.004787	-0.001969	-0.005817	-0.005851	0.000510	0.004617	0.004538	-0.008990	-0.010766	-0.011307	0.001333	-0.000956	-0.001850	0.003750	0.001597	0.001991	-0.000231	0.002873	0.005721	0.005048	0.003169	0.003236	-0.001285	-0.015291	-0.016631	-0.015493	-0.008238	-0.014224	-0.015986	-0.004505	-0.002803	0.005884	0.007259	0.004055	-0.004473	0.004382	-0.004596	-0.011737	-0.015510	-0.013267	0.003159	-0.002182	-0.003860	-0.005112	-0.006974	-0.004873	-0.004728	-0.006350	-0.006610	-0.004076	-0.002512	0.004209	0.007173	-0.001767	-0.001329	-0.000662	-0.004215	0.002841	0.001124	0.002505	-0.003136	0.003044	0.006472	0.000005	0.002008	-0.019789	-0.016823	-0.104369	-0.033557	-0.040365	-0.019178	-0.022848	-0.060679	0.008914	-0.000320	-0.134188	-0.013489	-0.036532	-0.100454	-0.001595	-0.065603	-0.118559	-0.426744	-0.022884	-0.469838	-0.015543	-0.005301	-0.016997	0.001806	-0.011405	-0.014128	-0.013694	-0.157689	-0.014818	-0.056440	0.008375	-0.028720	-0.001549	-0.013182	-0.000112	-0.231619	-0.195206	-0.011076	-0.055580	-0.057508	-0.031271	-0.091351	-0.078942	-0.221393	0.004421	-0.140619	-0.016987	-0.109011	-0.007175	-0.014293	-0.026553	-0.050838	-0.004424	-0.189168	-0.011102	-0.031866	-0.174558	-0.036790	-0.037694	-0.016578	-0.012223	-0.013761	-0.115544	-0.016008	0.001188	-0.165050	-0.022332	-0.024883	-0.017889	-0.007857	-0.115281	-0.094555	-0.105401	-0.062352	-0.170598	-0.034092	
