0.000000	0.174098	0.173878	0.172653	0.174120	0.177272	0.176249	0.175236	0.171645	0.171013	0.170617	0.170530	0.172438	0.169647	0.176548	0.170939	0.176729	0.173719	0.173619	0.170658	0.171922	0.172111	0.178392	0.170898	0.175219	0.172215	0.178276	0.174738	0.170901	0.175618	0.170638	0.168213	0.175293	0.173216	0.166385	0.175376	0.171513	0.173657	0.173082	0.172319	0.170820	0.172720	0.172018	0.170314	0.173329	0.171992	0.173128	0.169730	0.171550	0.170869	0.175637	0.172846	0.173878	0.171342	0.171525	0.170918	0.175052	0.178861	0.172872	0.174737	0.171111	0.170785	0.174421	0.175467	0.177183	0.171228	0.172606	0.167304	0.170617	0.173294	0.176600	0.171107	0.172677	0.173826	0.171359	0.169986	0.174208	0.172846	0.175880	0.169695	0.175154	0.175622	0.173859	0.170151	0.173379	0.172418	0.172334	0.174801	0.173164	0.170771	0.174992	0.175477	0.175483	0.174455	0.175759	0.172915	0.169886	0.172838	0.180223	0.169517	0.174738	0.170750	0.174319	0.176065	0.170785	0.174147	0.170519	0.173439	0.172650	0.173018	0.175128	0.173297	0.169675	0.172457	0.172074	0.173946	0.172609	0.174625	0.169786	0.173496	0.172559	0.170638	0.169310	0.175262	0.174186	0.178388	0.178453	0.181108	0.201157	0.199338	0.194898	0.212011	0.199124	0.192449	0.249036	0.176068	0.168767	0.197850	0.188269	0.203293	0.201736	0.183557	0.313599	0.204719	0.243784	0.190326	0.301013	0.180344	0.177137	0.190871	0.176931	0.172927	0.189753	0.172789	0.210518	0.175715	0.198481	0.171592	0.209066	0.181527	0.182012	0.184301	0.198280	0.204532	0.186077	0.215546	0.188766	0.194508	0.196597	0.201300	0.212960	0.173061	0.200401	0.182530	0.199261	0.181069	0.172398	0.186597	0.238029	0.203482	0.200616	0.180239	0.189374	0.226045	0.184104	0.186422	0.170659	0.188988	0.167351	0.202165	0.192110	0.171142	0.227195	0.193245	0.186754	0.201874	0.174863	0.194854	0.204589	0.201298	0.198967	0.203358	0.206279	
0.174098	0.000000	0.168538	0.165101	0.167889	0.167924	0.167609	0.171371	0.171178	0.168778	0.168019	0.166938	0.170912	0.166865	0.173651	0.169788	0.172217	0.169388	0.165997	0.168204	0.167574	0.171308	0.171254	0.171579	0.171101	0.168872	0.172693	0.172654	0.171507	0.167943	0.167988	0.166959	0.171228	0.171744	0.166865	0.172842	0.166384	0.167691	0.169374	0.167356	0.164881	0.174027	0.170024	0.169971	0.169439	0.169634	0.167534	0.169177	0.167262	0.168768	0.170704	0.173995	0.174925	0.170916	0.169926	0.168109	0.167944	0.174102	0.170001	0.171769	0.170631	0.166667	0.170163	0.171851	0.174791	0.172936	0.168821	0.165600	0.165956	0.168623	0.172810	0.169872	0.168869	0.170369	0.167534	0.168201	0.167703	0.169982	0.168843	0.169340	0.173225	0.170054	0.169789	0.170384	0.172252	0.169548	0.173793	0.171661	0.170429	0.171558	0.168830	0.168791	0.169478	0.166374	0.170085	0.170357	0.169595	0.167703	0.176825	0.169194	0.172487	0.167095	0.165997	0.173559	0.167524	0.171151	0.168139	0.169820	0.174598	0.170182	0.171160	0.174325	0.165862	0.171319	0.169439	0.172033	0.168405	0.173782	0.165243	0.168463	0.171651	0.170735	0.167116	0.168244	0.172786	0.172864	0.170522	0.179803	0.198588	0.198244	0.190360	0.207923	0.193144	0.187734	0.239182	0.172368	0.165952	0.195608	0.182810	0.199903	0.194874	0.177030	0.298893	0.201694	0.224939	0.186559	0.298701	0.176430	0.171162	0.185370	0.173248	0.169121	0.188744	0.164939	0.203320	0.176208	0.193006	0.166011	0.204091	0.177357	0.179542	0.181441	0.194064	0.197828	0.180230	0.215338	0.183423	0.192928	0.188992	0.197915	0.205628	0.169700	0.196084	0.177929	0.196067	0.178922	0.163593	0.184843	0.217467	0.197270	0.197150	0.175795	0.184640	0.219220	0.177857	0.181865	0.164379	0.186470	0.164140	0.195249	0.185038	0.164523	0.213288	0.191376	0.186594	0.196742	0.170995	0.196130	0.195218	0.198303	0.189935	0.197967	0.196111	
0.173878	0.168538	0.000000	0.158571	0.165153	0.167986	0.167200	0.163158	0.168567	0.169007	0.164362	0.163943	0.161681	0.161355	0.172500	0.169189	0.172027	0.161728	0.169259	0.165245	0.169680	0.162779	0.172793	0.168495	0.169713	0.159917	0.163153	0.162562	0.162473	0.163969	0.169833	0.158112	0.163154	0.165215	0.165518	0.170823	0.165379	0.168568	0.168318	0.167784	0.167700	0.169026	0.168089	0.172448	0.171414	0.164568	0.157063	0.162610	0.159614	0.160040	0.172898	0.168577	0.169248	0.168166	0.172154	0.168965	0.164667	0.167169	0.158070	0.165089	0.165150	0.161011	0.162576	0.163384	0.174088	0.168666	0.160615	0.165631	0.168841	0.170159	0.169325	0.168332	0.168838	0.163918	0.161359	0.168045	0.170317	0.168277	0.163466	0.167201	0.168497	0.166123	0.167063	0.172394	0.162783	0.165644	0.162036	0.166458	0.161650	0.167408	0.165705	0.163246	0.161925	0.168734	0.172133	0.170388	0.170400	0.168821	0.175516	0.160852	0.167504	0.162133	0.160216	0.165633	0.163593	0.170189	0.165873	0.164945	0.170453	0.170068	0.170846	0.171389	0.157492	0.167911	0.168455	0.163770	0.163224	0.164178	0.160877	0.174071	0.171463	0.168559	0.156536	0.164109	0.170150	0.166406	0.166562	0.176919	0.195715	0.196798	0.188098	0.216705	0.193325	0.187790	0.247712	0.170814	0.164182	0.196003	0.184175	0.199031	0.194588	0.175275	0.295308	0.202831	0.240940	0.186917	0.306916	0.174940	0.167407	0.180617	0.171771	0.169055	0.188148	0.165707	0.201475	0.169405	0.190016	0.164732	0.201768	0.171433	0.176123	0.178412	0.193628	0.200758	0.179345	0.213467	0.181063	0.188570	0.192271	0.191917	0.209844	0.163687	0.196925	0.177444	0.198832	0.177441	0.162424	0.184444	0.227304	0.197781	0.199814	0.177466	0.189522	0.215924	0.177420	0.177585	0.164466	0.184041	0.157154	0.195097	0.184873	0.164964	0.228532	0.192271	0.183390	0.200972	0.170572	0.193077	0.199671	0.197124	0.192751	0.197967	0.205053	
0.172653	0.165101	0.158571	0.000000	0.158554	0.166046	0.165909	0.164130	0.166793	0.165343	0.164074	0.163341	0.162297	0.156747	0.169051	0.168182	0.169471	0.161376	0.163547	0.166246	0.163029	0.160441	0.172150	0.167654	0.165136	0.155862	0.167413	0.161406	0.160586	0.162936	0.167267	0.156744	0.163009	0.164147	0.162625	0.168892	0.162457	0.166971	0.165427	0.163495	0.168797	0.165229	0.169063	0.168400	0.169821	0.159529	0.158545	0.161506	0.159253	0.159112	0.170344	0.169006	0.165470	0.167710	0.168231	0.165101	0.162288	0.166477	0.158296	0.163726	0.164828	0.160688	0.160671	0.165490	0.169188	0.165720	0.162421	0.161034	0.163348	0.165794	0.172453	0.164487	0.166215	0.161264	0.158359	0.162900	0.165300	0.169936	0.161883	0.162854	0.167339	0.164282	0.161589	0.165288	0.162679	0.162911	0.164478	0.163098	0.160502	0.165291	0.162697	0.159894	0.159330	0.168157	0.169050	0.167024	0.165511	0.165352	0.170606	0.160098	0.168592	0.162247	0.156819	0.163444	0.161760	0.169219	0.165512	0.164359	0.167508	0.167055	0.167896	0.165816	0.160401	0.162527	0.165164	0.164659	0.161274	0.160812	0.158705	0.172145	0.168966	0.169588	0.158362	0.162920	0.169872	0.163022	0.159373	0.174293	0.191087	0.194986	0.186822	0.218660	0.196744	0.186238	0.244204	0.171747	0.162371	0.193796	0.185386	0.203051	0.194166	0.175939	0.305664	0.198690	0.240361	0.182659	0.312409	0.172100	0.167087	0.179599	0.166508	0.169118	0.185268	0.161415	0.203424	0.170834	0.189336	0.164298	0.204419	0.171491	0.175663	0.179428	0.191414	0.196160	0.176405	0.214485	0.182722	0.189621	0.190415	0.186526	0.205771	0.161177	0.196991	0.173258	0.194682	0.173806	0.159477	0.179885	0.246527	0.196580	0.196341	0.174199	0.181757	0.216136	0.174502	0.177042	0.158399	0.182536	0.159614	0.194916	0.187908	0.157948	0.218482	0.190853	0.184698	0.200000	0.169938	0.192248	0.199682	0.194218	0.192102	0.196747	0.203202	
0.174120	0.167889	0.165153	0.158554	0.000000	0.170056	0.167807	0.164542	0.169953	0.167262	0.166154	0.161692	0.161474	0.159175	0.171711	0.166395	0.169662	0.161659	0.165518	0.167513	0.168469	0.164715	0.171667	0.167867	0.169074	0.164067	0.164043	0.162022	0.164832	0.166677	0.170342	0.159216	0.162623	0.168222	0.167115	0.167784	0.164742	0.170466	0.170310	0.165393	0.166886	0.169097	0.168756	0.167231	0.170346	0.163546	0.159464	0.162718	0.166062	0.159722	0.171672	0.169607	0.170936	0.171037	0.172044	0.168536	0.159114	0.165757	0.162574	0.168212	0.165988	0.162813	0.161709	0.163743	0.171636	0.167273	0.161767	0.167900	0.167429	0.174022	0.171016	0.167724	0.167011	0.163795	0.161072	0.163579	0.169228	0.169843	0.164284	0.167662	0.169905	0.165779	0.164790	0.166593	0.163559	0.166104	0.166049	0.167501	0.164558	0.166531	0.163879	0.165852	0.164506	0.168075	0.169643	0.170625	0.166395	0.167461	0.175299	0.161097	0.166949	0.162096	0.155510	0.166385	0.158551	0.170761	0.165644	0.167543	0.170262	0.167573	0.169214	0.168587	0.162753	0.167377	0.169175	0.163313	0.167388	0.163197	0.162630	0.168180	0.168295	0.171230	0.161072	0.162358	0.168715	0.164256	0.162682	0.179852	0.188817	0.198110	0.192480	0.221734	0.194949	0.187425	0.237389	0.171675	0.164546	0.193740	0.179733	0.197485	0.194444	0.174462	0.306556	0.202534	0.247918	0.186511	0.312046	0.176407	0.170387	0.183419	0.171209	0.170242	0.188466	0.166656	0.205894	0.170138	0.193191	0.166751	0.197493	0.173088	0.177230	0.179354	0.189705	0.196854	0.174757	0.218603	0.184949	0.192010	0.193100	0.192972	0.205299	0.162683	0.198678	0.180291	0.194324	0.175053	0.162080	0.180794	0.243894	0.200098	0.202848	0.178857	0.185869	0.218328	0.178849	0.178277	0.161857	0.185571	0.163734	0.196572	0.189250	0.163936	0.224197	0.194871	0.184600	0.198396	0.173004	0.191871	0.201731	0.199558	0.189841	0.198022	0.202748	
0.177272	0.167924	0.167986	0.166046	0.170056	0.000000	0.168103	0.172114	0.167786	0.169766	0.170928	0.167127	0.170595	0.170647	0.175583	0.172846	0.173230	0.171121	0.168248	0.168426	0.164002	0.167201	0.173160	0.168530	0.164408	0.164750	0.171143	0.168875	0.170596	0.173550	0.169585	0.166782	0.170020	0.167745	0.166865	0.169827	0.165712	0.170677	0.167222	0.169064	0.168204	0.170527	0.171161	0.171495	0.173938	0.170894	0.168478	0.168270	0.168998	0.168102	0.172869	0.172481	0.171987	0.170229	0.174132	0.171012	0.171188	0.176708	0.168090	0.175839	0.171319	0.168941	0.171835	0.169839	0.176031	0.167254	0.165001	0.164991	0.169809	0.174651	0.173401	0.169910	0.169804	0.172093	0.164887	0.169543	0.171603	0.172178	0.173301	0.167013	0.168123	0.170018	0.169887	0.170307	0.172712	0.170869	0.171738	0.170811	0.169662	0.170068	0.171378	0.171815	0.169085	0.171396	0.170939	0.168531	0.170175	0.167421	0.175972	0.168110	0.175030	0.169073	0.168626	0.174757	0.167578	0.171922	0.167754	0.165610	0.170009	0.168976	0.171840	0.170612	0.168541	0.170102	0.168070	0.170753	0.170053	0.171822	0.165597	0.173072	0.173796	0.168070	0.167441	0.170298	0.169026	0.174546	0.170758	0.182772	0.191438	0.197699	0.192635	0.213119	0.199746	0.188885	0.250594	0.171490	0.167169	0.196923	0.184117	0.198617	0.196142	0.176586	0.307551	0.202734	0.243389	0.186829	0.293353	0.176374	0.174923	0.188895	0.173555	0.170897	0.195378	0.167660	0.203555	0.171661	0.192682	0.164497	0.208837	0.169305	0.179388	0.179231	0.196206	0.198715	0.173141	0.217770	0.182143	0.193290	0.196997	0.193092	0.208084	0.166699	0.197737	0.175825	0.196504	0.178229	0.164707	0.185644	0.241716	0.197815	0.198249	0.178438	0.188167	0.223471	0.182459	0.181091	0.166952	0.183618	0.168343	0.198144	0.190835	0.164561	0.226635	0.192108	0.183921	0.197912	0.170412	0.194521	0.195755	0.193880	0.194064	0.199102	0.203866	
0.176249	0.167609	0.167200	0.165909	0.167807	0.168103	0.000000	0.171333	0.163615	0.164679	0.165030	0.168298	0.164823	0.166091	0.174716	0.168805	0.168958	0.168155	0.167598	0.165725	0.167366	0.168414	0.169896	0.169052	0.167795	0.168917	0.171202	0.169627	0.169110	0.170278	0.168807	0.166112	0.171651	0.169324	0.164324	0.170464	0.165420	0.168340	0.167117	0.164167	0.170723	0.171559	0.167913	0.167169	0.170312	0.168558	0.162751	0.166185	0.167325	0.168561	0.168844	0.168579	0.168749	0.170258	0.171145	0.169293	0.171898	0.173030	0.166897	0.169346	0.170375	0.167284	0.167494	0.169649	0.172464	0.172808	0.170268	0.164112	0.166865	0.170644	0.172052	0.167086	0.164628	0.168027	0.167399	0.164576	0.166227	0.168803	0.167861	0.162859	0.168813	0.164772	0.164733	0.166562	0.171622	0.170021	0.171932	0.167127	0.166771	0.172723	0.169156	0.169433	0.167848	0.168413	0.171271	0.168362	0.166677	0.167002	0.173466	0.164670	0.172266	0.167430	0.166813	0.170493	0.167797	0.168812	0.169040	0.169551	0.171402	0.167669	0.170026	0.172083	0.166510	0.166709	0.168385	0.167190	0.169434	0.170980	0.167956	0.171235	0.167012	0.170027	0.169334	0.169270	0.170396	0.169669	0.167409	0.180038	0.198214	0.201353	0.189116	0.210226	0.193554	0.190416	0.247478	0.172832	0.164200	0.197122	0.184237	0.198421	0.194297	0.175592	0.314627	0.202215	0.239746	0.186781	0.301291	0.173612	0.167677	0.180946	0.171546	0.168142	0.188927	0.168493	0.206018	0.174631	0.192251	0.163967	0.201006	0.170918	0.178468	0.182589	0.195881	0.198526	0.169803	0.217044	0.183324	0.189346	0.191472	0.194096	0.205620	0.168472	0.195060	0.180327	0.194998	0.176270	0.164144	0.182793	0.236559	0.198779	0.200287	0.175779	0.185506	0.220890	0.179162	0.178606	0.166234	0.184858	0.164591	0.198015	0.189109	0.162195	0.223059	0.192507	0.179744	0.201088	0.170190	0.191368	0.199949	0.199306	0.189370	0.197802	0.196689	
0.175236	0.171371	0.163158	0.164130	0.164542	0.172114	0.171333	0.000000	0.171396	0.169808	0.168893	0.168090	0.167746	0.162327	0.174884	0.172711	0.176969	0.165628	0.170782	0.171423	0.171957	0.166531	0.177467	0.169432	0.175326	0.167023	0.170126	0.167620	0.166154	0.165367	0.174135	0.160699	0.168899	0.169620	0.167913	0.173304	0.170225	0.171337	0.170428	0.169421	0.170664	0.172622	0.173364	0.174348	0.175609	0.163484	0.163274	0.165755	0.166321	0.160881	0.175165	0.174838	0.175077	0.171344	0.173580	0.172125	0.169417	0.171567	0.165421	0.167211	0.165755	0.165891	0.165576	0.169400	0.173413	0.170244	0.164434	0.167610	0.169191	0.176101	0.176730	0.169596	0.171606	0.164057	0.163483	0.169470	0.174846	0.170043	0.167149	0.164881	0.173344	0.170417	0.171312	0.174433	0.170246	0.168184	0.167832	0.169504	0.169285	0.170750	0.167630	0.165251	0.166384	0.173282	0.171666	0.171078	0.171906	0.172644	0.177968	0.166259	0.170927	0.165955	0.163124	0.172425	0.163984	0.169904	0.171010	0.170036	0.170788	0.173370	0.172429	0.173973	0.167891	0.171874	0.170410	0.167747	0.168335	0.168092	0.162838	0.173932	0.173473	0.173656	0.169012	0.166300	0.170630	0.166405	0.167776	0.181726	0.193369	0.202046	0.193968	0.227993	0.197618	0.193972	0.243556	0.173517	0.168153	0.197699	0.190328	0.206147	0.201509	0.178452	0.314627	0.204818	0.240840	0.190680	0.287988	0.179267	0.173369	0.186542	0.173685	0.162537	0.203655	0.168313	0.209727	0.171905	0.196309	0.168213	0.205555	0.176445	0.182432	0.184996	0.199540	0.205171	0.176693	0.219704	0.188691	0.193203	0.194133	0.195599	0.212501	0.168463	0.199477	0.181812	0.199207	0.177625	0.165996	0.188211	0.247917	0.204156	0.198708	0.179182	0.186953	0.221981	0.183429	0.182871	0.168146	0.187661	0.163481	0.202983	0.194666	0.168637	0.221802	0.195717	0.189550	0.211451	0.175193	0.198374	0.203968	0.203893	0.193805	0.202763	0.208264	
0.171645	0.171178	0.168567	0.166793	0.169953	0.167786	0.163615	0.171396	0.000000	0.167898	0.168593	0.168096	0.167690	0.166813	0.173572	0.167179	0.171699	0.169260	0.168870	0.170437	0.167094	0.167794	0.173247	0.164537	0.169231	0.169058	0.171151	0.169432	0.169262	0.168432	0.166604	0.168295	0.172425	0.170738	0.167074	0.170756	0.163529	0.170519	0.166614	0.166312	0.168387	0.172996	0.167544	0.171387	0.172308	0.166354	0.165811	0.169895	0.171534	0.168160	0.171063	0.171734	0.171679	0.169077	0.170319	0.166948	0.167305	0.173580	0.169088	0.171115	0.169132	0.170625	0.168831	0.171251	0.174194	0.169783	0.168546	0.167147	0.164557	0.166980	0.172001	0.168288	0.168325	0.169853	0.169036	0.164352	0.170283	0.170574	0.169655	0.167357	0.167910	0.168128	0.168137	0.171122	0.171818	0.168054	0.170121	0.170329	0.164402	0.168743	0.171094	0.170201	0.170069	0.167752	0.170791	0.166520	0.166322	0.169018	0.172792	0.164643	0.170253	0.166385	0.166374	0.170672	0.171545	0.169204	0.167679	0.169764	0.166782	0.170752	0.173099	0.171311	0.167575	0.170822	0.166897	0.172719	0.169186	0.171631	0.168152	0.169234	0.171207	0.165873	0.169234	0.168878	0.169729	0.171863	0.172718	0.178519	0.197061	0.199150	0.190965	0.202023	0.192389	0.187937	0.238912	0.172143	0.166081	0.195625	0.180637	0.196467	0.193496	0.176766	0.291897	0.201959	0.245366	0.185801	0.290647	0.174923	0.170611	0.183089	0.171578	0.170010	0.190594	0.171611	0.203594	0.173062	0.192021	0.166455	0.206300	0.175778	0.181000	0.183969	0.189919	0.195355	0.182501	0.212304	0.185434	0.189174	0.190108	0.192119	0.207734	0.167239	0.195194	0.181436	0.196202	0.176981	0.165105	0.182342	0.232186	0.193241	0.197839	0.174987	0.181236	0.220255	0.180628	0.181212	0.164045	0.184378	0.162009	0.194410	0.185976	0.167717	0.225873	0.190254	0.184966	0.202462	0.175675	0.194308	0.200909	0.197377	0.193077	0.197234	0.196391	
0.171013	0.168778	0.169007	0.165343	0.167262	0.169766	0.164679	0.169808	0.167898	0.000000	0.166751	0.164256	0.165893	0.166018	0.170441	0.168405	0.169487	0.170288	0.164890	0.164420	0.166458	0.167900	0.169148	0.168756	0.169410	0.168391	0.169971	0.171022	0.167709	0.171110	0.165734	0.165215	0.167618	0.165048	0.165205	0.168974	0.164940	0.167356	0.164180	0.167931	0.168264	0.169714	0.169814	0.169081	0.170002	0.167606	0.163981	0.166259	0.167345	0.166332	0.169802	0.166500	0.168464	0.167715	0.169121	0.166594	0.168760	0.176075	0.168171	0.172111	0.170850	0.168485	0.167357	0.171893	0.167043	0.165662	0.166416	0.164126	0.164545	0.164314	0.168215	0.167180	0.167105	0.170075	0.164097	0.163201	0.169314	0.167921	0.169867	0.165127	0.168716	0.167743	0.165707	0.166635	0.168796	0.170779	0.170373	0.170394	0.169153	0.172087	0.171869	0.169837	0.167753	0.167627	0.168380	0.164848	0.165016	0.164021	0.174384	0.161961	0.170980	0.163534	0.165684	0.171303	0.167043	0.169865	0.167324	0.164704	0.167294	0.170964	0.166614	0.170279	0.167241	0.165381	0.165736	0.170410	0.167943	0.170651	0.166656	0.172734	0.169674	0.166186	0.164452	0.171844	0.168874	0.167962	0.170833	0.179082	0.193724	0.196570	0.190623	0.210962	0.195350	0.183776	0.241758	0.170684	0.165601	0.192204	0.185622	0.199346	0.196964	0.176093	0.302218	0.201428	0.224719	0.186867	0.298701	0.175353	0.169156	0.182271	0.172057	0.168539	0.183338	0.167125	0.203093	0.171452	0.193820	0.161004	0.208199	0.173881	0.177781	0.179418	0.195579	0.198106	0.170274	0.209235	0.182511	0.189623	0.192942	0.188815	0.207653	0.167080	0.196084	0.180902	0.194293	0.172991	0.160842	0.183701	0.233622	0.195148	0.198797	0.175988	0.182279	0.215776	0.179268	0.178511	0.167046	0.184287	0.163920	0.198187	0.188436	0.164166	0.223702	0.189550	0.181163	0.195439	0.169102	0.190501	0.197369	0.197183	0.189322	0.197472	0.196369	
0.170617	0.168019	0.164362	0.164074	0.166154	0.170928	0.165030	0.168893	0.168593	0.166751	0.000000	0.165808	0.163217	0.160219	0.173199	0.167297	0.169559	0.166509	0.168741	0.166509	0.169552	0.165839	0.175025	0.167935	0.169125	0.163765	0.168617	0.165619	0.167127	0.164339	0.170702	0.164582	0.168837	0.169432	0.165693	0.169096	0.167685	0.169936	0.165912	0.166918	0.167671	0.170068	0.169414	0.168501	0.168806	0.163609	0.161781	0.164119	0.163056	0.160818	0.170075	0.170675	0.169223	0.167172	0.172095	0.167149	0.164337	0.168188	0.166583	0.164896	0.165282	0.163857	0.164589	0.165210	0.173312	0.165617	0.164371	0.168376	0.168805	0.168544	0.169457	0.165343	0.169586	0.166373	0.163890	0.166384	0.170055	0.169676	0.162376	0.166394	0.167663	0.167348	0.167451	0.170299	0.165243	0.167525	0.170532	0.169935	0.164855	0.168311	0.167033	0.163562	0.163796	0.169955	0.171247	0.169707	0.168480	0.171010	0.175727	0.160384	0.166163	0.166269	0.162934	0.167368	0.162579	0.171698	0.164981	0.163663	0.168680	0.166468	0.168500	0.171621	0.163210	0.171152	0.169561	0.161298	0.165502	0.167527	0.164495	0.166834	0.172039	0.173281	0.164081	0.167609	0.168586	0.163871	0.164384	0.175388	0.195150	0.197764	0.192744	0.209851	0.193046	0.191742	0.246796	0.176362	0.166945	0.196190	0.183904	0.202121	0.194125	0.173417	0.307838	0.203048	0.235644	0.182837	0.294372	0.175556	0.170497	0.184718	0.169802	0.160397	0.189794	0.166143	0.203952	0.172686	0.194927	0.167324	0.203272	0.172858	0.179042	0.177188	0.193846	0.199868	0.185128	0.217139	0.180704	0.185649	0.194031	0.193750	0.208907	0.169115	0.198109	0.178946	0.197697	0.178168	0.164438	0.183077	0.241112	0.195835	0.196913	0.179958	0.185052	0.215883	0.178234	0.178399	0.165050	0.187444	0.165854	0.196625	0.188064	0.166403	0.223634	0.195156	0.186188	0.201590	0.169857	0.194928	0.199429	0.198372	0.190518	0.200027	0.203714	
0.170530	0.166938	0.163943	0.163341	0.161692	0.167127	0.168298	0.168090	0.168096	0.164256	0.165808	0.000000	0.163889	0.163857	0.171753	0.169019	0.170267	0.162613	0.166343	0.165100	0.165313	0.166020	0.169428	0.166437	0.169794	0.166374	0.167889	0.166343	0.165437	0.167889	0.169976	0.162671	0.166259	0.165581	0.167981	0.173595	0.165234	0.170278	0.165236	0.168284	0.166750	0.169399	0.170249	0.169601	0.165988	0.165227	0.164724	0.163419	0.163769	0.165341	0.172987	0.168450	0.169183	0.166887	0.170675	0.166917	0.166949	0.171767	0.165706	0.168087	0.166677	0.165737	0.167043	0.166197	0.170279	0.166416	0.163053	0.165434	0.162907	0.170625	0.173117	0.168601	0.169982	0.170030	0.163963	0.164894	0.172038	0.172905	0.168317	0.167138	0.168014	0.167272	0.168522	0.166395	0.168721	0.166062	0.169617	0.167564	0.166928	0.167564	0.166813	0.164817	0.167220	0.169285	0.168963	0.165069	0.165465	0.167367	0.173701	0.162485	0.169208	0.161567	0.159178	0.170588	0.164067	0.172388	0.168920	0.168804	0.170094	0.167760	0.170215	0.172707	0.164319	0.170039	0.166270	0.165402	0.166374	0.167158	0.167294	0.173856	0.168482	0.167638	0.161197	0.165060	0.167053	0.167262	0.167721	0.179235	0.192633	0.196936	0.187187	0.204857	0.198670	0.187631	0.247487	0.172298	0.164698	0.195548	0.185216	0.197552	0.197413	0.173118	0.310599	0.202154	0.239980	0.186129	0.302899	0.169144	0.167589	0.183613	0.171818	0.165025	0.188861	0.164674	0.200324	0.170555	0.189441	0.164460	0.202439	0.174141	0.176543	0.183028	0.192868	0.195458	0.171782	0.213622	0.181544	0.190038	0.194800	0.188457	0.205635	0.167398	0.198211	0.175230	0.193716	0.176548	0.164044	0.182520	0.225572	0.194303	0.198126	0.175257	0.185625	0.219093	0.178067	0.177717	0.161248	0.187440	0.162873	0.196443	0.192671	0.166362	0.225420	0.187546	0.183707	0.196364	0.169729	0.193991	0.199318	0.198527	0.189539	0.201123	0.201471	
0.172438	0.170912	0.161681	0.162297	0.161474	0.170595	0.164823	0.167746	0.167690	0.165893	0.163217	0.163889	0.000000	0.163081	0.171500	0.169830	0.170817	0.159570	0.165307	0.167566	0.168847	0.165726	0.173255	0.169134	0.168712	0.159757	0.168299	0.163908	0.164747	0.168204	0.167128	0.161262	0.168288	0.169510	0.167753	0.169070	0.167536	0.166656	0.164471	0.166761	0.164860	0.167669	0.168896	0.167503	0.169859	0.163909	0.159829	0.159480	0.162814	0.161124	0.168048	0.169341	0.171475	0.167978	0.172533	0.173733	0.163934	0.166478	0.160951	0.163603	0.168173	0.161197	0.162709	0.162557	0.171307	0.169367	0.164230	0.164741	0.165673	0.169837	0.168803	0.165346	0.166688	0.164522	0.163291	0.168389	0.171303	0.168603	0.163233	0.166258	0.167629	0.166363	0.167982	0.170134	0.166197	0.166144	0.165451	0.166917	0.161543	0.164159	0.161345	0.162301	0.165183	0.167722	0.171518	0.170672	0.168215	0.165295	0.171955	0.158571	0.165944	0.158796	0.159711	0.162487	0.161993	0.167880	0.167241	0.166500	0.170235	0.168326	0.170472	0.169332	0.161869	0.165014	0.166395	0.164992	0.163454	0.165620	0.163724	0.169268	0.167900	0.169303	0.163354	0.166416	0.170507	0.165726	0.161703	0.180588	0.191573	0.195906	0.189613	0.211972	0.194147	0.188899	0.244076	0.171185	0.162550	0.195711	0.181980	0.203006	0.194422	0.174682	0.302218	0.199005	0.236829	0.187056	0.300860	0.169887	0.166720	0.181771	0.170132	0.169896	0.188924	0.166752	0.207140	0.166541	0.192152	0.164510	0.201724	0.176766	0.174266	0.179915	0.191327	0.196440	0.167883	0.213105	0.182817	0.194229	0.193153	0.196122	0.206981	0.162104	0.196602	0.179580	0.196341	0.173689	0.165890	0.180389	0.233148	0.201239	0.195342	0.177512	0.185940	0.212801	0.182233	0.178402	0.161513	0.180167	0.162941	0.200222	0.189276	0.162314	0.222527	0.191219	0.182364	0.196025	0.170932	0.193392	0.197608	0.199115	0.186675	0.198862	0.194525	
0.169647	0.166865	0.161355	0.156747	0.159175	0.170647	0.166091	0.162327	0.166813	0.166018	0.160219	0.163857	0.163081	0.000000	0.170830	0.164676	0.169584	0.156672	0.162786	0.163665	0.166854	0.162423	0.172691	0.165997	0.167105	0.157551	0.160512	0.162884	0.158389	0.162683	0.167705	0.159320	0.160776	0.166144	0.164650	0.168443	0.165410	0.168392	0.168026	0.164931	0.164661	0.166082	0.166457	0.168592	0.165651	0.160930	0.154044	0.158506	0.159128	0.155560	0.170046	0.167043	0.169846	0.165103	0.168047	0.165286	0.158321	0.163327	0.160730	0.162308	0.162471	0.159824	0.161005	0.164732	0.168340	0.166206	0.159189	0.160754	0.164627	0.167430	0.167148	0.164067	0.163710	0.161918	0.158733	0.163126	0.167850	0.165463	0.161100	0.162062	0.166667	0.164806	0.164672	0.169171	0.166291	0.163419	0.163041	0.161952	0.163300	0.164242	0.161588	0.161550	0.160617	0.164963	0.167712	0.166269	0.163350	0.165316	0.169260	0.160158	0.168311	0.164943	0.157155	0.162769	0.160873	0.167890	0.165465	0.164818	0.168383	0.168400	0.167608	0.169583	0.159812	0.163707	0.164396	0.159540	0.160020	0.163424	0.156572	0.170178	0.165977	0.165453	0.156373	0.163449	0.167870	0.158753	0.157806	0.174684	0.200649	0.193603	0.186559	0.215417	0.188070	0.184853	0.239111	0.170815	0.162048	0.191648	0.180647	0.196775	0.192279	0.170759	0.286245	0.197604	0.244587	0.184630	0.316327	0.172064	0.169534	0.182401	0.167815	0.165943	0.182849	0.164116	0.200113	0.171162	0.192233	0.163642	0.200742	0.176376	0.172376	0.178204	0.189247	0.196281	0.175846	0.213656	0.182543	0.187103	0.187325	0.195380	0.206015	0.161720	0.191240	0.178579	0.194264	0.171643	0.165965	0.181974	0.240709	0.196641	0.197477	0.171850	0.183682	0.213812	0.174208	0.177329	0.158264	0.183575	0.160215	0.193197	0.184676	0.160568	0.212817	0.188293	0.180507	0.196499	0.165070	0.189837	0.195938	0.197372	0.186008	0.201325	0.199137	
0.176548	0.173651	0.172500	0.169051	0.171711	0.175583	0.174716	0.174884	0.173572	0.170441	0.173199	0.171753	0.171500	0.170830	0.000000	0.170971	0.175437	0.172444	0.174791	0.170296	0.171861	0.173441	0.172440	0.169699	0.174850	0.172042	0.178450	0.172133	0.171915	0.173613	0.171941	0.171056	0.171834	0.175221	0.170732	0.174483	0.169170	0.171756	0.171475	0.169133	0.170854	0.175932	0.174145	0.174355	0.171281	0.173417	0.169010	0.167451	0.166625	0.168685	0.175946	0.174112	0.173305	0.174715	0.176013	0.175419	0.172902	0.176227	0.171923	0.174537	0.175665	0.171165	0.170186	0.173097	0.177570	0.172028	0.171185	0.168539	0.171706	0.176637	0.175806	0.172806	0.171126	0.169114	0.168109	0.171679	0.171983	0.173427	0.173009	0.169235	0.172442	0.174682	0.172420	0.173296	0.177613	0.173256	0.176175	0.174785	0.171412	0.173441	0.172585	0.169944	0.167335	0.176991	0.173569	0.173348	0.169899	0.172193	0.179384	0.168578	0.172522	0.170585	0.169366	0.175003	0.170715	0.173370	0.172297	0.172921	0.175019	0.172802	0.173828	0.175604	0.171171	0.171529	0.173239	0.169418	0.168939	0.176482	0.166551	0.172237	0.174240	0.171007	0.168485	0.173771	0.175100	0.173409	0.175442	0.181501	0.200695	0.203393	0.192748	0.214769	0.200691	0.191085	0.248292	0.177304	0.169386	0.199155	0.189963	0.203148	0.200814	0.180159	0.310056	0.206938	0.243389	0.191303	0.305916	0.178040	0.177467	0.190655	0.174564	0.170047	0.192854	0.171072	0.204070	0.177701	0.197758	0.168189	0.207272	0.177919	0.180137	0.182522	0.200787	0.204187	0.186740	0.220999	0.187779	0.191245	0.197346	0.201129	0.210159	0.169296	0.198675	0.176168	0.198196	0.182139	0.168634	0.189187	0.249652	0.203542	0.199728	0.180966	0.190286	0.222704	0.184237	0.181800	0.167194	0.187854	0.164194	0.201801	0.193907	0.170809	0.215579	0.194098	0.188434	0.205876	0.172842	0.195159	0.205895	0.203569	0.192803	0.202729	0.205620	
0.170939	0.169788	0.169189	0.168182	0.166395	0.172846	0.168805	0.172711	0.167179	0.168405	0.167297	0.169019	0.169830	0.164676	0.170971	0.000000	0.172633	0.170314	0.168331	0.168217	0.169749	0.168070	0.171418	0.166164	0.169499	0.169745	0.171109	0.170381	0.170051	0.171308	0.169082	0.166991	0.169703	0.170413	0.166886	0.173056	0.166321	0.169398	0.167776	0.168425	0.164283	0.168089	0.168123	0.170352	0.169327	0.170223	0.166269	0.168343	0.166426	0.167358	0.174009	0.166677	0.169451	0.171384	0.170310	0.169011	0.170936	0.175352	0.167556	0.170332	0.170103	0.167023	0.167579	0.169986	0.172823	0.171028	0.166845	0.163850	0.165588	0.168342	0.171520	0.171378	0.172416	0.168604	0.163568	0.165088	0.168773	0.170439	0.171538	0.165470	0.165944	0.166845	0.168674	0.170893	0.169501	0.170013	0.172270	0.173845	0.171147	0.169042	0.171816	0.170241	0.167556	0.168215	0.169232	0.168478	0.168844	0.166803	0.174170	0.164219	0.169142	0.165840	0.165337	0.172931	0.169714	0.173075	0.167273	0.167671	0.172199	0.170522	0.168604	0.170214	0.168258	0.170059	0.166248	0.169936	0.169928	0.173593	0.168124	0.173687	0.171104	0.167620	0.166049	0.169837	0.173068	0.172832	0.170141	0.174881	0.196776	0.198308	0.190605	0.204557	0.196793	0.188360	0.253492	0.174234	0.167222	0.194887	0.183360	0.205668	0.199335	0.176815	0.309326	0.201207	0.241565	0.187315	0.298399	0.176538	0.172365	0.184680	0.175027	0.160581	0.188406	0.171410	0.207379	0.176560	0.193007	0.167937	0.206174	0.174287	0.179644	0.182443	0.194766	0.199387	0.179402	0.217518	0.188862	0.189897	0.192014	0.194250	0.209463	0.165519	0.197281	0.181759	0.198479	0.176975	0.168008	0.184934	0.238112	0.193879	0.197935	0.175570	0.189349	0.218818	0.182043	0.181233	0.163384	0.186038	0.165939	0.196184	0.192162	0.167141	0.217062	0.193322	0.184572	0.202990	0.169507	0.193872	0.199519	0.197075	0.193428	0.198338	0.195159	
0.176729	0.172217	0.172027	0.169471	0.169662	0.173230	0.168958	0.176969	0.171699	0.169487	0.169559	0.170267	0.170817	0.169584	0.175437	0.172633	0.000000	0.174975	0.167608	0.169321	0.169128	0.175829	0.171942	0.170866	0.173562	0.171285	0.175005	0.174572	0.170014	0.172457	0.171739	0.174262	0.169678	0.170082	0.169778	0.174542	0.167012	0.171002	0.168788	0.166426	0.170131	0.172347	0.173381	0.171746	0.170139	0.170311	0.168077	0.169656	0.168002	0.170837	0.174112	0.172073	0.170115	0.171741	0.170993	0.172624	0.173356	0.172269	0.171921	0.172154	0.171801	0.173826	0.174361	0.173480	0.175810	0.172944	0.170221	0.164283	0.169080	0.172271	0.173250	0.167829	0.174724	0.173160	0.169759	0.168847	0.170433	0.171068	0.169072	0.170554	0.170138	0.167440	0.170361	0.171766	0.173494	0.172731	0.174072	0.172630	0.168673	0.171273	0.172476	0.170223	0.166729	0.168159	0.171305	0.169247	0.168455	0.169334	0.174104	0.169026	0.175221	0.172641	0.167837	0.172608	0.171998	0.174505	0.169172	0.168891	0.173163	0.174250	0.171421	0.173613	0.171703	0.173848	0.168842	0.172472	0.171461	0.173299	0.171545	0.172034	0.173572	0.171296	0.171387	0.172881	0.172574	0.172591	0.171438	0.181322	0.206233	0.198311	0.193625	0.215265	0.192907	0.190376	0.250000	0.174018	0.172255	0.194406	0.185237	0.201333	0.197668	0.177396	0.302752	0.206257	0.238211	0.187923	0.305036	0.178427	0.173557	0.187536	0.175129	0.178609	0.189838	0.166955	0.210535	0.176896	0.196163	0.165684	0.213824	0.173641	0.178230	0.183313	0.197804	0.204198	0.186504	0.215580	0.187453	0.191318	0.192942	0.200614	0.205916	0.169233	0.198663	0.182418	0.196070	0.180405	0.166741	0.185596	0.244460	0.195496	0.201890	0.180596	0.187323	0.220382	0.181732	0.185392	0.169332	0.185879	0.170056	0.201070	0.194423	0.168222	0.219178	0.192653	0.185908	0.196699	0.176900	0.195952	0.201670	0.202966	0.194579	0.196696	0.201222	
0.173719	0.169388	0.161728	0.161376	0.161659	0.171121	0.168155	0.165628	0.169260	0.170288	0.166509	0.162613	0.159570	0.156672	0.172444	0.170314	0.174975	0.000000	0.167766	0.168791	0.168389	0.164291	0.177307	0.169816	0.168777	0.161667	0.165127	0.166259	0.160173	0.163201	0.170331	0.160590	0.163755	0.169689	0.168005	0.170649	0.164256	0.171438	0.170087	0.169272	0.168746	0.169981	0.171965	0.170906	0.169987	0.162883	0.159530	0.161485	0.162936	0.153344	0.172539	0.170586	0.172581	0.170552	0.174790	0.170496	0.164592	0.167651	0.160683	0.164940	0.166060	0.160440	0.162359	0.164679	0.173659	0.171685	0.161643	0.166415	0.169692	0.173547	0.173782	0.167369	0.170105	0.163086	0.160914	0.165277	0.171035	0.171957	0.163138	0.167065	0.167944	0.170768	0.170251	0.172559	0.167566	0.168799	0.166635	0.168329	0.164658	0.168780	0.168320	0.161836	0.161564	0.169846	0.171188	0.167682	0.167075	0.170552	0.175097	0.160780	0.168721	0.165495	0.158960	0.165255	0.162700	0.174358	0.168758	0.168434	0.173402	0.170249	0.173102	0.170129	0.158017	0.169817	0.170206	0.158245	0.165022	0.163067	0.157934	0.174167	0.171719	0.169472	0.161887	0.164115	0.173064	0.163142	0.166228	0.179830	0.198052	0.198836	0.188083	0.211538	0.194144	0.190582	0.237671	0.173499	0.166400	0.194942	0.185611	0.203567	0.197202	0.176148	0.292751	0.202818	0.237909	0.186739	0.305556	0.175206	0.172209	0.185586	0.170460	0.164761	0.196485	0.169880	0.204234	0.172101	0.193565	0.168879	0.204619	0.178902	0.178229	0.183719	0.194684	0.200613	0.177822	0.218776	0.185842	0.189776	0.195525	0.188498	0.210474	0.168058	0.200281	0.178395	0.197401	0.176604	0.165741	0.185902	0.242867	0.198780	0.200861	0.176745	0.188516	0.217031	0.176139	0.178003	0.163385	0.184765	0.160271	0.199125	0.189008	0.167151	0.231561	0.193018	0.189445	0.201176	0.172649	0.195652	0.200962	0.198226	0.195322	0.201447	0.201839	
0.173619	0.165997	0.169259	0.163547	0.165518	0.168248	0.167598	0.170782	0.168870	0.164890	0.168741	0.166343	0.165307	0.162786	0.174791	0.168331	0.167608	0.167766	0.000000	0.167043	0.166990	0.170117	0.170166	0.165506	0.168586	0.168360	0.171604	0.170261	0.169191	0.169763	0.167159	0.166343	0.169344	0.170533	0.163951	0.168244	0.163588	0.169687	0.167012	0.168600	0.166562	0.171595	0.172606	0.168748	0.171637	0.166312	0.165224	0.168173	0.163107	0.164408	0.168225	0.170405	0.172029	0.169089	0.172217	0.165632	0.169253	0.171043	0.170115	0.172500	0.170788	0.168173	0.165211	0.168830	0.174641	0.169871	0.166510	0.162159	0.168141	0.173067	0.174339	0.164812	0.166855	0.168947	0.164284	0.167178	0.167148	0.169617	0.167054	0.163523	0.168047	0.165653	0.167345	0.168698	0.168400	0.171448	0.172628	0.171523	0.168725	0.174840	0.170219	0.171271	0.166228	0.169142	0.166667	0.168957	0.166959	0.167995	0.171672	0.165361	0.170227	0.163710	0.165548	0.169967	0.164471	0.168360	0.167116	0.165727	0.167441	0.170078	0.172384	0.171409	0.164275	0.166562	0.167368	0.169659	0.166761	0.168936	0.166363	0.167711	0.170460	0.171717	0.162591	0.167617	0.165924	0.170753	0.170093	0.177580	0.195526	0.195580	0.190461	0.203570	0.193228	0.189828	0.241471	0.172149	0.165526	0.193402	0.181974	0.202904	0.197003	0.176160	0.300935	0.199650	0.239921	0.184891	0.295224	0.171626	0.171486	0.187310	0.171477	0.166523	0.186075	0.166048	0.202044	0.172155	0.190841	0.164965	0.201532	0.171844	0.176070	0.179489	0.192724	0.195684	0.177891	0.210087	0.182904	0.188111	0.192852	0.190809	0.210547	0.165584	0.192737	0.176944	0.194614	0.175837	0.164966	0.181640	0.232292	0.196795	0.199026	0.173189	0.184427	0.218818	0.179487	0.179010	0.163598	0.183258	0.166930	0.196699	0.186821	0.163912	0.222871	0.188608	0.183223	0.198123	0.171929	0.193740	0.196976	0.197036	0.190590	0.197110	0.195302	
0.170658	0.168204	0.165245	0.166246	0.167513	0.168426	0.165725	0.171423	0.170437	0.164420	0.166509	0.165100	0.167566	0.163665	0.170296	0.168217	0.169321	0.168791	0.167043	0.000000	0.166333	0.164680	0.168007	0.169938	0.169536	0.168235	0.171825	0.171493	0.168137	0.171918	0.169203	0.165862	0.165390	0.167147	0.165758	0.169278	0.167159	0.165601	0.167754	0.166803	0.164871	0.173003	0.169803	0.169093	0.169846	0.167011	0.164461	0.170525	0.163567	0.164512	0.172252	0.169109	0.168538	0.170862	0.168893	0.169447	0.168237	0.172687	0.167680	0.171851	0.171247	0.166928	0.170289	0.169510	0.170995	0.166667	0.168350	0.164826	0.168036	0.173247	0.169975	0.167567	0.168681	0.169239	0.163040	0.164067	0.169135	0.169303	0.169805	0.164382	0.168863	0.165224	0.167544	0.166468	0.171085	0.173327	0.167945	0.172716	0.164859	0.168192	0.171110	0.171272	0.166364	0.166468	0.167158	0.169228	0.166154	0.165673	0.173384	0.166823	0.170490	0.166113	0.165244	0.170678	0.166301	0.168904	0.166479	0.163838	0.166792	0.170225	0.169979	0.170271	0.168537	0.169792	0.169659	0.169501	0.170571	0.171018	0.167243	0.168808	0.170888	0.166740	0.164566	0.170030	0.168717	0.173084	0.170270	0.175354	0.192928	0.198986	0.189264	0.206592	0.195110	0.184898	0.246291	0.170540	0.165387	0.192176	0.186493	0.201164	0.196772	0.175426	0.307763	0.199313	0.231672	0.185453	0.304790	0.171999	0.168491	0.187095	0.169645	0.162879	0.185998	0.161740	0.201946	0.172031	0.191914	0.163835	0.206921	0.168751	0.178146	0.180897	0.194410	0.201313	0.166483	0.209814	0.184890	0.188916	0.191963	0.190523	0.208420	0.168999	0.196242	0.179859	0.195173	0.176919	0.161669	0.182648	0.222764	0.197660	0.194128	0.176370	0.182446	0.220041	0.181346	0.177047	0.164065	0.184990	0.166477	0.195929	0.190244	0.165616	0.214774	0.188608	0.184615	0.199932	0.166688	0.191161	0.201682	0.194272	0.190972	0.197685	0.195519	
0.171922	0.167574	0.169680	0.163029	0.168469	0.164002	0.167366	0.171957	0.167094	0.166458	0.169552	0.165313	0.168847	0.166854	0.171861	0.169749	0.169128	0.168389	0.166990	0.166333	0.000000	0.169451	0.169342	0.167522	0.168291	0.167918	0.170435	0.171984	0.171038	0.169840	0.167033	0.168397	0.171081	0.169586	0.166688	0.167219	0.162509	0.168293	0.166677	0.164258	0.168239	0.168636	0.167846	0.166531	0.167449	0.170117	0.164967	0.165623	0.166021	0.165258	0.172459	0.168625	0.167334	0.168394	0.167105	0.168231	0.171024	0.171223	0.166114	0.170495	0.167376	0.166020	0.167742	0.170327	0.173102	0.168442	0.166771	0.165644	0.166291	0.168503	0.172317	0.167764	0.165291	0.170069	0.168262	0.163083	0.169047	0.170455	0.171593	0.163624	0.168409	0.163798	0.164896	0.168192	0.169698	0.168093	0.172773	0.168407	0.169075	0.168804	0.166761	0.171470	0.168043	0.167573	0.167209	0.166615	0.163631	0.166291	0.172548	0.164979	0.170030	0.166583	0.165143	0.170877	0.167512	0.173353	0.166604	0.165042	0.166969	0.170360	0.168210	0.169523	0.168043	0.164132	0.168608	0.168639	0.169246	0.174245	0.167231	0.166469	0.171255	0.168764	0.168397	0.166417	0.167418	0.170671	0.172293	0.177041	0.196558	0.199704	0.187444	0.202218	0.192670	0.190615	0.236423	0.172872	0.164858	0.193682	0.182900	0.196422	0.191420	0.177405	0.290441	0.201789	0.231743	0.186446	0.300860	0.175556	0.169119	0.185726	0.171551	0.162120	0.189282	0.168816	0.203898	0.176386	0.188998	0.163756	0.204201	0.169633	0.178429	0.177769	0.194472	0.194950	0.180071	0.211015	0.182628	0.190941	0.192968	0.189678	0.204879	0.165142	0.195250	0.176764	0.195480	0.176888	0.160642	0.185232	0.228295	0.190397	0.196726	0.176024	0.188480	0.213259	0.178066	0.182136	0.162735	0.186541	0.161668	0.194793	0.186819	0.160342	0.214017	0.192462	0.184666	0.193639	0.173205	0.193766	0.195973	0.202031	0.195702	0.199813	0.199086	
