1.021014	-0.003866	-0.015651	-0.011941	-0.015483	-0.005463	-0.005639	-0.005411	0.013488	0.012298	0.002889	0.011210	-0.004609	-0.008312	-0.005275	0.015932	-0.004853	-0.000967	-0.011743	0.004007	-0.002066	-0.003384	-0.006806	0.008869	-0.002062	-0.001719	-0.010577	-0.000905	0.003957	-0.010131	0.013351	0.001005	-0.000365	0.006520	0.028842	-0.003292	-0.003241	0.006612	0.008080	-0.000912	0.003487	0.012766	0.023164	0.024519	0.002133	-0.003193	-0.023716	0.007524	-0.000348	-0.004824	0.007524	0.005688	0.002823	0.023004	0.015620	0.006398	-0.011440	-0.020353	-0.005676	-0.001326	0.018597	0.001734	-0.001784	-0.003739	0.009621	0.023141	-0.007615	0.014447	0.005698	0.008542	-0.003037	0.005345	0.009286	-0.013892	-0.011297	0.006771	0.007079	0.015520	-0.014296	0.006351	0.001709	-0.017340	-0.001607	0.023549	0.008516	0.007178	0.020087	0.001441	-0.003942	0.007897	-0.006503	-0.010070	-0.009409	-0.004028	0.000083	0.008410	0.016862	-0.002775	-0.000319	0.005110	0.005781	0.007604	-0.012704	0.001454	0.002037	0.010007	0.017137	0.000065	0.012541	-0.001704	0.007031	0.016750	-0.000394	0.015231	0.010746	-0.006106	-0.001992	0.000620	0.008406	0.009710	0.014066	0.028007	0.005317	-0.004057	-0.003929	-0.016661	-0.018798	-0.014051	-0.044702	-0.025769	-0.034180	-0.081911	-0.029137	-0.021299	-0.121817	0.000052	0.008693	-0.027685	-0.010772	-0.021166	-0.029323	-0.016301	-0.236360	-0.029226	-0.091879	-0.018105	-0.189728	-0.011145	-0.007088	-0.030658	-0.007580	-0.010094	-0.019803	-0.001833	-0.050139	-0.006439	-0.032136	-0.007732	-0.047187	-0.014392	-0.009545	-0.004719	-0.033063	-0.047721	0.000538	-0.045623	-0.020822	-0.024026	-0.026715	-0.037855	-0.055367	-0.002710	-0.034912	-0.004622	-0.018382	-0.000777	-0.012640	-0.019535	-0.099164	-0.042887	-0.024849	-0.013613	-0.015604	-0.078851	-0.018906	-0.030721	-0.007510	-0.015165	0.006989	-0.040721	-0.024125	-0.007381	-0.052210	-0.021115	-0.009712	-0.024696	0.001333	-0.018850	-0.031733	-0.015630	-0.033633	-0.029690	-0.058738	
-0.003866	0.967222	-0.000640	0.000837	0.000401	0.010394	0.013194	0.002180	-0.004132	-0.002883	0.006546	0.008847	-0.007808	-0.000004	-0.002105	0.000404	0.001511	0.005515	0.014238	0.004339	0.012524	-0.012806	0.002037	-0.006349	0.003945	-0.000813	0.000561	-0.008585	-0.005419	0.021639	0.005072	0.004938	0.002786	-0.001455	0.006553	0.001040	0.001656	0.015946	0.005809	0.011832	0.020363	-0.012055	0.007818	0.006754	0.000631	0.001840	-0.001698	-0.006344	-0.002593	-0.013452	0.006454	-0.011325	-0.003741	0.008271	0.015462	0.008236	0.012510	0.002493	-0.011617	-0.002055	0.000243	0.005998	0.001150	-0.001944	-0.003973	-0.008915	0.006254	0.011660	0.013755	0.011538	-0.002389	-0.009475	0.005227	0.000053	-0.006564	0.004492	0.013392	0.011299	-0.004572	-0.006977	-0.002865	-0.005550	-0.001019	0.016696	-0.003331	0.002426	-0.011614	-0.006701	-0.007730	-0.000785	-0.002052	0.004218	0.000989	0.016277	0.011651	-0.000525	0.003654	0.009128	-0.001980	-0.006617	-0.004124	-0.005711	-0.002497	-0.007439	0.005850	-0.000809	0.005345	-0.002301	-0.011409	0.001919	0.005431	0.001011	0.014393	-0.007880	0.007228	-0.005607	-0.002542	-0.007503	0.004044	0.013006	0.001193	0.003414	0.000588	0.005333	-0.002508	-0.002989	0.007952	-0.024997	-0.033951	-0.038948	-0.028270	-0.054098	-0.029421	-0.025765	-0.121929	-0.000109	0.004822	-0.032496	-0.012096	-0.025032	-0.017303	-0.009158	-0.203899	-0.039071	-0.076237	-0.018301	-0.151095	-0.009127	0.003579	-0.016313	-0.012569	-0.007516	-0.023768	0.015392	-0.043017	-0.022163	-0.034250	0.007423	-0.047878	-0.018278	-0.013139	-0.007505	-0.042302	-0.033289	0.011855	-0.054734	-0.019125	-0.035019	-0.007920	-0.040838	-0.025556	-0.008181	-0.023713	-0.007450	-0.030329	-0.007423	0.004287	-0.025270	-0.069343	-0.032229	-0.035621	-0.007752	-0.000831	-0.066657	-0.001612	-0.023041	0.005009	-0.018554	0.006830	-0.022443	-0.012835	0.006314	-0.016810	-0.027869	-0.025612	-0.032373	-0.004600	-0.044383	-0.014101	-0.037225	-0.016501	-0.024799	-0.037494	
-0.015651	-0.000640	0.921988	0.017657	0.001401	0.001242	-0.006509	0.022513	-0.005440	-0.006315	0.014938	0.014682	0.011532	0.004875	-0.013918	-0.004534	-0.002549	0.013069	-0.012018	0.000981	-0.008791	0.019876	-0.006493	-0.002294	0.003677	0.028252	0.020743	0.027045	0.016017	0.016353	-0.005678	0.025193	0.026245	0.015877	-0.009330	-0.004641	-0.001989	0.002305	-0.003478	-0.001922	-0.005019	-0.009546	0.002632	-0.016726	-0.006215	0.008550	0.031428	0.012473	0.015286	0.011240	-0.004657	0.002037	-0.000823	0.007759	-0.002048	-0.004750	0.013521	0.017269	0.029421	0.011414	0.010517	0.019065	0.019392	0.009479	-0.007355	-0.006228	0.024672	-0.004448	-0.005385	-0.007907	0.004696	-0.007051	-0.003171	0.007851	0.010011	-0.005599	0.006569	0.000978	0.011162	-0.003785	-0.003459	-0.007305	-0.003253	-0.009972	0.019093	0.002919	0.027417	0.001073	0.017003	-0.000362	0.002501	0.019230	0.023433	0.000571	-0.003082	-0.010934	-0.012175	-0.006008	-0.008131	0.017594	0.010731	0.006675	0.009751	0.024572	0.000766	-0.001237	0.008676	0.011070	-0.005505	0.001960	-0.007742	-0.003594	0.037717	0.009681	-0.002197	0.012003	0.005409	0.013746	0.016656	-0.012535	-0.009641	-0.002860	0.029620	0.002880	-0.010469	0.011927	0.006185	-0.022347	-0.049056	-0.042611	-0.020079	-0.091121	-0.027185	-0.031602	-0.116779	-0.006103	-0.005750	-0.044049	-0.025491	-0.029011	-0.024480	-0.010086	-0.207910	-0.051484	-0.088800	-0.020951	-0.202507	-0.012769	0.002070	-0.014584	-0.007512	-0.012963	-0.033587	-0.001082	-0.052927	0.008864	-0.029756	-0.005973	-0.048720	0.002182	-0.020484	-0.009285	-0.040302	-0.048982	-0.013616	-0.044662	-0.028945	-0.029413	-0.033598	-0.038016	-0.060555	0.004951	-0.042798	-0.013257	-0.048946	-0.017131	-0.000188	-0.035389	-0.095536	-0.038968	-0.042512	-0.020979	-0.035710	-0.067354	-0.016453	-0.021316	-0.000099	-0.019388	0.021488	-0.033232	-0.009990	-0.002777	-0.070226	-0.022790	-0.026177	-0.046310	-0.007556	-0.042223	-0.041764	-0.041756	-0.038924	-0.035444	-0.062359	
-0.011941	0.000837	0.017657	0.905182	0.021058	-0.007396	-0.000635	0.018416	0.002613	-0.006452	0.002627	0.003731	0.005017	0.015299	0.007665	-0.008775	-0.010730	0.017347	-0.003812	-0.010644	0.001346	0.016535	-0.016479	-0.003229	0.014992	0.028749	0.002024	0.024889	0.018252	0.000209	-0.003378	0.027995	0.015709	0.005485	0.000863	-0.010769	0.002513	-0.001535	-0.004333	0.004577	-0.020658	0.007203	-0.005251	0.001382	-0.015175	0.013918	0.013258	0.005260	0.007542	0.016024	-0.006550	-0.010882	0.010633	-0.007706	-0.003976	0.000357	0.017540	0.008606	0.013026	0.015673	0.003177	0.011405	0.020489	0.007243	0.002194	-0.003657	-0.001611	0.009082	0.002738	0.015447	-0.010889	-0.001415	-0.005133	0.014269	0.017901	0.000028	0.002175	-0.008432	0.014394	0.001271	-0.011879	0.005246	0.017356	0.008544	0.014317	0.011469	0.013035	0.014925	0.014501	-0.000170	0.010467	0.025923	0.027229	-0.008945	-0.011980	-0.002374	-0.001062	0.006552	0.009020	0.013279	-0.006793	0.009097	0.019118	0.015675	0.008727	-0.003153	-0.005289	-0.003317	-0.004267	-0.011338	0.000736	0.014684	0.016035	0.008113	0.008453	0.002671	0.011879	0.016734	0.025835	-0.016493	-0.007641	-0.002971	0.015481	0.004918	-0.009939	0.011815	0.022826	-0.014640	-0.040557	-0.037518	-0.026288	-0.083362	-0.050161	-0.032748	-0.116695	-0.017748	-0.001188	-0.038020	-0.037583	-0.039797	-0.034228	-0.018435	-0.209939	-0.044769	-0.126967	-0.016863	-0.190947	0.002719	-0.010012	-0.011495	0.004710	-0.012771	-0.022030	0.014709	-0.049248	-0.009863	-0.029778	-0.015743	-0.059456	-0.000341	-0.014333	-0.002942	-0.040188	-0.043131	-0.030559	-0.057831	-0.030388	-0.038363	-0.039574	-0.035743	-0.049282	0.010048	-0.041054	-0.005216	-0.041327	-0.014853	0.009847	-0.020469	-0.136167	-0.044933	-0.046639	-0.003073	-0.020532	-0.056194	-0.014999	-0.020389	0.008658	-0.017464	0.000403	-0.040510	-0.037656	0.014262	-0.072473	-0.031852	-0.025930	-0.047861	-0.012031	-0.040341	-0.049091	-0.029076	-0.033889	-0.044087	-0.065774	
-0.015483	0.000401	0.001401	0.021058	0.934472	-0.012249	-0.000373	0.022293	-0.010679	-0.004492	0.002004	0.015909	0.013262	0.015750	-0.000159	0.004623	0.011697	0.022400	0.011055	-0.007870	-0.003949	0.009814	0.002913	0.000533	-0.001846	0.008945	0.032690	0.021609	0.008944	0.007111	-0.004634	0.021012	0.017568	0.000787	-0.009047	0.001821	0.005047	-0.009474	-0.014054	0.003832	0.010569	0.003318	0.001255	0.004662	-0.010094	0.014972	0.012779	0.008161	-0.002871	0.021686	-0.004067	-0.007897	-0.006745	-0.017233	-0.007007	-0.000942	0.030981	0.018975	0.008778	0.000349	0.009790	0.010561	0.012428	0.019355	0.006725	-0.002728	0.010810	-0.016286	0.000340	-0.024496	0.008763	-0.008623	0.001883	0.010906	0.019219	0.011157	0.000042	-0.005024	0.008519	-0.012391	-0.002628	0.003399	0.007336	0.008857	0.019356	0.005189	0.015589	0.001186	-0.002836	0.007661	0.024677	0.003929	0.012040	-0.002239	0.001131	-0.005292	0.002982	-0.004153	-0.003253	0.010326	0.013328	0.013129	0.029999	0.015567	0.030424	-0.002996	0.002853	-0.004653	0.001107	0.009502	0.002594	0.011278	0.004472	0.006749	-0.003264	0.013908	0.002103	0.019682	0.012089	0.015254	-0.000144	-0.005729	0.012284	0.019975	0.000668	0.013703	0.023575	-0.026234	-0.039277	-0.044662	-0.040007	-0.087811	-0.042896	-0.032804	-0.093770	-0.010809	-0.002077	-0.033776	-0.008260	-0.024334	-0.031094	-0.005304	-0.221360	-0.054460	-0.114775	-0.028916	-0.217883	-0.019084	-0.013760	-0.018195	-0.004212	-0.010034	-0.047603	-0.002918	-0.058332	-0.001294	-0.037153	-0.003994	-0.027619	-0.005959	-0.005649	-0.003722	-0.037681	-0.041028	-0.014945	-0.060853	-0.034090	-0.032852	-0.039590	-0.054266	-0.044448	0.012034	-0.043046	-0.015863	-0.024661	-0.018741	0.009088	-0.024413	-0.138960	-0.060903	-0.051355	-0.025095	-0.038649	-0.071684	-0.018793	-0.016557	-0.002660	-0.025237	-0.001132	-0.039201	-0.033594	0.006098	-0.064554	-0.039973	-0.018598	-0.047764	-0.015966	-0.021155	-0.051876	-0.043366	-0.023053	-0.047378	-0.062837	
-0.005463	0.010394	0.001242	-0.007396	-0.012249	0.998388	0.011732	-0.004753	0.011991	0.003167	-0.001048	0.004223	-0.012902	-0.014969	-0.004056	-0.006155	-0.004966	-0.002606	-0.001606	-0.000060	0.023144	0.012684	0.002357	0.008376	0.025896	0.021948	-0.002686	0.007851	-0.006104	-0.008684	0.004343	0.002017	0.002541	0.016305	0.009564	0.013611	0.009129	0.005848	0.016608	-0.003478	0.013646	0.013841	0.001842	-0.000476	-0.007677	-0.010435	-0.004282	0.009112	-0.009843	-0.005106	0.001075	0.000829	-0.003441	0.001459	-0.004633	0.006462	-0.009847	-0.013978	-0.003135	-0.018377	-0.003938	-0.002200	-0.011000	0.012171	-0.001361	0.028239	0.013825	0.008082	0.001311	-0.012620	-0.002075	0.006942	0.000911	-0.002856	0.002463	0.000134	0.000339	0.001476	-0.012057	-0.002649	0.003942	-0.002200	0.008667	0.008233	-0.002084	0.001502	-0.003086	0.000789	-0.001845	0.000007	-0.001253	-0.006709	-0.005753	-0.004959	0.005946	0.014503	-0.005075	0.014259	0.006920	-0.005596	-0.017277	-0.003292	-0.007365	-0.004616	0.000078	0.000525	0.005532	0.004063	0.009420	0.003873	0.004521	0.011517	0.002309	0.000789	0.018672	-0.002422	-0.001441	0.000923	0.012267	0.008734	-0.010324	0.018842	-0.004317	0.000230	0.013098	-0.016441	0.000005	-0.027879	-0.021087	-0.030279	-0.030926	-0.082536	-0.046486	-0.028874	-0.110751	0.000422	-0.001761	-0.039830	-0.017430	-0.023920	-0.017176	-0.002379	-0.226245	-0.038800	-0.115207	-0.016147	-0.164905	-0.015333	-0.011152	-0.032287	-0.008174	-0.015109	-0.038396	0.001716	-0.031512	0.003607	-0.030861	0.013689	-0.045492	0.019781	-0.000756	0.014667	-0.045092	-0.036672	0.026559	-0.047166	-0.003385	-0.023063	-0.036098	-0.036631	-0.035947	0.003576	-0.030916	0.002736	-0.029161	-0.016539	0.003768	-0.024430	-0.115553	-0.029879	-0.034635	-0.013173	-0.019504	-0.070712	-0.020608	-0.018153	-0.002641	-0.001845	-0.010248	-0.037970	-0.026114	0.006197	-0.049727	-0.021766	-0.016624	-0.029325	0.012097	-0.028780	-0.006871	-0.014925	-0.025032	-0.034879	-0.061064	
-0.005639	0.013194	-0.006509	-0.000635	-0.000373	0.011732	0.982101	0.000926	0.019725	0.017887	0.005296	-0.004137	0.011787	-0.006572	-0.005850	-0.003311	0.009556	0.008834	0.000459	0.009506	0.000438	0.007408	0.006617	-0.005932	0.012243	-0.007507	0.000088	0.006662	-0.001568	-0.000313	0.012797	0.005478	-0.014579	0.005673	0.010404	0.006183	0.000283	0.009112	0.007388	0.014684	-0.011037	-0.006524	0.006111	0.009553	-0.007961	-0.006799	0.003163	0.005694	-0.007634	-0.012827	0.019413	0.003893	0.015833	-0.005612	0.001309	-0.004677	-0.011384	-0.002191	-0.003358	-0.001040	-0.005088	-0.002257	0.006570	0.000795	0.001541	-0.007782	-0.009455	0.002873	0.011607	-0.000990	0.004182	0.017216	0.014753	0.009103	-0.001554	0.014798	0.022742	0.011212	0.001952	0.017327	0.010543	0.005392	0.017327	0.017215	-0.005098	-0.001062	-0.002621	0.008370	-0.006715	-0.014455	-0.004298	-0.007363	-0.003074	-0.001898	-0.000125	-0.002457	0.007377	0.005322	-0.001235	0.002571	-0.012145	0.000115	-0.004506	0.004910	-0.010121	0.004724	0.001448	-0.003620	-0.004077	0.001980	0.004528	0.000345	-0.004400	0.016782	0.014307	0.005991	-0.003668	-0.002476	-0.008148	-0.000271	0.015734	0.002891	-0.016388	-0.007721	-0.001509	-0.000822	0.008059	-0.023564	-0.048208	-0.046030	-0.013736	-0.066611	-0.028806	-0.024673	-0.105146	-0.009319	0.008099	-0.041496	-0.022747	-0.016167	-0.024009	-0.011680	-0.232480	-0.048111	-0.114318	-0.021133	-0.211315	-0.004354	0.001240	-0.002903	-0.003070	0.006160	-0.020924	0.003629	-0.047909	-0.016045	-0.036126	0.006344	-0.029646	0.004272	-0.019813	-0.013829	-0.030579	-0.037765	0.014403	-0.050592	-0.023694	-0.022446	-0.018001	-0.034945	-0.034276	-0.005580	-0.030781	-0.021936	-0.022678	-0.010247	-0.004867	-0.011751	-0.115713	-0.036085	-0.052206	-0.007526	-0.020433	-0.064767	-0.011786	-0.011836	-0.005231	-0.015647	-0.001762	-0.038462	-0.028008	0.010621	-0.071913	-0.021375	0.004602	-0.032609	0.003529	-0.024565	-0.039282	-0.034097	-0.026815	-0.037005	-0.031266	
-0.005411	0.002180	0.022513	0.018416	0.022293	-0.004753	0.000926	0.989297	-0.005404	-0.005279	0.007394	0.012105	0.008313	0.014045	-0.006046	-0.004072	-0.007221	0.018002	-0.001056	0.001516	-0.013019	0.013095	-0.011861	0.008477	-0.010595	0.010173	0.014100	0.013649	0.015359	0.034274	-0.012296	0.027557	0.007181	0.007843	0.001793	-0.005453	-0.004399	0.004695	0.008900	0.005329	0.004207	0.003329	-0.010098	-0.006401	-0.002473	0.027392	0.017537	0.011839	0.015128	0.024379	0.006788	-0.001398	-0.016921	-0.000307	-0.005179	0.001918	0.001391	0.003608	0.011246	0.024338	0.021835	0.015337	0.016103	0.010261	-0.001628	0.002280	0.013022	0.002940	0.008087	-0.013206	-0.006766	0.001362	0.001119	0.020087	0.010772	-0.006167	-0.010774	0.008392	0.014217	0.008945	-0.008625	-0.001105	0.005705	-0.002187	0.007028	0.014577	0.036214	0.006008	0.011140	0.005218	0.009048	0.019234	0.018092	-0.009710	0.002281	0.012785	-0.006325	-0.007911	0.001363	0.004926	0.009956	0.014827	0.015541	0.004994	0.020035	0.010818	-0.006607	-0.007030	0.009530	-0.011286	0.004694	0.000696	0.008303	-0.006859	0.009227	0.014842	0.009222	0.026426	0.016931	0.007920	0.000834	-0.001365	-0.005964	0.016152	0.006685	0.027277	0.015181	-0.019740	-0.033923	-0.046035	-0.030815	-0.107467	-0.048006	-0.036403	-0.104251	-0.004938	0.002959	-0.043440	-0.035755	-0.036265	-0.037572	-0.015214	-0.220790	-0.048239	-0.131349	-0.037368	-0.162260	-0.011793	-0.008911	-0.020996	-0.006637	0.017283	-0.064049	0.006573	-0.063289	0.001280	-0.038948	-0.001763	-0.048066	-0.011838	-0.019425	-0.019053	-0.059917	-0.057491	-0.013002	-0.062206	-0.035342	-0.034664	-0.036723	-0.029205	-0.056627	0.005473	-0.036229	-0.013984	-0.039358	-0.013841	0.000562	-0.026455	-0.128615	-0.045325	-0.036737	-0.007986	-0.018906	-0.087303	-0.028481	-0.018507	-0.003873	-0.017667	0.014880	-0.048818	-0.043249	-0.003166	-0.056479	-0.026208	-0.035888	-0.053178	-0.010171	-0.044948	-0.047415	-0.049470	-0.030427	-0.048366	-0.073579	
0.013488	-0.004132	-0.005440	0.002613	-0.010679	0.011991	0.019725	-0.005404	0.963941	0.009364	0.008065	0.004502	0.006108	-0.006649	-0.002225	0.018248	0.000258	0.005482	0.000875	-0.006469	0.005300	-0.000656	0.003074	0.016465	0.011828	-0.003994	0.005489	0.001812	0.004281	0.018424	0.018475	0.002219	-0.006018	-0.001148	0.005261	0.001720	0.008276	-0.003966	0.009086	0.012660	-0.001526	-0.003667	0.021252	-0.005557	-0.000995	0.004999	-0.004148	-0.004281	-0.014514	-0.005649	0.012938	-0.003715	-0.006373	0.007394	0.003541	0.010301	0.003104	-0.006412	-0.005874	-0.004899	-0.000697	-0.006143	-0.003872	-0.005593	-0.004151	0.001504	-0.007432	-0.002798	0.014056	0.011913	0.009886	0.002817	0.008225	-0.011562	-0.013025	0.012180	0.004425	-0.000328	-0.002764	-0.006698	0.004154	-0.000698	-0.001301	0.000128	-0.006100	0.008880	0.008327	-0.004378	0.014200	0.004962	-0.001672	0.000619	-0.004098	0.013276	0.002267	0.018514	0.011301	-0.000477	0.007211	0.011622	-0.000033	-0.000182	0.004777	0.000786	-0.024767	0.016891	0.009262	-0.008549	0.019531	0.004436	0.001552	0.009729	-0.004331	-0.007822	0.003277	-0.013223	-0.000950	-0.009156	-0.007557	0.015340	0.001288	0.016736	-0.008076	0.004100	0.010183	-0.004069	-0.014902	-0.015818	-0.047811	-0.037805	-0.029684	-0.041164	-0.023722	-0.022612	-0.086823	-0.003773	-0.005518	-0.032987	-0.001657	-0.018804	-0.006058	-0.011210	-0.169543	-0.040260	-0.107617	-0.010814	-0.168756	-0.000658	-0.000381	-0.018853	-0.012333	-0.013440	-0.024789	-0.009701	-0.046428	-0.011828	-0.029851	0.000433	-0.044785	-0.007491	-0.019677	-0.014431	-0.021004	-0.033824	0.001378	-0.052607	-0.019871	-0.038744	-0.022127	-0.022159	-0.042466	0.002741	-0.035987	-0.017075	-0.034826	-0.005140	-0.002229	-0.013156	-0.115869	-0.012097	-0.037604	-0.009531	-0.017912	-0.075011	-0.018784	-0.022621	0.013681	-0.017509	0.011749	-0.034097	-0.011739	-0.008179	-0.047027	-0.010580	-0.019365	-0.023560	-0.020545	-0.040004	-0.038409	-0.031882	-0.021313	-0.030454	-0.024776	
0.012298	-0.002883	-0.006315	-0.006452	-0.004492	0.003167	0.017887	-0.005279	0.009364	0.934343	0.006066	0.014965	0.003516	-0.007289	0.003820	-0.009631	0.010301	-0.010651	0.012526	0.015838	0.008497	-0.005466	0.003583	-0.000719	0.011180	-0.012084	0.003014	-0.004158	0.002018	-0.005870	0.026000	0.009437	0.002565	0.015462	0.015372	0.010196	0.003872	0.014067	0.020415	-0.001979	-0.003034	0.007403	0.005256	0.007358	-0.009323	0.005046	0.003515	0.006056	-0.011527	-0.006677	0.005659	0.005808	0.011259	0.005736	0.006726	0.006212	-0.007547	-0.016660	-0.006004	-0.015688	-0.006866	-0.005446	0.001804	-0.008663	0.011167	0.014852	-0.003752	0.003366	0.013125	0.017519	0.013312	-0.003992	0.009378	-0.006054	0.001190	0.014926	0.007599	0.008338	-0.002992	0.003405	0.004837	0.000690	0.009959	0.003476	0.003205	-0.004899	-0.007214	-0.006984	-0.004526	-0.005391	-0.017141	-0.004333	-0.007368	0.013651	0.011620	0.004455	0.015507	0.013908	0.001598	0.017062	-0.010821	0.010384	-0.002617	-0.003673	-0.007731	0.008077	-0.002054	0.011890	0.009670	-0.012320	0.014119	0.000401	-0.005713	0.012750	0.021737	-0.007015	-0.003918	0.001163	-0.001127	0.001791	0.003491	0.020003	-0.001511	-0.016575	0.006258	0.001383	-0.011113	-0.014395	-0.042430	-0.037408	-0.023799	-0.065433	-0.035335	-0.006593	-0.108948	-0.005299	0.001178	-0.034478	-0.028616	-0.021751	-0.033244	-0.017286	-0.219618	-0.045415	-0.086706	-0.029220	-0.202201	-0.012180	-0.006922	-0.006783	-0.004765	-0.027033	-0.010403	-0.002730	-0.046186	-0.002213	-0.043659	0.014304	-0.060378	-0.009425	-0.019966	0.008391	-0.038386	-0.039692	0.007491	-0.051581	-0.020760	-0.030387	-0.033714	-0.034559	-0.047490	0.000828	-0.030077	-0.021102	-0.027378	-0.002478	0.018485	-0.025840	-0.107396	-0.030375	-0.049182	-0.008066	-0.003340	-0.068191	-0.015784	-0.006433	-0.010843	-0.014182	-0.000003	-0.050454	-0.015554	0.010856	-0.077068	-0.022964	-0.007855	-0.021213	0.003071	-0.028044	-0.022780	-0.032637	-0.018189	-0.032534	-0.038022	
0.002889	0.006546	0.014938	0.002627	0.002004	-0.001048	0.005296	0.007394	0.008065	0.006066	0.925266	0.004431	0.002444	0.012970	-0.005997	0.004259	0.007017	0.001475	-0.003830	-0.003778	-0.005060	0.014107	-0.011001	0.002071	0.005839	0.012562	0.006198	0.007207	0.006486	0.020563	0.003897	0.006066	0.002065	0.003700	0.002637	-0.006167	-0.009607	0.006376	0.010355	-0.002366	-0.004710	-0.000788	-0.006518	-0.001790	-0.006878	0.020925	0.008526	0.008971	0.016006	0.011812	0.001742	-0.006403	-0.002322	0.005231	-0.005396	0.004113	0.023934	0.016318	0.001176	0.019863	0.014176	0.010109	0.010557	0.020091	-0.000117	0.012188	0.015000	-0.013079	-0.006565	0.018037	0.010128	0.007202	-0.002539	-0.000136	0.002490	-0.000855	0.001659	-0.006717	0.025107	-0.000188	0.001443	0.000115	-0.002032	0.008897	0.019216	0.007093	0.000755	-0.000821	0.008069	0.000718	0.010100	0.009790	0.013183	-0.006433	-0.000013	-0.003479	-0.004876	-0.014809	-0.011400	0.020311	0.019789	0.000219	0.002202	0.012368	0.021647	-0.005291	0.009346	0.012206	0.004913	0.006826	0.001724	0.003231	0.012572	-0.010202	-0.007581	0.024908	0.001615	0.012541	0.000892	0.011693	-0.004705	-0.014004	0.003941	-0.000155	0.009852	0.033133	0.018420	-0.006067	-0.029177	-0.043894	-0.041178	-0.067476	-0.033562	-0.046792	-0.101369	-0.021738	-0.014326	-0.037696	-0.010961	-0.031080	-0.021002	-0.001945	-0.206718	-0.048312	-0.106166	-0.004950	-0.165198	-0.009231	-0.012806	-0.022495	0.003424	0.005867	-0.031002	-0.000558	-0.049583	-0.005172	-0.040066	-0.006812	-0.043563	-0.003303	-0.015035	0.008531	-0.032397	-0.057942	-0.035385	-0.058767	-0.006297	-0.020391	-0.035656	-0.029740	-0.055476	-0.003875	-0.044422	-0.018051	-0.043108	-0.014758	0.000698	-0.024578	-0.120180	-0.045967	-0.037749	-0.026562	-0.021448	-0.071279	-0.008318	-0.016806	-0.001125	-0.026245	-0.013433	-0.028099	-0.016494	-0.010858	-0.044483	-0.034171	-0.029062	-0.036577	-0.009406	-0.038475	-0.040164	-0.034951	-0.028769	-0.048996	-0.070263	
0.011210	0.008847	0.014682	0.003731	0.015909	0.004223	-0.004137	0.012105	0.004502	0.014965	0.004431	0.931723	0.009673	0.003217	-0.001107	-0.004622	0.004521	0.011509	0.002971	0.010261	0.007329	0.006985	0.007150	0.016035	-0.007741	0.002688	0.001518	0.011475	0.003599	0.000312	-0.000788	0.005582	0.005204	0.011532	-0.003973	-0.013968	0.002075	-0.000647	0.007206	-0.007478	0.003807	0.008414	-0.008940	-0.005161	0.013169	0.004575	0.004314	0.010210	0.007354	0.002253	0.001178	0.002857	0.011258	0.005349	-0.004435	0.000071	0.004909	0.002498	-0.001843	0.006235	0.010614	0.000624	-0.003065	0.010832	0.005931	0.008735	0.009034	0.003565	0.014883	0.000506	-0.004722	-0.004999	-0.001921	-0.006060	0.007090	0.003259	-0.007980	-0.013381	-0.000277	-0.005406	-0.000743	-0.002862	-0.001784	0.009238	0.000762	0.006759	0.002122	0.009250	-0.010969	0.002828	0.009122	0.007926	-0.002986	-0.002519	0.005136	0.015285	0.003308	0.006362	0.000992	0.013988	-0.004770	0.008344	0.015874	-0.005999	0.003279	-0.006047	-0.003752	-0.003208	-0.002410	0.015927	0.006902	-0.000928	0.007284	-0.013636	0.010360	0.009004	0.002829	0.010921	-0.001391	-0.012236	0.011127	0.008598	0.014746	0.011581	0.017380	0.006621	0.001346	-0.024728	-0.039493	-0.035052	-0.012390	-0.062832	-0.041760	-0.031283	-0.122422	-0.017679	0.000890	-0.036019	-0.033892	-0.022320	-0.034766	-0.005316	-0.196079	-0.054878	-0.109764	-0.025015	-0.202635	0.008344	0.001095	-0.019576	-0.003034	0.002591	-0.033951	-0.002855	-0.030461	-0.000968	-0.023954	-0.002998	-0.025258	-0.010328	-0.017783	-0.012780	-0.037519	-0.028783	-0.015328	-0.055739	-0.022693	-0.028649	-0.034909	-0.021039	-0.034625	-0.008509	-0.034660	0.000230	-0.032983	-0.017480	-0.005579	-0.017445	-0.068593	-0.037747	-0.043329	-0.011770	-0.026650	-0.066983	-0.018356	-0.010516	0.007188	-0.025102	-0.003189	-0.040084	-0.040566	-0.006237	-0.085446	-0.012769	-0.010639	-0.028684	0.000350	-0.033777	-0.039270	-0.036697	-0.012857	-0.056209	-0.055818	
-0.004609	-0.007808	0.011532	0.005017	0.013262	-0.012902	0.011787	0.008313	0.006108	0.003516	0.002444	0.009673	0.922233	-0.004230	-0.003007	-0.006234	-0.007399	0.025516	0.014979	0.007901	-0.008771	0.004429	-0.005832	0.000267	-0.001041	0.026156	0.007050	0.013930	0.002935	-0.004770	0.008211	0.011312	-0.006559	-0.006176	-0.002154	0.002976	-0.011550	0.007576	0.008932	-0.009048	0.005385	0.003207	-0.000192	0.002944	-0.007581	0.012568	0.012958	0.030068	0.001982	0.019739	0.018085	-0.001866	-0.007585	-0.003545	-0.007406	-0.023242	0.011498	0.023656	0.014681	0.014861	-0.005571	0.019488	0.009378	0.018495	0.002059	-0.007367	0.002972	-0.002264	0.000693	-0.002221	0.008117	0.002082	0.007254	0.007385	0.003503	-0.014555	-0.012146	-0.004273	0.009061	-0.006272	0.001392	0.001979	-0.001646	0.000359	0.006023	0.004896	0.010561	0.001454	0.022819	0.011672	0.022630	0.011209	-0.004373	0.002001	-0.008688	-0.014503	-0.009452	0.005198	0.008020	0.022573	0.012229	0.023747	0.005624	0.020733	0.009194	0.013015	-0.001341	-0.001725	-0.001424	-0.003829	-0.004120	-0.001687	0.016622	0.013549	0.000055	0.000732	0.015049	0.018203	0.002303	0.009163	0.004894	0.009423	0.004609	-0.000461	0.004743	0.015712	0.029531	-0.030877	-0.031075	-0.034436	-0.031489	-0.071698	-0.042888	-0.035310	-0.137720	-0.005892	0.009515	-0.049887	-0.010233	-0.050143	-0.024569	-0.006428	-0.206092	-0.042228	-0.100834	-0.022540	-0.177172	0.011407	0.008662	-0.015328	-0.007222	-0.026009	-0.033587	-0.008410	-0.064312	0.014407	-0.043646	0.001442	-0.042327	-0.016875	-0.006357	-0.005483	-0.035962	-0.039937	0.008131	-0.050627	-0.023381	-0.052901	-0.030354	-0.063224	-0.053256	0.012268	-0.031570	-0.024011	-0.038003	-0.000936	-0.009086	-0.017250	-0.106343	-0.057195	-0.036509	-0.019213	-0.032389	-0.059050	-0.028724	-0.021203	0.000911	-0.005539	-0.001453	-0.050784	-0.025720	0.000681	-0.044469	-0.028822	-0.022948	-0.042200	-0.013889	-0.040600	-0.029713	-0.043087	-0.023037	-0.048186	-0.039870	
-0.008312	-0.000004	0.004875	0.015299	0.015750	-0.014969	-0.006572	0.014045	-0.006649	-0.007289	0.012970	0.003217	-0.004230	0.899243	-0.000903	0.003208	-0.009507	0.022618	0.008048	0.008175	-0.015807	0.009963	-0.012006	0.002071	-0.007806	0.023531	0.024806	0.008866	0.018740	0.011416	-0.006499	0.010129	0.018541	-0.000080	-0.001616	-0.003362	-0.014363	-0.013388	-0.007122	0.002154	0.007036	-0.001121	0.006043	-0.014911	0.002846	0.007975	0.026259	0.009060	0.012622	0.021458	-0.005231	-0.000286	-0.011170	0.006618	-0.005270	0.003980	0.028221	0.015110	0.011392	0.018005	0.009111	0.014928	0.010409	0.006401	0.008825	-0.001265	0.013380	0.013272	-0.000833	-0.004600	0.007796	0.001665	0.007244	0.003936	0.009816	0.000674	-0.005266	0.008810	0.014584	0.006377	-0.009908	-0.005531	0.004407	-0.010644	-0.000267	0.012749	0.023036	0.022427	0.000832	0.014549	0.011700	0.010102	0.016996	0.002124	-0.002528	-0.003854	0.000241	-0.005688	0.008231	-0.000168	-0.001615	-0.001874	0.013755	0.017976	0.006423	-0.006815	-0.003664	-0.000774	-0.005950	-0.013810	-0.002882	-0.004697	0.013751	0.009764	0.005848	0.017269	0.009903	0.010138	0.014576	-0.004984	0.001684	0.008018	0.020205	0.009162	-0.007321	0.022157	0.022991	-0.017173	-0.071512	-0.026586	-0.024703	-0.089131	-0.029237	-0.032355	-0.079851	-0.021960	-0.003083	-0.038831	-0.011932	-0.033178	-0.023601	-0.003305	-0.189120	-0.042434	-0.116223	-0.029704	-0.223292	0.000217	-0.017471	-0.026867	-0.001359	0.000746	-0.030147	-0.000719	-0.040901	-0.013816	-0.043953	0.002074	-0.050961	-0.017558	-0.007905	-0.005193	-0.042403	-0.048167	-0.010591	-0.050358	-0.037088	-0.032450	-0.018516	-0.048536	-0.047286	0.007319	-0.025150	-0.019547	-0.039897	-0.007935	-0.013710	-0.030643	-0.125040	-0.043817	-0.047536	-0.007344	-0.030275	-0.071058	-0.009765	-0.019925	0.005055	-0.025828	0.001957	-0.041220	-0.023858	0.002027	-0.052110	-0.027156	-0.015850	-0.036491	0.004432	-0.030166	-0.039313	-0.028730	-0.021003	-0.064448	-0.063048	
-0.005275	-0.002105	-0.013918	0.007665	-0.000159	-0.004056	-0.005850	-0.006046	-0.002225	0.003820	-0.005997	-0.001107	-0.003007	-0.000903	1.008762	0.009099	-0.000087	-0.002329	-0.014640	0.011793	-0.000890	-0.008319	0.015705	0.012878	-0.004438	-0.001606	-0.019919	0.004665	0.003550	0.001482	0.005448	-0.013947	0.005339	-0.004116	0.000846	0.004977	0.008749	0.012072	0.001885	0.010443	0.006853	-0.000287	0.001434	-0.003230	0.012277	-0.010324	-0.003414	0.017130	0.012642	0.001629	0.007576	-0.001304	0.005220	-0.004521	-0.000570	-0.012527	0.003261	0.006606	-0.005750	0.001243	-0.008794	0.007689	0.002018	0.002854	0.007156	0.013683	-0.000660	0.001914	0.005179	-0.003579	0.007763	-0.000391	0.007175	0.009937	0.008770	-0.002789	0.005982	0.010040	0.000072	0.003534	0.001295	-0.013125	0.003700	0.009217	-0.005414	0.002312	-0.011810	-0.000378	-0.001654	0.004167	0.007544	0.010288	0.015391	-0.009668	0.003392	0.005900	0.013221	0.001997	-0.002653	0.002275	0.011774	-0.000289	-0.002346	0.008483	-0.002169	0.011721	0.000537	-0.007911	-0.009324	0.004014	0.012804	0.009147	0.000823	0.008616	0.001742	0.003410	0.011551	-0.001404	0.011843	0.019734	0.005329	0.003705	0.015076	-0.000221	-0.003163	0.008898	-0.010812	-0.013090	-0.022980	-0.049269	-0.011483	-0.047163	-0.041076	-0.020740	-0.110435	-0.011348	-0.003296	-0.036172	-0.026640	-0.017024	-0.026183	-0.004835	-0.212235	-0.051173	-0.080654	-0.023519	-0.164438	0.001059	-0.021772	-0.021949	0.000039	0.024218	-0.026903	-0.001534	-0.028578	0.001897	-0.039267	0.005821	-0.046388	0.001356	-0.012113	0.001958	-0.050620	-0.039246	-0.028394	-0.066466	-0.025525	-0.016802	-0.035898	-0.052514	-0.036469	0.007021	-0.031506	0.006493	-0.033544	-0.022034	0.001993	-0.010016	-0.129028	-0.041327	-0.035594	-0.003214	-0.028250	-0.060530	-0.020398	-0.015348	0.005364	-0.017827	0.017260	-0.033735	-0.029303	0.000321	-0.036552	-0.019803	-0.016845	-0.044134	0.004298	-0.023294	-0.041800	-0.039466	-0.007743	-0.030517	-0.051930	
0.015932	0.000404	-0.004534	-0.008775	0.004623	-0.006155	-0.003311	-0.004072	0.018248	-0.009631	0.004259	-0.004622	-0.006234	0.003208	0.009099	0.957333	0.002224	-0.001882	0.008600	-0.001566	-0.001316	0.001558	0.014509	0.014966	0.010697	0.003991	-0.005470	-0.002178	-0.002639	-0.000709	0.010271	-0.003553	-0.005361	0.008866	0.005210	-0.011611	0.005833	0.008910	0.016410	-0.000055	0.019649	0.011220	0.014602	0.001726	0.010237	-0.012984	-0.005668	0.005630	0.001877	0.001269	-0.000082	0.015724	0.011076	-0.006611	0.004077	0.003696	-0.009268	-0.009451	-0.001587	0.002463	0.008219	0.004768	0.009317	0.005826	0.015044	-0.001599	0.000812	0.016176	0.010665	0.005157	0.012171	0.000916	-0.010204	0.001362	0.015505	0.020340	0.008228	0.006065	-0.005422	0.000465	0.025263	0.005144	0.003453	0.004478	0.000395	0.006475	-0.004052	-0.002652	-0.009899	0.004152	-0.015143	-0.003727	-0.001368	0.004756	0.010413	0.006152	0.003087	0.003503	0.008895	0.003173	0.011322	0.010697	0.002837	-0.005537	-0.006054	0.002668	0.006578	0.006130	-0.003711	0.000551	0.013509	0.021158	-0.002000	-0.001677	0.016665	-0.003746	-0.005559	-0.007818	-0.000058	-0.009967	0.003491	0.010196	0.003442	-0.008123	-0.002936	-0.007189	-0.000997	-0.001577	-0.035004	-0.040681	-0.022988	-0.053551	-0.026360	-0.024054	-0.131342	-0.011413	0.001668	-0.028981	-0.013287	-0.029958	-0.033198	-0.005821	-0.161265	-0.041086	-0.087135	-0.022053	-0.196037	-0.012328	-0.004115	-0.021897	-0.010582	0.007964	-0.021675	-0.007359	-0.055719	-0.018835	-0.029156	-0.004980	-0.046740	-0.004730	-0.012870	-0.009013	-0.033753	-0.035243	-0.002133	-0.064760	-0.038595	-0.021042	-0.014407	-0.042897	-0.043794	0.003314	-0.035956	-0.022434	-0.034992	-0.011776	-0.014918	-0.015921	-0.107430	-0.022919	-0.031004	-0.001032	-0.040494	-0.062823	-0.018965	-0.011933	0.006775	-0.011369	-0.006780	-0.030162	-0.031291	0.007665	-0.020498	-0.037232	-0.012493	-0.049757	0.005885	-0.028060	-0.026866	-0.023922	-0.024998	-0.033207	-0.038394	
-0.004853	0.001511	-0.002549	-0.010730	0.011697	-0.004966	0.009556	-0.007221	0.000258	0.010301	0.007017	0.004521	-0.007399	-0.009507	-0.000087	0.002224	1.006875	-0.021169	0.015017	0.003142	0.002368	-0.017339	0.018594	0.010959	-0.002756	-0.009646	-0.008607	-0.007308	0.003295	-0.000127	0.002005	-0.020625	0.010301	0.016203	-0.000278	-0.006670	0.011412	0.006505	0.010029	0.012729	0.002380	0.001478	-0.001549	0.001446	0.007039	0.007586	0.001556	-0.003120	0.003950	-0.010528	-0.002314	0.005475	0.011233	0.000109	0.018330	-0.004335	-0.008219	0.013197	-0.008277	-0.002553	0.000302	-0.012735	-0.006910	-0.005553	0.005401	-0.003477	0.003305	0.017102	0.009937	0.004629	0.012666	0.011135	-0.004758	-0.013618	-0.003051	0.010911	0.007646	0.008315	0.008048	-0.010109	0.010181	0.017286	0.004016	0.006062	-0.001826	0.003530	-0.005400	-0.001252	0.010103	-0.000073	-0.003356	0.009440	0.018371	0.010643	0.013310	0.012509	0.005795	0.009480	0.015771	0.003376	-0.004541	-0.009792	-0.005490	0.008919	-0.009569	-0.001788	0.011367	0.004223	-0.000051	-0.006970	0.010912	0.010539	-0.010865	-0.005464	0.016197	0.004718	0.000033	0.004019	-0.001120	0.008384	0.002865	0.003447	-0.013291	-0.003971	0.009056	-0.000494	-0.001545	-0.025293	-0.054866	-0.036122	-0.021285	-0.071256	-0.011945	-0.019777	-0.096507	-0.010201	-0.015181	-0.014403	-0.009506	-0.026713	-0.017136	-0.007777	-0.176302	-0.044937	-0.081363	-0.012369	-0.209181	-0.008287	-0.007576	-0.020865	-0.010665	-0.005517	-0.011214	0.015266	-0.054961	-0.012377	-0.027990	0.014801	-0.049578	0.004972	-0.006169	-0.004830	-0.045074	-0.049861	0.002458	-0.042093	-0.028188	-0.023415	-0.022479	-0.048995	-0.034993	0.004490	-0.029905	-0.019746	-0.024007	-0.010628	0.003306	-0.021341	-0.110941	-0.030506	-0.038201	-0.023722	-0.006447	-0.056971	-0.008346	-0.019503	-0.011489	-0.008146	-0.010931	-0.041881	-0.039931	-0.004242	-0.023062	-0.022053	-0.015163	-0.017375	-0.013147	-0.031957	-0.034257	-0.035354	-0.024306	-0.019505	-0.044802	
-0.000967	0.005515	0.013069	0.017347	0.022400	-0.002606	0.008834	0.018002	0.005482	-0.010651	0.001475	0.011509	0.025516	0.022618	-0.002329	-0.001882	-0.021169	0.943277	-0.001803	-0.009977	-0.009621	0.017804	-0.023832	-0.008150	0.005242	0.026867	0.018497	0.017561	0.030735	0.026130	0.003391	0.022855	0.020423	-0.000534	-0.004869	0.001530	0.004764	-0.008966	-0.005651	-0.006141	-0.004398	0.002625	0.000797	-0.010046	-0.016203	0.015547	0.016299	0.018415	0.012437	0.049239	-0.008783	-0.007450	-0.008274	-0.007003	-0.011875	-0.004026	0.015844	0.010033	0.027151	0.012686	0.008970	0.033617	0.024179	0.024868	-0.008675	-0.007630	0.009635	0.001498	-0.009061	-0.013372	-0.003327	0.003606	-0.004207	0.017788	0.014647	0.004215	-0.003954	-0.005146	0.021205	-0.002955	-0.001112	-0.009275	-0.003696	-0.008249	0.006299	0.004212	0.009140	0.006685	0.012411	-0.000151	0.000464	0.024530	0.018764	-0.004181	-0.004115	0.002036	-0.007393	-0.005132	-0.003841	0.016970	0.007002	0.000740	0.025513	0.026402	0.013874	-0.013352	-0.005865	-0.008556	-0.010740	-0.005919	-0.006764	0.003857	0.026006	0.004123	-0.005091	0.034718	0.002775	0.023145	0.033078	-0.011791	-0.007003	0.007767	0.011639	0.022948	-0.010424	0.026131	0.008650	-0.022326	-0.045715	-0.042384	-0.019923	-0.054764	-0.036684	-0.038054	-0.084297	-0.006498	-0.004515	-0.033863	-0.024649	-0.031552	-0.027453	-0.012446	-0.206074	-0.037395	-0.109998	-0.028230	-0.209448	-0.011175	0.001111	-0.022809	-0.009795	-0.003476	-0.043809	-0.013214	-0.052624	-0.003419	-0.034985	-0.014049	-0.050745	-0.018676	-0.010931	-0.004388	-0.040883	-0.046768	-0.026215	-0.067351	-0.029851	-0.029498	-0.039707	-0.023005	-0.065970	-0.004872	-0.045735	-0.003198	-0.047589	-0.010269	-0.006253	-0.030037	-0.124365	-0.038496	-0.046401	-0.018257	-0.032310	-0.071818	-0.003171	-0.015744	0.000179	-0.015657	0.011054	-0.048949	-0.029316	-0.006476	-0.071459	-0.024121	-0.035397	-0.052045	-0.013607	-0.033988	-0.039461	-0.033100	-0.039526	-0.050357	-0.049529	
-0.011743	0.014238	-0.012018	-0.003812	0.011055	-0.001606	0.000459	-0.001056	0.000875	0.012526	-0.003830	0.002971	0.014979	0.008048	-0.014640	0.008600	0.015017	-0.001803	0.964246	0.003209	0.005614	0.007626	0.009687	0.012429	0.008619	-0.003465	-0.000499	-0.003624	-0.000599	-0.003483	0.010075	-0.001825	0.001825	-0.007478	0.011764	0.002488	0.013156	0.007928	0.000534	0.003393	0.006313	0.000101	-0.010138	0.003849	-0.002995	0.009648	0.003875	-0.004568	0.007720	0.010445	0.018107	0.000194	-0.002282	0.004315	-0.003764	0.007996	0.001763	0.012913	-0.015648	-0.010800	-0.011962	-0.006758	0.019126	0.004055	-0.007074	-0.006370	-0.000013	0.016717	-0.004433	-0.008720	-0.009289	0.011572	0.006443	0.000320	0.006424	-0.003064	0.012596	-0.005666	0.001280	0.009007	0.014364	0.014228	-0.000208	0.004253	0.010488	-0.007350	-0.012828	-0.005768	-0.014060	-0.023108	-0.011515	-0.019068	0.009932	-0.000359	0.018115	0.004328	0.003591	0.000761	0.009942	0.001631	0.000304	0.009730	0.010233	-0.001316	0.016227	0.010297	0.003487	0.009548	0.010480	-0.009768	-0.011837	-0.001612	0.010702	0.007561	0.000144	-0.005561	-0.000005	0.004599	0.003731	0.018061	0.003488	-0.001903	0.012271	0.009253	0.016389	-0.002144	-0.005210	-0.019963	-0.045243	-0.025593	-0.015404	-0.038942	-0.028722	-0.038797	-0.108224	-0.011678	-0.003542	-0.027734	-0.013353	-0.040997	-0.031616	-0.005848	-0.217658	-0.035155	-0.117894	-0.021744	-0.203722	-0.000481	-0.015175	-0.031276	-0.004943	-0.000045	-0.028621	-0.000968	-0.026803	-0.014746	-0.027618	0.000329	-0.042075	0.000589	-0.011923	-0.009466	-0.037212	-0.028738	-0.007144	-0.036609	-0.020803	-0.021678	-0.034715	-0.042919	-0.053721	0.001542	-0.009835	-0.005820	-0.028973	-0.014916	-0.004560	-0.020805	-0.116790	-0.036311	-0.042872	0.009687	-0.011436	-0.071422	-0.017572	-0.018202	0.001301	-0.004139	-0.016644	-0.032984	-0.022884	0.012157	-0.046054	-0.017640	-0.008272	-0.017782	-0.016279	-0.038104	-0.024130	-0.030984	-0.025037	-0.034470	-0.049090	
0.004007	0.004339	0.000981	-0.010644	-0.007870	-0.000060	0.009506	0.001516	-0.006469	0.015838	-0.003778	0.010261	0.007901	0.008175	0.011793	-0.001566	0.003142	-0.009977	0.003209	0.985889	0.011815	0.024988	0.008638	-0.002636	0.007531	-0.005253	-0.004620	-0.010677	0.001807	-0.007217	0.004052	-0.000923	0.015103	0.003556	0.006300	0.006884	0.004293	0.015978	-0.000514	0.009597	0.006675	-0.009288	0.017092	0.014418	-0.001861	0.004339	-0.006357	-0.016874	0.006151	-0.002113	0.007455	-0.001560	0.012184	-0.012765	0.002992	-0.003444	0.001727	-0.000915	-0.001390	-0.013454	-0.006167	-0.003423	-0.011618	-0.003966	0.009953	0.019984	0.002835	0.001977	-0.001128	-0.010032	0.010822	-0.002178	0.010099	-0.004406	0.005277	0.009897	0.004937	0.003261	-0.003297	0.008942	0.008275	0.006445	0.005211	0.008949	-0.010652	-0.014305	0.008021	-0.008438	0.014188	0.007648	-0.009906	-0.006417	0.005572	0.007137	0.018997	0.006591	0.008348	0.012725	0.007264	-0.006314	-0.000491	-0.000684	-0.000779	0.004790	0.000777	0.020233	0.002293	0.022414	0.011067	-0.003758	0.002652	0.009963	-0.010997	0.002591	0.002282	-0.008256	-0.011959	-0.006020	-0.002502	0.012511	0.003059	0.010337	-0.004359	-0.002148	0.005287	-0.014790	-0.007057	-0.011044	-0.035269	-0.046776	-0.021124	-0.041285	-0.036363	-0.020893	-0.103277	0.004992	0.000360	-0.017469	-0.028007	-0.034750	-0.037130	-0.016675	-0.205533	-0.031889	-0.095723	-0.021724	-0.197218	0.009645	-0.003444	-0.023159	0.003167	0.004600	-0.029683	0.017344	-0.044354	-0.001199	-0.036541	0.012352	-0.067826	0.008287	-0.017582	-0.008152	-0.039360	-0.042390	0.008526	-0.049531	-0.024419	-0.028832	-0.037753	-0.051236	-0.052098	-0.015642	-0.030396	-0.017028	-0.031674	-0.016791	0.010028	-0.010791	-0.078222	-0.039978	-0.020623	-0.007857	-0.005450	-0.080928	-0.022770	-0.007209	-0.003162	-0.015665	0.000204	-0.031636	-0.033227	-0.008996	0.001696	-0.010479	-0.023843	-0.043023	0.009101	-0.036332	-0.043397	-0.022336	-0.024810	-0.034103	-0.046340	
