0.938123	0.005451	-0.019943	0.001390	-0.016046	0.008305	-0.002793	0.062102	-0.012146	-0.007416	-0.006761	0.034034	-0.000094	-0.015322	-0.024403	0.227179	0.001782	-0.020030	0.006493	-0.079867	-0.003990	-0.016855	-0.029648	-0.029922	-0.041116	-0.018851	-0.015660	-0.007602	-0.032198	-0.010236	0.016831	-0.013642	-0.035726	-0.005258	0.001321	-0.013342	0.008131	-0.029874	0.003752	-0.002198	-0.013239	-0.019755	-0.025812	-0.032875	0.001484	-0.009607	0.010273	-0.002636	0.015621	-0.043081	-0.034757	0.026683	-0.024579	-0.009800	0.020990	-0.039735	0.027039	-0.023785	-0.036969	-0.014482	0.038621	-0.019083	-0.012046	-0.000299	-0.019577	0.015647	-0.023328	-0.014829	0.008751	-0.039523	-0.013443	-0.029589	-0.049054	-0.020960	-0.018869	0.010932	-0.005799	0.005170	-0.015467	0.012913	-0.026121	-0.017032	0.006164	0.010080	-0.033667	-0.029741	-0.024139	-0.029648	-0.026965	-0.031792	-0.000251	-0.029299	-0.001755	-0.012674	0.002354	-0.005430	
0.005451	1.033309	-0.014198	-0.015975	0.067928	0.026847	0.023910	-0.024566	0.006202	-0.040246	-0.016993	0.019218	0.013475	-0.030697	0.012484	0.066576	-0.012173	-0.016702	-0.006962	-0.038060	0.012092	-0.018061	0.006262	-0.042288	-0.006348	-0.025674	-0.038717	-0.029243	-0.035499	0.039045	-0.024970	0.013191	-0.026093	0.014835	-0.000478	-0.048719	-0.019265	-0.016545	-0.025232	-0.031342	-0.024787	-0.050113	-0.033508	0.026517	-0.076323	0.009741	-0.036384	0.014483	-0.003300	-0.020206	-0.002898	0.330414	0.113576	0.007528	-0.013516	0.005657	0.028650	-0.012070	-0.049575	-0.046013	0.003103	-0.055487	-0.001705	0.004602	-0.005134	-0.052144	0.142992	0.019590	0.105437	-0.041895	-0.046381	-0.020966	0.002565	-0.050187	-0.008862	0.072887	-0.041532	-0.036815	-0.040313	-0.026638	-0.056871	-0.025448	-0.062047	-0.054040	-0.071086	-0.026743	-0.009748	-0.023092	-0.046790	-0.070261	-0.049292	-0.028946	-0.033319	-0.045836	0.000099	-0.032279	
-0.019943	-0.014198	0.985784	-0.015929	-0.012124	0.009881	0.025488	0.061243	0.061055	-0.020429	-0.028221	-0.037313	-0.023041	0.023770	0.003563	0.223965	-0.028862	0.048201	-0.017270	0.027893	-0.004573	-0.008336	0.008811	0.013227	-0.008930	-0.038070	-0.019232	-0.013373	-0.031428	-0.010974	-0.027890	0.057010	-0.028111	-0.051197	-0.017688	-0.026344	0.008418	-0.009118	0.021242	-0.007288	-0.001971	0.007527	-0.019371	-0.012366	-0.005206	0.025364	-0.014824	0.020659	-0.045017	-0.006582	-0.014150	0.004328	-0.014772	0.016526	-0.020742	-0.015587	-0.017703	-0.000267	-0.046888	-0.043319	-0.000638	-0.028504	0.015278	0.015558	0.013656	-0.061324	-0.017264	-0.004069	-0.036748	-0.015221	0.000236	0.028038	-0.010434	-0.016411	-0.004620	0.008857	-0.004328	-0.028288	-0.019748	-0.023440	-0.005851	-0.013571	-0.024107	-0.029894	-0.014005	-0.039341	-0.040131	-0.036561	-0.030602	-0.022474	-0.042078	-0.033097	-0.005577	-0.034458	-0.046744	-0.022585	
0.001390	-0.015975	-0.015929	1.163648	0.104571	-0.017874	0.035250	-0.008388	-0.010948	-0.051075	0.008064	-0.034929	0.012549	0.000530	-0.036962	-0.032973	0.012526	-0.032606	0.005256	-0.070672	-0.010247	-0.035128	0.014239	-0.042286	-0.024320	-0.030673	-0.027685	-0.008737	-0.000030	0.017283	-0.002317	-0.006716	-0.029212	-0.004995	-0.000269	0.008683	-0.004119	-0.018215	0.010619	-0.006521	-0.039771	-0.039088	-0.003240	-0.009162	-0.056104	-0.028607	-0.018349	-0.012892	-0.027780	-0.010970	0.021834	0.085977	0.026457	0.028783	-0.034280	0.021032	0.010417	-0.006970	-0.001849	-0.031856	-0.033429	-0.014430	0.000260	-0.017984	-0.023557	-0.038481	0.017104	-0.000482	0.053469	-0.013721	-0.025235	-0.010592	-0.005393	0.044544	-0.021388	0.003991	-0.004531	-0.039022	-0.003254	-0.012373	-0.062555	-0.038096	-0.029322	-0.056540	-0.038679	-0.051898	-0.050551	-0.036714	-0.036195	-0.055036	-0.034097	-0.047921	-0.013032	-0.026786	-0.015065	-0.020460	
-0.016046	0.067928	-0.012124	0.104571	1.178302	0.087537	0.071927	0.190228	-0.027311	-0.038697	-0.048894	-0.019951	0.009988	-0.080652	-0.054535	0.149043	0.025366	0.140127	0.010983	0.025877	-0.037190	-0.055549	0.079738	-0.059617	-0.069821	0.140588	-0.026974	0.026848	-0.021214	0.118081	-0.061055	0.096365	-0.051693	0.029401	-0.039838	0.016176	0.029842	-0.046064	0.034913	-0.023388	-0.024268	-0.012538	-0.006183	0.021743	-0.065635	-0.054355	-0.009677	-0.050069	-0.059471	-0.059915	-0.053193	0.364110	0.065394	-0.024901	-0.004059	0.082029	0.072940	-0.031619	0.023612	-0.077345	-0.015189	-0.040775	-0.001577	0.039211	-0.052386	-0.118740	0.083107	-0.006789	0.072532	0.001317	-0.030594	-0.011831	-0.025625	0.002361	-0.007777	0.059834	-0.073150	-0.057375	-0.085408	-0.101319	-0.058875	-0.067517	-0.072110	-0.067788	-0.087035	-0.076137	-0.021448	-0.072260	-0.064545	-0.061725	-0.037906	-0.069507	-0.066977	-0.102096	-0.054446	-0.068519	
0.008305	0.026847	0.009881	-0.017874	0.087537	1.008289	0.006513	0.224275	-0.029551	-0.044414	-0.025059	-0.003561	-0.027330	-0.042239	-0.011743	0.444270	-0.007786	-0.056815	0.003148	-0.056130	-0.041704	-0.039438	0.023889	-0.006293	-0.009708	0.115993	-0.045567	0.061449	-0.013092	0.005800	-0.045739	0.023643	0.000697	0.032758	-0.011809	-0.023049	0.013131	-0.046347	0.030357	-0.053773	0.016982	-0.046740	-0.009841	-0.038809	-0.013700	-0.018988	-0.021490	-0.005831	-0.023578	-0.009103	-0.030196	0.205159	0.015808	0.002127	-0.016423	0.033257	0.005942	-0.035627	-0.010860	-0.046216	0.044182	-0.051040	0.002630	0.050726	-0.042438	-0.090738	-0.007700	-0.011498	0.020673	-0.006313	-0.054381	-0.025576	-0.007766	0.024947	0.010658	0.084485	-0.061214	-0.032964	-0.026156	-0.015384	-0.007323	-0.003332	-0.043287	-0.067123	-0.034675	-0.027007	-0.032600	-0.042418	-0.047835	-0.045837	-0.065698	-0.036001	-0.044009	-0.058425	-0.021732	-0.052306	
-0.002793	0.023910	0.025488	0.035250	0.071927	0.006513	1.062624	0.147615	0.005601	-0.010732	-0.041789	0.038711	-0.003239	-0.025790	-0.006971	0.407425	0.027048	-0.041137	0.013085	-0.010819	-0.010646	-0.038517	-0.025540	-0.014294	-0.033019	-0.012222	-0.017404	0.019772	-0.022641	0.004421	-0.014207	0.009311	-0.001129	-0.029636	-0.005297	-0.014337	0.037186	-0.072820	0.022823	-0.034877	-0.007809	-0.015009	-0.025157	-0.001615	-0.005692	-0.036271	-0.035500	-0.018329	-0.030814	-0.029221	-0.019905	0.148806	0.015989	-0.052105	0.008894	-0.016345	0.071994	-0.031720	0.017792	-0.015619	0.018514	-0.035096	-0.009625	0.032113	-0.057301	-0.071992	0.002552	-0.023852	0.009276	-0.012870	0.001570	-0.023564	-0.034470	0.009842	0.016836	0.030652	-0.048819	-0.044800	-0.030187	-0.030159	-0.033286	-0.035367	-0.041596	-0.047469	-0.050173	0.003129	-0.052527	-0.026792	-0.028870	-0.051533	-0.022591	-0.047411	-0.040322	-0.044492	-0.039629	-0.037999	
0.062102	-0.024566	0.061243	-0.008388	0.190228	0.224275	0.147615	1.284355	-0.084098	-0.024903	-0.055820	0.031122	-0.088588	-0.013401	-0.026758	0.765996	-0.050431	-0.070445	0.035858	0.011017	-0.055169	-0.031966	0.068549	-0.057867	-0.083970	0.110459	-0.008394	0.033209	-0.083823	-0.016494	-0.087767	0.261483	-0.092846	0.018650	-0.090137	-0.021875	0.103859	-0.132990	0.243947	0.007327	0.029156	-0.074852	0.120222	-0.012354	-0.104909	-0.107438	-0.026813	-0.066683	-0.097927	-0.095195	-0.062621	0.460998	0.006929	-0.022453	-0.065843	0.008274	0.173677	-0.078719	-0.057727	-0.051688	0.140583	-0.090531	0.002363	0.142253	-0.073483	-0.118447	0.024143	0.024011	0.062645	-0.055759	-0.053970	-0.066389	0.063731	0.034791	-0.000145	0.176952	-0.112249	-0.102836	-0.100152	-0.054345	-0.067824	-0.122000	-0.070259	-0.093204	-0.051604	-0.077577	-0.081882	-0.119581	-0.115852	-0.082220	-0.084654	-0.128977	-0.101576	0.013041	-0.106614	-0.069676	
-0.012146	0.006202	0.061055	-0.010948	-0.027311	-0.029551	0.005601	-0.084098	1.011216	0.010613	0.003340	0.014102	-0.026048	0.021350	-0.006505	-0.072413	-0.018692	-0.036223	-0.023600	-0.117057	-0.015781	0.013114	-0.010611	0.003766	-0.032048	0.003353	0.016178	-0.018330	0.000166	-0.029048	0.006923	-0.020973	0.017907	-0.010950	-0.011536	-0.035465	-0.028008	0.003985	-0.022758	-0.003918	0.000166	-0.037542	-0.032242	-0.019810	-0.042597	-0.036946	-0.033831	0.021942	-0.004199	0.007150	0.017589	-0.051815	-0.008307	-0.035260	0.009632	-0.018880	-0.004021	-0.025164	-0.028335	-0.008612	-0.032079	-0.012223	-0.007784	-0.003044	-0.001199	-0.043745	0.015933	-0.029382	-0.003064	-0.023889	-0.025254	-0.008781	0.000095	-0.034348	-0.020954	-0.050955	0.006970	-0.027442	0.022552	-0.014595	-0.028551	-0.017761	-0.014452	-0.024759	-0.007154	-0.021934	-0.014496	-0.001213	-0.000763	-0.000895	-0.012895	-0.001575	-0.004149	-0.020692	-0.036010	-0.042533	
-0.007416	-0.040246	-0.020429	-0.051075	-0.038697	-0.044414	-0.010732	-0.024903	0.010613	0.930181	-0.030191	0.031122	-0.007811	-0.014198	0.031478	-0.217681	-0.050489	0.017756	-0.012099	-0.042811	-0.024962	0.001444	-0.027221	0.009744	0.015717	-0.029205	0.001148	-0.036975	-0.014610	-0.011417	0.023373	-0.021951	-0.003789	-0.049968	0.003153	-0.027669	-0.006011	0.051312	-0.041058	-0.002307	-0.028526	-0.011595	-0.040662	-0.019546	0.013359	-0.022711	-0.009281	-0.018009	0.043007	0.020642	-0.033034	-0.119304	0.014235	-0.038927	0.007486	-0.029318	-0.049569	-0.004818	-0.016254	0.030156	-0.046900	0.004990	-0.031614	-0.028441	0.002420	0.009493	-0.035242	-0.004495	-0.067924	0.003098	-0.026910	-0.021431	-0.001706	-0.034707	-0.051806	-0.088810	-0.015319	0.010061	-0.003714	0.020751	0.002767	0.017685	0.033112	0.026288	0.008268	-0.012203	0.001113	-0.010146	0.001203	0.009202	-0.001233	0.010900	-0.000516	0.012276	0.014677	-0.003336	
-0.006761	-0.016993	-0.028221	0.008064	-0.048894	-0.025059	-0.041789	-0.055820	0.003340	-0.030191	1.049121	0.005950	-0.024386	-0.002392	-0.037271	-0.001027	-0.012972	0.058638	0.001175	0.077841	-0.030783	-0.013784	-0.014168	-0.023335	-0.029450	-0.048333	-0.027937	0.017528	-0.005480	-0.020983	-0.007758	-0.005586	-0.012648	-0.019813	0.026153	0.026991	-0.027409	0.009602	-0.030159	0.031840	-0.020925	-0.006268	-0.032087	0.008624	-0.022600	0.001385	-0.049926	0.020571	-0.028218	-0.026168	-0.004284	-0.072816	-0.008596	0.017777	0.004206	0.026663	-0.014088	0.012056	-0.016787	-0.016623	-0.016505	0.002532	0.007066	-0.052578	-0.021030	0.054973	-0.051720	0.005481	-0.048558	-0.007018	-0.004203	0.004073	-0.024922	-0.029961	0.021087	-0.063451	-0.029780	0.029296	0.011301	0.026395	-0.045789	-0.031102	-0.018755	-0.058946	-0.017220	0.032684	0.008285	-0.014525	-0.051278	-0.000034	-0.018030	-0.014758	-0.045324	-0.020617	-0.021266	0.019624	
0.034034	0.019218	-0.037313	-0.034929	-0.019951	-0.003561	0.038711	0.031122	0.014102	0.031122	0.005950	1.122226	0.009980	-0.033353	0.003773	0.197839	-0.003464	-0.040380	0.004495	-0.033539	0.004404	-0.059453	-0.002848	-0.025363	-0.028901	-0.027734	0.004174	-0.037872	-0.015505	-0.017381	-0.001795	0.010484	-0.005321	-0.019065	-0.036141	-0.048609	-0.010358	0.011460	0.028999	0.004870	0.025094	-0.021701	-0.034874	-0.013851	0.015070	-0.026499	0.015666	-0.007253	-0.011470	-0.049914	-0.006877	0.117243	0.042445	-0.027088	-0.010361	-0.005402	0.014513	-0.036113	-0.026123	-0.053797	0.021128	-0.035312	-0.018236	0.009129	-0.019952	-0.052963	0.045257	-0.013923	0.035166	-0.041415	-0.049094	-0.024647	-0.020407	-0.023162	-0.040962	0.005051	-0.032044	-0.029128	-0.018954	-0.038419	0.014588	-0.045290	-0.014018	-0.052563	-0.027176	-0.038253	-0.027135	-0.023544	-0.018969	-0.048591	-0.026655	-0.028200	-0.022128	-0.020461	-0.017688	-0.031400	
-0.000094	0.013475	-0.023041	0.012549	0.009988	-0.027330	-0.003239	-0.088588	-0.026048	-0.007811	-0.024386	0.009980	1.038349	-0.023450	-0.026265	-0.147146	-0.003945	-0.031231	-0.024517	-0.115456	0.063390	-0.020571	-0.022433	-0.001657	-0.006009	-0.070515	-0.006407	-0.044315	0.033046	0.037090	-0.017565	-0.037157	0.013435	0.020966	-0.022918	-0.002072	-0.034468	-0.033218	-0.001872	0.007143	0.006582	-0.016939	-0.019936	-0.011505	0.005706	-0.037086	-0.026493	0.014081	-0.003176	-0.024940	0.021452	-0.004608	0.034648	0.005791	-0.032214	-0.046307	-0.021585	-0.024734	-0.025992	-0.037732	-0.036650	0.004543	-0.028226	-0.008740	0.011912	-0.050985	0.019346	0.007003	0.022824	-0.013475	-0.037199	0.002396	-0.014375	-0.036833	0.016675	0.047741	0.008340	-0.052945	-0.036319	-0.017515	-0.040159	-0.029954	-0.040589	-0.030397	-0.020260	-0.019480	-0.021874	0.016904	-0.018299	-0.031760	-0.013244	-0.022849	-0.017551	-0.016019	0.016092	-0.022286	
-0.015322	-0.030697	0.023770	0.000530	-0.080652	-0.042239	-0.025790	-0.013401	0.021350	-0.014198	-0.002392	-0.033353	-0.023450	1.297185	0.018754	-0.208418	0.013278	0.051940	-0.024469	0.040630	-0.015988	-0.013934	-0.023968	-0.047554	-0.005638	-0.063059	-0.004032	0.011914	-0.014563	-0.041308	-0.037339	0.007554	-0.019055	-0.032763	-0.011414	0.078847	-0.023830	-0.002295	-0.032664	-0.004538	-0.075528	0.007229	-0.004196	0.018206	0.010802	-0.028148	-0.017452	0.027755	-0.013106	-0.012210	-0.002759	-0.093578	-0.051114	0.011626	-0.050951	-0.021036	-0.020167	-0.026334	0.011051	-0.023533	-0.031446	-0.059120	-0.029124	-0.036914	-0.034310	0.035018	-0.014158	-0.004746	-0.061904	-0.002398	0.011857	0.008701	0.022894	0.006581	0.020672	-0.055891	0.002963	-0.009508	-0.007225	-0.007273	-0.020650	-0.028740	-0.036706	-0.020033	-0.036114	-0.026897	-0.023304	-0.001564	-0.039112	-0.047280	0.016921	-0.019349	-0.021949	0.005802	-0.001034	-0.041976	
-0.024403	0.012484	0.003563	-0.036962	-0.054535	-0.011743	-0.006971	-0.026758	-0.006505	0.031478	-0.037271	0.003773	-0.026265	0.018754	0.975382	-0.059686	-0.061451	-0.021883	-0.028462	-0.083020	-0.022119	0.022491	-0.017822	-0.011489	-0.023619	-0.017426	0.023207	-0.050555	-0.002694	-0.023116	-0.001764	0.000254	0.021788	-0.019794	-0.024092	-0.019620	-0.000244	0.062496	-0.019387	-0.028519	-0.057233	-0.018263	-0.025925	-0.033583	0.016820	-0.019242	0.002699	-0.030246	0.032181	-0.017566	-0.008134	-0.124765	-0.005759	-0.023799	0.005955	-0.033345	-0.008828	-0.020877	-0.036019	0.011044	-0.039842	-0.008691	-0.035362	-0.027852	0.032647	0.004387	-0.037234	-0.019074	-0.041888	0.006314	-0.032895	-0.024341	-0.043927	-0.036216	0.012012	-0.010023	0.009865	-0.014775	-0.006454	-0.022170	-0.000141	0.021273	0.006782	-0.006742	-0.032341	0.012879	-0.017781	0.023836	-0.000778	0.000657	0.004907	0.041563	-0.018841	0.005692	-0.017549	-0.006761	
0.227179	0.066576	0.223965	-0.032973	0.149043	0.444270	0.407425	0.765996	-0.072413	-0.217681	-0.001027	0.197839	-0.147146	-0.208418	-0.059686	1.523198	-0.008562	-0.291191	0.060068	-0.014442	0.002293	-0.157034	0.095302	-0.161374	-0.140834	0.200193	-0.151333	0.182418	-0.167144	0.023267	-0.122650	0.631114	-0.187847	0.039484	-0.126804	-0.150725	0.218469	-0.285523	0.660366	-0.088573	0.178693	-0.183039	0.258509	0.044511	-0.270564	-0.098172	-0.206515	-0.145453	-0.167459	-0.214821	-0.104807	0.629284	0.057350	-0.101404	-0.203078	-0.107674	0.427981	-0.116732	-0.186411	-0.195085	0.484488	-0.213698	0.054397	0.504196	-0.218087	-0.138969	0.043851	-0.057358	0.101877	0.048995	-0.094177	-0.091366	0.224858	0.016503	0.054514	0.470395	-0.186329	-0.157800	-0.238588	-0.210528	-0.225660	-0.163843	-0.204786	-0.098062	-0.198824	-0.186661	-0.188341	-0.213427	-0.202287	-0.230762	-0.191630	-0.209002	-0.193410	-0.220666	-0.186324	-0.186585	
0.001782	-0.012173	-0.028862	0.012526	0.025366	-0.007786	0.027048	-0.050431	-0.018692	-0.050489	-0.012972	-0.003464	-0.003945	0.013278	-0.061451	-0.008562	1.151168	0.009277	-0.014458	0.173667	0.005349	-0.031070	-0.007341	-0.032663	-0.018231	-0.012817	-0.012024	-0.027189	-0.038427	0.004860	-0.025294	-0.010731	-0.027411	-0.001738	-0.045530	0.005143	0.017501	0.004584	-0.043061	-0.005818	-0.009483	0.025757	-0.012626	0.068278	-0.056273	-0.024029	-0.034470	0.051226	-0.017785	-0.039316	0.017161	-0.021617	0.018488	-0.000031	-0.034414	-0.019925	0.000069	-0.005857	-0.018852	-0.049601	0.010298	-0.017571	0.021951	0.012088	-0.025037	-0.048038	-0.010195	0.029284	-0.003847	-0.014746	0.026315	0.034367	0.003245	0.014556	-0.013605	0.011012	-0.013851	-0.012414	-0.030743	-0.048818	-0.043672	-0.028548	-0.060303	0.007467	-0.050846	-0.038675	-0.031590	-0.035977	-0.050374	-0.046321	-0.004658	-0.029139	-0.049550	-0.041445	-0.020253	-0.033985	
-0.020030	-0.016702	0.048201	-0.032606	0.140127	-0.056815	-0.041137	-0.070445	-0.036223	0.017756	0.058638	-0.040380	-0.031231	0.051940	-0.021883	-0.291191	0.009277	1.213002	-0.038765	0.125483	0.082381	-0.023200	0.004538	-0.048312	0.001881	-0.028252	-0.049932	0.077733	-0.020862	0.002277	-0.070632	-0.000870	-0.015190	-0.030038	-0.023280	0.028474	0.008199	-0.006122	-0.060773	-0.069390	-0.060128	0.085758	-0.032027	-0.000933	-0.045811	0.028667	0.017310	0.019228	0.041750	-0.029234	0.015959	-0.164195	-0.014262	0.050443	-0.004488	-0.064059	-0.005961	0.125920	0.005804	-0.018494	-0.049888	-0.004890	0.045870	-0.075245	0.003301	-0.010917	-0.008595	-0.013916	-0.047566	-0.068458	0.069210	0.022076	0.058932	0.034008	-0.002624	-0.077005	-0.042767	-0.026726	-0.046509	-0.041901	0.007339	-0.005519	-0.084052	-0.015756	-0.069639	-0.048338	-0.034171	-0.061112	-0.041266	-0.044426	-0.052368	-0.062912	-0.038330	-0.043182	-0.083573	-0.024770	
0.006493	-0.006962	-0.017270	0.005256	0.010983	0.003148	0.013085	0.035858	-0.023600	-0.012099	0.001175	0.004495	-0.024517	-0.024469	-0.028462	0.060068	-0.014458	-0.038765	0.894896	-0.050563	-0.017164	-0.024477	0.023272	-0.003772	-0.023020	0.001210	-0.013287	-0.017508	-0.022024	0.007618	0.001261	-0.010643	0.010942	-0.010166	-0.018747	-0.010953	-0.021416	-0.063805	-0.008944	0.036558	0.023243	-0.019905	0.008520	0.018050	-0.008613	-0.027418	-0.011990	-0.015116	-0.027861	-0.034473	-0.017559	-0.040117	0.020691	0.022371	0.001437	0.010612	-0.044017	-0.016368	-0.019940	-0.006671	-0.014515	-0.019567	-0.013272	-0.038417	-0.000519	0.008490	0.021128	0.014272	-0.015492	0.006830	-0.034394	-0.029962	-0.005712	-0.003533	-0.009234	-0.003133	-0.062607	-0.031013	-0.018897	-0.015225	-0.044111	-0.008090	-0.024696	-0.024942	-0.015297	-0.006506	-0.013145	0.018975	-0.020159	-0.011510	0.031501	-0.019010	-0.023574	-0.042446	-0.024762	-0.002462	
-0.079867	-0.038060	0.027893	-0.070672	0.025877	-0.056130	-0.010819	0.011017	-0.117057	-0.042811	0.077841	-0.033539	-0.115456	0.040630	-0.083020	-0.014442	0.173667	0.125483	-0.050563	0.946826	0.195753	-0.060483	0.032468	-0.045638	-0.028154	-0.095586	-0.038815	0.048633	-0.077091	-0.020701	-0.062723	0.174368	-0.042315	-0.039381	0.007293	0.132136	0.054239	-0.090618	0.010576	-0.041738	-0.062287	0.074884	0.111209	0.130009	-0.057175	0.114120	-0.049704	0.262984	0.068449	-0.091997	0.012123	-0.131355	-0.064773	0.069554	-0.011436	-0.051766	-0.008349	0.030739	-0.048333	-0.082437	-0.077077	-0.007299	0.236218	-0.065807	-0.030603	0.099863	-0.019616	-0.037598	-0.103864	-0.070787	0.077416	0.068799	0.077682	-0.058116	0.196212	-0.059474	-0.015464	-0.035183	-0.021298	-0.089028	-0.075439	-0.052643	-0.060849	-0.080987	-0.068482	-0.098979	-0.059313	-0.046339	-0.060897	-0.048777	-0.086520	-0.100153	-0.119894	-0.000664	-0.060289	-0.007538	
-0.003990	0.012092	-0.004573	-0.010247	-0.037190	-0.041704	-0.010646	-0.055169	-0.015781	-0.024962	-0.030783	0.004404	0.063390	-0.015988	-0.022119	0.002293	0.005349	0.082381	-0.017164	0.195753	1.189489	-0.004068	-0.008108	-0.006987	-0.026915	-0.011434	-0.017963	-0.008929	0.003556	-0.016187	0.020523	-0.066289	-0.023832	-0.016589	-0.005794	-0.057291	-0.014765	-0.007484	-0.028237	-0.015907	-0.007112	-0.045524	-0.054676	0.029400	0.001598	-0.004546	-0.038682	-0.041800	-0.011709	-0.006887	-0.004448	-0.059722	-0.017853	-0.023961	0.011219	-0.023606	-0.017834	-0.019103	-0.025807	0.011027	-0.012940	0.017095	-0.051137	-0.024814	-0.026903	-0.016158	0.044576	-0.018959	0.022088	-0.028404	-0.033786	0.009256	0.002610	-0.004743	-0.047789	-0.032507	-0.020502	-0.038229	-0.005326	-0.022533	-0.029873	-0.032044	0.000877	0.000540	-0.024929	-0.035351	-0.029305	-0.013498	0.013837	-0.002137	-0.019992	-0.022978	-0.010503	-0.029443	-0.013988	0.000764	
-0.016855	-0.018061	-0.008336	-0.035128	-0.055549	-0.039438	-0.038517	-0.031966	0.013114	0.001444	-0.013784	-0.059453	-0.020571	-0.013934	0.022491	-0.157034	-0.031070	-0.023200	-0.024477	-0.060483	-0.004068	0.922329	-0.038886	-0.005783	0.002819	-0.006291	0.001275	-0.024544	-0.025252	-0.026314	0.031346	-0.051226	-0.016440	0.008948	-0.028072	0.000301	-0.036082	-0.005111	0.004577	-0.013542	-0.019255	0.009221	-0.032875	-0.008555	0.004061	0.014283	-0.024086	-0.020750	0.038436	0.015105	0.044060	-0.127797	-0.027809	-0.051116	-0.025385	-0.014522	-0.030145	0.004340	0.003202	0.026438	-0.010901	0.001656	-0.022830	-0.038341	0.002328	-0.001426	-0.035303	-0.009909	-0.040621	-0.001266	-0.013614	-0.023802	-0.012782	-0.011196	-0.040895	-0.006510	-0.000820	0.009413	-0.028520	-0.014711	-0.014342	0.034283	-0.004804	0.015689	-0.016241	-0.002445	0.009777	0.002319	0.007332	-0.014853	-0.013232	0.032192	0.030568	-0.011991	-0.027910	0.013104	
-0.029648	0.006262	0.008811	0.014239	0.079738	0.023889	-0.025540	0.068549	-0.010611	-0.027221	-0.014168	-0.002848	-0.022433	-0.023968	-0.017822	0.095302	-0.007341	0.004538	0.023272	0.032468	-0.008108	-0.038886	0.955370	0.004498	0.003044	0.074140	-0.016460	-0.041645	0.015253	-0.009700	-0.020909	0.078434	0.012820	0.014561	-0.005541	-0.027499	-0.022445	-0.005391	-0.012624	0.013454	-0.013147	-0.004609	0.010395	-0.021033	-0.038434	-0.027852	-0.024441	-0.011582	-0.007689	-0.023629	-0.017148	0.008855	-0.025745	-0.055485	-0.016645	-0.001776	-0.050889	-0.024420	-0.044755	-0.006775	-0.012389	0.001272	-0.027061	-0.019975	-0.041116	0.013499	0.013230	-0.016415	-0.014852	-0.004650	0.042423	-0.000776	0.024015	0.001596	-0.008338	-0.049570	-0.026404	-0.024675	-0.026367	-0.012262	-0.018558	-0.022127	-0.036863	-0.011823	0.003594	-0.040984	0.008706	-0.044231	-0.005492	-0.035901	0.004070	-0.046324	-0.033224	-0.022609	-0.007532	-0.052040	
-0.029922	-0.042288	0.013227	-0.042286	-0.059617	-0.006293	-0.014294	-0.057867	0.003766	0.009744	-0.023335	-0.025363	-0.001657	-0.047554	-0.011489	-0.161374	-0.032663	-0.048312	-0.003772	-0.045638	-0.006987	-0.005783	0.004498	0.904487	-0.015978	-0.004714	-0.008590	-0.040483	-0.004416	0.001139	0.004305	-0.015928	-0.006632	-0.038097	-0.027123	0.005341	0.006541	0.000069	-0.034763	-0.006145	-0.021780	-0.013118	0.020633	-0.002284	0.033946	-0.020053	-0.004199	-0.031887	0.008623	-0.010701	-0.027179	-0.110230	-0.022108	-0.035094	0.006764	-0.041762	-0.044004	-0.003902	-0.021843	-0.006059	-0.016441	0.024112	-0.024528	0.004863	-0.013634	0.001367	-0.038014	-0.023563	-0.048823	0.025790	-0.057076	0.014929	-0.037816	-0.002550	-0.015284	-0.047102	-0.015927	0.009563	0.004196	-0.010263	0.010295	0.040629	-0.004544	0.019988	0.008571	0.014248	-0.004249	0.018178	-0.009603	-0.009655	0.016739	-0.003180	0.005854	-0.000724	0.023099	-0.020563	
-0.041116	-0.006348	-0.008930	-0.024320	-0.069821	-0.009708	-0.033019	-0.083970	-0.032048	0.015717	-0.029450	-0.028901	-0.006009	-0.005638	-0.023619	-0.140834	-0.018231	0.001881	-0.023020	-0.028154	-0.026915	0.002819	0.003044	-0.015978	0.947434	-0.018762	0.047391	-0.016716	-0.017814	-0.008952	-0.007030	-0.021959	-0.014598	0.056837	0.011732	-0.044913	-0.037181	0.049370	-0.048994	-0.004933	-0.022220	0.018454	-0.016562	-0.028490	-0.024164	-0.003204	-0.017496	-0.016964	-0.014619	0.018429	0.009683	-0.093599	-0.044930	0.005402	0.017214	-0.037075	-0.049184	-0.031740	0.023509	-0.009263	-0.012199	0.004104	-0.051993	-0.037517	0.008731	-0.021522	-0.047009	-0.028462	-0.023613	-0.021470	0.035750	-0.030497	-0.053339	0.054159	0.001722	0.018504	-0.007852	-0.028970	-0.000735	0.034981	-0.012018	0.037716	0.013625	-0.008401	-0.001084	-0.049158	0.009701	-0.018701	0.040167	-0.033227	0.007010	-0.021473	0.010455	0.004188	-0.013023	-0.011735	
-0.018851	-0.025674	-0.038070	-0.030673	0.140588	0.115993	-0.012222	0.110459	0.003353	-0.029205	-0.048333	-0.027734	-0.070515	-0.063059	-0.017426	0.200193	-0.012817	-0.028252	0.001210	-0.095586	-0.011434	-0.006291	0.074140	-0.004714	-0.018762	1.027826	-0.037870	0.060346	-0.012083	-0.021507	-0.022824	0.051614	-0.008282	0.064287	-0.050941	-0.002063	-0.030853	0.000656	0.014624	-0.014804	-0.007537	0.018961	-0.007840	-0.041914	-0.059122	-0.025688	-0.019569	-0.026503	-0.033233	-0.012861	-0.009318	0.101972	0.007574	-0.020025	0.039149	0.087129	-0.008935	-0.015191	-0.018959	-0.044524	0.012072	-0.022022	-0.022019	0.020592	-0.044774	-0.024423	-0.036230	-0.014701	-0.032201	-0.011308	-0.025369	-0.034717	0.023146	-0.029400	-0.025800	0.037292	-0.026583	0.017395	-0.038791	-0.048256	-0.031619	-0.024395	-0.011009	-0.037452	-0.043066	-0.022598	-0.032571	-0.028260	-0.004475	-0.043919	-0.007977	-0.018184	-0.048763	-0.012725	-0.046548	-0.033787	
-0.015660	-0.038717	-0.019232	-0.027685	-0.026974	-0.045567	-0.017404	-0.008394	0.016178	0.001148	-0.027937	0.004174	-0.006407	-0.004032	0.023207	-0.151333	-0.012024	-0.049932	-0.013287	-0.038815	-0.017963	0.001275	-0.016460	-0.008590	0.047391	-0.037870	0.922189	-0.023176	-0.000686	-0.027175	0.003871	-0.024112	-0.014497	-0.028506	-0.001916	-0.036899	-0.025451	-0.046907	-0.010204	-0.023046	0.037739	-0.013565	-0.037485	-0.032584	0.005206	-0.025772	-0.028763	-0.030104	-0.007838	-0.004793	-0.003304	-0.061735	-0.034891	-0.039070	-0.012386	-0.007461	-0.034594	0.020006	-0.002721	-0.016687	-0.015882	0.016449	0.006497	-0.024569	0.015434	-0.020246	-0.050767	0.009522	-0.009889	0.034759	0.003515	-0.028066	-0.036116	-0.021574	-0.019572	-0.021358	0.020898	-0.009680	-0.000773	0.003033	-0.007962	-0.025516	-0.016820	-0.006457	0.015184	0.019993	0.012415	-0.004323	0.020727	-0.001379	-0.007050	0.038797	-0.020569	-0.021724	0.002096	-0.020519	
-0.007602	-0.029243	-0.013373	-0.008737	0.026848	0.061449	0.019772	0.033209	-0.018330	-0.036975	0.017528	-0.037872	-0.044315	0.011914	-0.050555	0.182418	-0.027189	0.077733	-0.017508	0.048633	-0.008929	-0.024544	-0.041645	-0.040483	-0.016716	0.060346	-0.023176	1.145022	-0.031461	-0.006436	-0.031195	0.043451	-0.010474	-0.010501	-0.042343	0.010154	0.015872	-0.054845	0.002553	-0.005247	-0.018000	0.000018	-0.052213	-0.006728	-0.042191	-0.025057	0.003356	0.005472	0.008053	-0.027943	-0.032477	0.076512	-0.034276	-0.014199	0.002612	0.016974	0.014822	0.007576	0.018790	-0.041360	0.026467	-0.021322	-0.000887	0.049071	-0.041777	0.013991	-0.000843	-0.019707	-0.021344	-0.031632	-0.007446	-0.028569	-0.003467	0.006255	-0.003757	0.033546	-0.033337	0.002245	0.001320	-0.051960	-0.013103	-0.037002	-0.051484	-0.034910	-0.046846	-0.037963	-0.013579	0.005459	-0.013197	-0.016366	-0.027445	-0.035088	-0.033368	-0.048773	-0.063240	-0.064323	
-0.032198	-0.035499	-0.031428	-0.000030	-0.021214	-0.013092	-0.022641	-0.083823	0.000166	-0.014610	-0.005480	-0.015505	0.033046	-0.014563	-0.002694	-0.167144	-0.038427	-0.020862	-0.022024	-0.077091	0.003556	-0.025252	0.015253	-0.004416	-0.017814	-0.012083	-0.000686	-0.031461	0.858756	-0.019604	0.022708	-0.029480	-0.017106	-0.016942	0.007591	-0.020286	-0.011540	0.021867	-0.035115	-0.035182	0.007090	-0.018508	-0.045916	-0.023268	-0.021124	0.009549	-0.017181	-0.013176	0.013550	0.008235	0.009436	-0.085242	-0.029364	-0.009907	-0.016632	-0.031805	-0.044907	-0.017940	0.013681	-0.003049	-0.013592	-0.001296	-0.025181	-0.033076	-0.022343	0.052180	-0.033898	0.018546	-0.034628	-0.017042	-0.026106	-0.028451	-0.004497	0.012267	-0.003782	-0.068082	0.015855	0.004950	0.027855	0.021305	0.008620	-0.006227	0.030112	-0.006286	-0.005580	0.001667	-0.009784	-0.005454	-0.024430	0.007170	0.017133	0.014638	0.023606	0.004188	-0.019969	-0.013074	
-0.010236	0.039045	-0.010974	0.017283	0.118081	0.005800	0.004421	-0.016494	-0.029048	-0.011417	-0.020983	-0.017381	0.037090	-0.041308	-0.023116	0.023267	0.004860	0.002277	0.007618	-0.020701	-0.016187	-0.026314	-0.009700	0.001139	-0.008952	-0.021507	-0.027175	-0.006436	-0.019604	1.059067	-0.039031	0.010823	-0.024989	0.013077	0.005961	0.004059	-0.003025	0.022048	0.013757	0.002001	-0.034163	-0.004874	0.001568	-0.034229	-0.044084	0.002547	-0.000712	-0.022822	-0.030140	-0.035948	0.002249	0.030889	0.021931	-0.028069	-0.028328	0.027050	-0.006817	0.012708	0.007100	-0.001482	-0.001623	-0.038155	-0.009806	-0.020780	-0.061447	-0.057026	0.034908	0.000819	0.067081	-0.013005	-0.037960	-0.011752	0.039691	0.000894	-0.022817	0.004077	-0.035393	-0.032353	-0.009835	-0.057674	-0.028674	-0.019720	-0.041928	-0.013445	-0.023672	-0.027222	-0.022888	-0.020586	-0.056942	-0.025039	-0.029816	-0.044395	-0.010492	-0.049260	-0.056117	-0.054496	
0.016831	-0.024970	-0.027890	-0.002317	-0.061055	-0.045739	-0.014207	-0.087767	0.006923	0.023373	-0.007758	-0.001795	-0.017565	-0.037339	-0.001764	-0.122650	-0.025294	-0.070632	0.001261	-0.062723	0.020523	0.031346	-0.020909	0.004305	-0.007030	-0.022824	0.003871	-0.031195	0.022708	-0.039031	0.829928	-0.021803	-0.016507	-0.027661	0.005594	-0.020192	-0.031241	-0.015846	-0.041566	0.011639	-0.000376	-0.000707	-0.003514	-0.022650	0.003982	0.003970	-0.015226	-0.021430	0.003216	0.007777	-0.016690	-0.124084	-0.043219	-0.013185	0.006004	-0.032319	-0.032952	-0.008499	-0.022398	-0.018125	0.006413	-0.012688	-0.009926	-0.024137	0.002536	-0.022542	-0.053933	0.005219	-0.040655	-0.018115	-0.012033	-0.002345	-0.020028	0.008332	-0.002625	-0.019479	-0.012134	0.006654	-0.022935	0.017562	-0.008428	-0.002697	0.008627	-0.018552	0.016052	0.019656	-0.002355	-0.019331	0.028038	-0.013670	-0.008069	0.021717	-0.000573	0.027193	-0.010498	0.008652	
-0.013642	0.013191	0.057010	-0.006716	0.096365	0.023643	0.009311	0.261483	-0.020973	-0.021951	-0.005586	0.010484	-0.037157	0.007554	0.000254	0.631114	-0.010731	-0.000870	-0.010643	0.174368	-0.066289	-0.051226	0.078434	-0.015928	-0.021959	0.051614	-0.024112	0.043451	-0.029480	0.010823	-0.021803	1.000060	-0.026981	0.005617	-0.029264	-0.027992	-0.024036	0.026120	0.057007	-0.017333	-0.009158	-0.044300	0.092909	0.016396	-0.010785	-0.021684	-0.018679	-0.043375	-0.038883	-0.047077	-0.002825	0.148502	0.020364	-0.052604	-0.037562	0.000374	0.003008	-0.018704	-0.030188	-0.041650	-0.016019	-0.044728	0.020594	0.030469	-0.023012	-0.009842	0.019568	-0.028827	-0.017340	-0.022204	-0.035339	-0.036182	0.062749	0.001210	0.036518	0.003389	-0.056380	-0.045451	-0.003059	-0.026337	-0.045259	-0.041470	-0.014910	-0.062046	-0.049285	-0.036013	-0.031767	-0.028744	-0.045057	-0.054288	-0.063717	-0.054136	-0.030363	-0.051998	-0.069610	-0.053678	
-0.035726	-0.026093	-0.028111	-0.029212	-0.051693	0.000697	-0.001129	-0.092846	0.017907	-0.003789	-0.012648	-0.005321	0.013435	-0.019055	0.021788	-0.187847	-0.027411	-0.015190	0.010942	-0.042315	-0.023832	-0.016440	0.012820	-0.006632	-0.014598	-0.008282	-0.014497	-0.010474	-0.017106	-0.024989	-0.016507	-0.026981	1.005769	-0.032724	-0.009238	-0.020048	-0.006564	-0.016805	-0.001503	-0.033575	0.004314	-0.025043	-0.043586	-0.030337	0.024342	-0.005467	0.038058	-0.043135	0.009007	-0.006512	0.037934	-0.123558	-0.028322	-0.044740	0.000614	0.019132	-0.015130	-0.014571	-0.001742	-0.026518	-0.045315	-0.018734	0.020444	-0.009344	0.021291	0.008038	0.000625	-0.017208	-0.030845	0.034795	-0.001567	-0.015451	-0.016824	-0.033108	0.001423	-0.016299	-0.038408	-0.008934	0.002125	0.014260	0.031544	-0.009380	-0.023525	-0.007876	-0.019938	-0.020448	-0.001553	-0.023021	-0.030132	-0.029031	-0.016414	-0.032436	-0.011465	0.002733	-0.008213	-0.028812	
-0.005258	0.014835	-0.051197	-0.004995	0.029401	0.032758	-0.029636	0.018650	-0.010950	-0.049968	-0.019813	-0.019065	0.020966	-0.032763	-0.019794	0.039484	-0.001738	-0.030038	-0.010166	-0.039381	-0.016589	0.008948	0.014561	-0.038097	0.056837	0.064287	-0.028506	-0.010501	-0.016942	0.013077	-0.027661	0.005617	-0.032724	0.917808	0.000058	-0.013341	-0.005750	0.021440	-0.037979	-0.012915	-0.014817	-0.038274	0.024825	-0.030669	-0.003463	-0.007636	-0.012646	-0.013450	-0.034857	0.022822	-0.016656	-0.013363	0.008269	0.005960	0.033892	0.038146	-0.049493	-0.034905	0.003171	-0.022971	-0.023331	-0.003575	-0.022002	0.012263	-0.027272	-0.077409	-0.016104	-0.003866	-0.011830	-0.029546	-0.011124	-0.030453	-0.009948	0.008485	-0.028965	0.005993	-0.024121	-0.024743	-0.031598	-0.001171	-0.019603	-0.002045	-0.005756	-0.026484	0.014868	0.008288	-0.023484	-0.008569	-0.035487	-0.020854	0.010049	-0.022146	-0.002874	-0.029670	-0.023933	-0.030898	
0.001321	-0.000478	-0.017688	-0.000269	-0.039838	-0.011809	-0.005297	-0.090137	-0.011536	0.003153	0.026153	-0.036141	-0.022918	-0.011414	-0.024092	-0.126804	-0.045530	-0.023280	-0.018747	0.007293	-0.005794	-0.028072	-0.005541	-0.027123	0.011732	-0.050941	-0.001916	-0.042343	0.007591	0.005961	0.005594	-0.029264	-0.009238	0.000058	0.780993	-0.023113	-0.020817	0.050711	-0.015612	-0.008341	-0.020689	0.006111	-0.006307	-0.013975	-0.004960	0.008470	-0.035201	0.010675	-0.030797	-0.014945	-0.021096	-0.091767	-0.012906	-0.010078	0.012076	-0.038758	0.024921	0.000211	-0.004674	0.022575	-0.009838	-0.013083	-0.005144	-0.034349	0.005406	-0.016014	-0.029324	-0.018084	-0.016584	0.013750	-0.024639	-0.011400	-0.017930	0.032212	0.001641	-0.010160	-0.022314	-0.001688	-0.004307	-0.007913	-0.003711	-0.002109	-0.007755	-0.007083	-0.004220	-0.003617	0.030284	0.006516	-0.012766	-0.007045	-0.011714	0.008192	-0.009177	0.007411	-0.010747	-0.010840	
-0.013342	-0.048719	-0.026344	0.008683	0.016176	-0.023049	-0.014337	-0.021875	-0.035465	-0.027669	0.026991	-0.048609	-0.002072	0.078847	-0.019620	-0.150725	0.005143	0.028474	-0.010953	0.132136	-0.057291	0.000301	-0.027499	0.005341	-0.044913	-0.002063	-0.036899	0.010154	-0.020286	0.004059	-0.020192	-0.027992	-0.020048	-0.013341	-0.023113	1.159635	-0.003492	-0.006790	-0.009520	0.025936	0.009719	-0.003835	-0.050201	-0.001496	-0.018785	-0.017077	-0.015829	0.036109	0.000661	-0.057173	-0.003850	-0.051738	-0.034043	0.011222	-0.014775	0.006383	-0.012070	-0.008164	0.015342	-0.038986	0.005047	-0.017955	-0.012357	-0.021913	-0.036938	-0.004033	-0.012859	-0.015277	-0.017817	-0.030232	-0.005352	0.000963	0.019323	-0.024018	0.008791	-0.004216	-0.022495	-0.010885	-0.014509	-0.034578	0.018358	-0.043370	0.009412	-0.011585	-0.050958	-0.015845	-0.024233	-0.038869	-0.022722	-0.030608	-0.038752	-0.039310	-0.029616	-0.020769	-0.017335	-0.006314	
0.008131	-0.019265	0.008418	-0.004119	0.029842	0.013131	0.037186	0.103859	-0.028008	-0.006011	-0.027409	-0.010358	-0.034468	-0.023830	-0.000244	0.218469	0.017501	0.008199	-0.021416	0.054239	-0.014765	-0.036082	-0.022445	0.006541	-0.037181	-0.030853	-0.025451	0.015872	-0.011540	-0.003025	-0.031241	-0.024036	-0.006564	-0.005750	-0.020817	-0.003492	0.851570	-0.008032	0.008737	-0.016647	-0.019459	0.004763	-0.010560	0.002488	-0.036325	0.027370	-0.030424	0.018605	0.009147	-0.016116	0.014597	0.027420	-0.018917	0.015876	0.010065	-0.014692	0.055126	-0.017099	-0.021412	-0.053994	-0.009964	-0.019335	0.018365	0.034046	-0.039590	-0.038704	0.028731	-0.006402	0.015515	-0.023906	0.027821	0.007721	-0.007947	-0.034944	-0.005743	0.010472	-0.019660	0.000646	-0.048365	-0.043685	-0.000286	-0.028898	-0.038579	-0.042134	-0.066073	-0.017527	-0.020304	-0.028155	-0.021289	-0.018358	-0.037811	-0.031372	-0.031581	-0.025214	0.003513	-0.007747	
-0.029874	-0.016545	-0.009118	-0.018215	-0.046064	-0.046347	-0.072820	-0.132990	0.003985	0.051312	0.009602	0.011460	-0.033218	-0.002295	0.062496	-0.285523	0.004584	-0.006122	-0.063805	-0.090618	-0.007484	-0.005111	-0.005391	0.000069	0.049370	0.000656	-0.046907	-0.054845	0.021867	0.022048	-0.015846	0.026120	-0.016805	0.021440	0.050711	-0.006790	-0.008032	1.133466	-0.077767	-0.040558	-0.035478	-0.028823	-0.008555	0.006115	0.038968	-0.052215	-0.004335	-0.036279	0.024380	-0.017648	-0.011446	-0.094920	-0.010585	-0.049335	-0.021154	-0.048201	0.009090	-0.010666	-0.050262	-0.019088	-0.045142	-0.035370	-0.018531	-0.030291	-0.018627	-0.040366	-0.021846	-0.017396	-0.000713	-0.037059	-0.032304	-0.050369	-0.054813	0.024695	-0.039209	-0.063173	-0.033751	-0.011818	-0.014093	-0.010525	0.014880	0.017510	0.015977	0.002130	0.007642	0.000792	-0.017307	0.013904	0.025604	0.002126	-0.032881	-0.031205	0.034216	0.028241	-0.024775	-0.004682	
0.003752	-0.025232	0.021242	0.010619	0.034913	0.030357	0.022823	0.243947	-0.022758	-0.041058	-0.030159	0.028999	-0.001872	-0.032664	-0.019387	0.660366	-0.043061	-0.060773	-0.008944	0.010576	-0.028237	0.004577	-0.012624	-0.034763	-0.048994	0.014624	-0.010204	0.002553	-0.035115	0.013757	-0.041566	0.057007	-0.001503	-0.037979	-0.015612	-0.009520	0.008737	-0.077767	1.163442	-0.032642	-0.017536	-0.031533	0.021760	-0.040213	-0.062875	-0.015934	-0.017927	-0.035832	-0.020944	-0.034206	-0.012844	0.229179	0.011138	-0.045608	-0.043203	0.005249	0.069541	-0.015269	-0.066545	-0.003873	0.070872	-0.015217	0.018639	0.089830	-0.031908	-0.036569	-0.029315	0.005419	-0.009272	0.009114	-0.041682	0.005245	-0.004501	-0.037903	-0.022503	0.072984	-0.049989	-0.034066	-0.028380	-0.070529	-0.045209	-0.026230	-0.055191	-0.024025	-0.012534	-0.049050	-0.051182	-0.038864	-0.050097	-0.007307	-0.042371	-0.032795	-0.029145	-0.022340	-0.007220	-0.056834	
-0.002198	-0.031342	-0.007288	-0.006521	-0.023388	-0.053773	-0.034877	0.007327	-0.003918	-0.002307	0.031840	0.004870	0.007143	-0.004538	-0.028519	-0.088573	-0.005818	-0.069390	0.036558	-0.041738	-0.015907	-0.013542	0.013454	-0.006145	-0.004933	-0.014804	-0.023046	-0.005247	-0.035182	0.002001	0.011639	-0.017333	-0.033575	-0.012915	-0.008341	0.025936	-0.016647	-0.040558	-0.032642	1.014751	-0.031706	-0.019015	-0.032818	0.004843	0.004017	0.027605	-0.002594	-0.044230	-0.022861	-0.008399	-0.014101	-0.051103	-0.022799	0.013611	-0.036282	0.001596	0.016621	-0.010541	0.020610	-0.003313	-0.026524	-0.000180	0.010671	-0.031544	0.026035	0.006156	-0.008909	0.031645	-0.015399	-0.021649	0.000761	-0.012372	-0.015070	-0.018864	-0.010026	0.018625	-0.036914	-0.053967	-0.019846	-0.045062	-0.023039	-0.024923	-0.031922	-0.036472	0.002837	0.017184	-0.033093	-0.009457	-0.034458	-0.019209	-0.029430	-0.032697	-0.006458	-0.013923	-0.024699	0.012741	
-0.013239	-0.024787	-0.001971	-0.039771	-0.024268	0.016982	-0.007809	0.029156	0.000166	-0.028526	-0.020925	0.025094	0.006582	-0.075528	-0.057233	0.178693	-0.009483	-0.060128	0.023243	-0.062287	-0.007112	-0.019255	-0.013147	-0.021780	-0.022220	-0.007537	0.037739	-0.018000	0.007090	-0.034163	-0.000376	-0.009158	0.004314	-0.014817	-0.020689	0.009719	-0.019459	-0.035478	-0.017536	-0.031706	1.032731	-0.023637	-0.011201	0.006364	-0.003653	-0.050374	-0.006320	-0.032328	-0.008140	0.012232	0.018949	0.019894	-0.001059	-0.009100	0.020188	0.004651	-0.016044	0.020288	-0.015010	-0.036317	0.018250	-0.010151	-0.020402	0.053530	-0.060368	-0.052965	-0.020382	0.005447	-0.008655	-0.023893	-0.001763	-0.040821	0.011917	-0.018766	-0.028812	0.022210	-0.054266	-0.004585	-0.018329	-0.024168	-0.017870	-0.034060	-0.006057	-0.043798	-0.003981	-0.042453	-0.011784	-0.016905	0.010763	-0.022925	0.004986	-0.005398	-0.034848	-0.020331	0.015881	-0.025471	
-0.019755	-0.050113	0.007527	-0.039088	-0.012538	-0.046740	-0.015009	-0.074852	-0.037542	-0.011595	-0.006268	-0.021701	-0.016939	0.007229	-0.018263	-0.183039	0.025757	0.085758	-0.019905	0.074884	-0.045524	0.009221	-0.004609	-0.013118	0.018454	0.018961	-0.013565	0.000018	-0.018508	-0.004874	-0.000707	-0.044300	-0.025043	-0.038274	0.006111	-0.003835	0.004763	-0.028823	-0.031533	-0.019015	-0.023637	0.951199	-0.007165	0.010700	-0.017977	0.030452	-0.025555	0.043303	-0.011509	0.026152	0.016820	-0.088866	-0.039260	0.001903	-0.006993	-0.031609	-0.019252	0.024424	-0.018013	0.000798	-0.039132	0.012061	-0.006456	-0.027072	-0.029866	0.065126	-0.025202	-0.020002	-0.031187	-0.037691	0.030835	0.036306	-0.004436	0.016489	-0.004855	-0.001169	-0.020408	-0.006978	-0.026780	0.006804	-0.037485	-0.043975	-0.016718	-0.003803	-0.019521	-0.047474	-0.024809	-0.007140	-0.005945	-0.024011	-0.028648	0.007365	0.021564	0.000865	-0.028306	-0.012665	
