0.752179	0.113940	0.012050	-0.023682	0.012804	0.010722	0.032601	-0.031039	0.033385	0.023163	-0.070350	-0.009744	0.040833	-0.059030	0.049689	0.220260	-0.000130	-0.090563	-0.008774	-0.058221	-0.057297	-0.001981	-0.024752	0.017785	0.000749	-0.089111	0.005856	-0.033040	0.009377	0.010085	-0.042648	0.094680	-0.011984	-0.018946	-0.049627	-0.043370	0.049734	-0.040571	-0.029795	0.001874	-0.043778	-0.048845	0.005176	-0.023662	-0.020800	-0.005335	-0.008902	-0.069970	-0.027898	0.083676	-0.048407	0.070396	0.059976	-0.061070	-0.024376	-0.009138	0.101106	-0.021696	0.013423	-0.012429	0.027612	-0.017322	-0.034946	0.039082	-0.006865	0.030371	-0.003791	-0.053824	-0.008289	-0.024805	-0.072952	-0.071141	-0.022614	-0.060701	-0.018258	0.069923	-0.014581	0.054862	-0.018501	0.038165	-0.049432	0.018031	-0.030410	-0.034964	-0.046981	-0.007077	-0.010979	-0.026685	0.006105	-0.062167	0.022724	-0.023246	-0.005237	-0.020311	-0.010954	-0.033255	
0.113940	1.339249	0.010865	0.022267	0.174851	0.078018	0.069395	0.158186	-0.021999	-0.019587	-0.004406	0.135865	0.062230	-0.071728	-0.035780	0.156730	0.036923	-0.040471	-0.005595	-0.121506	-0.059293	-0.038959	-0.057690	-0.106679	-0.069508	-0.043702	-0.025205	-0.062312	-0.073048	0.130828	-0.013777	-0.035083	-0.074234	-0.039202	-0.088480	-0.030406	0.005199	-0.085457	0.054896	-0.041962	-0.009704	-0.065483	-0.018387	0.008823	-0.091996	-0.107600	-0.067499	-0.029055	-0.036938	-0.101232	-0.076782	0.281195	0.328105	-0.098365	-0.025952	0.004889	0.045462	-0.057571	-0.067570	0.036890	0.028886	0.010300	-0.018460	0.089125	-0.083235	0.098086	0.381456	-0.071644	0.353172	-0.091463	-0.115782	-0.015214	-0.073476	-0.070001	-0.054268	0.096117	-0.051391	-0.092926	-0.106007	-0.042923	-0.078910	-0.086722	-0.046949	-0.086434	-0.046634	-0.052242	-0.064798	-0.068301	-0.085730	-0.123963	-0.093223	-0.054742	-0.016216	-0.066875	-0.020691	-0.084689	
0.012050	0.010865	1.007381	-0.041093	-0.117615	0.005555	0.053291	0.085256	0.023920	-0.017717	0.004256	0.052053	-0.059664	0.029266	0.008788	0.191502	-0.055861	0.005079	-0.053927	0.089431	-0.024522	0.018640	0.020378	-0.069810	-0.048919	-0.029993	-0.022057	0.064272	-0.028137	-0.027416	-0.038297	-0.002791	-0.032503	-0.026119	-0.038923	-0.058582	-0.007896	-0.054687	0.115142	0.013379	-0.064525	-0.015251	-0.015966	0.005907	-0.075827	0.014645	-0.043183	-0.048328	0.018659	-0.017042	0.006266	-0.018402	-0.076948	-0.006093	0.083722	0.076035	0.053922	-0.017425	0.031642	-0.005629	-0.040960	0.005616	0.050614	-0.022609	-0.006084	-0.069319	-0.021415	0.013100	-0.062516	-0.049659	-0.018964	0.049620	-0.054299	-0.033994	-0.054490	0.055764	0.008469	-0.031872	-0.011450	-0.051715	0.011033	0.028648	-0.036454	-0.060195	-0.070029	0.003963	-0.036009	0.025919	-0.004373	0.014135	-0.020722	-0.043970	-0.062644	0.018140	-0.017994	-0.070452	
-0.023682	0.022267	-0.041093	1.138329	0.140676	0.020860	0.049099	-0.034065	-0.070065	-0.055509	-0.064903	-0.048509	0.051336	-0.047214	-0.109126	-0.072041	0.015780	-0.132052	0.073599	-0.062399	-0.059993	-0.060559	-0.020230	0.013867	-0.032690	0.003064	-0.022004	-0.042949	-0.017824	0.081311	0.006704	-0.033949	-0.055624	-0.040204	-0.041350	-0.023379	-0.081051	-0.074713	-0.006932	0.018209	-0.000209	-0.023307	0.009474	-0.005109	-0.023831	-0.053246	0.007443	-0.057530	-0.061281	-0.006083	-0.050442	0.046336	-0.001617	0.006948	0.049800	0.026389	-0.066644	-0.090994	0.049920	-0.076935	-0.039269	-0.063694	0.038151	0.001947	-0.012001	-0.083233	0.131776	0.013701	0.091599	-0.022546	0.083883	-0.038762	-0.016807	0.059509	0.050842	0.088277	-0.024476	-0.068409	0.066943	-0.004227	-0.035527	-0.022480	0.007001	-0.000565	-0.015285	-0.031407	-0.016777	-0.040830	-0.005966	-0.039619	-0.083575	-0.053162	-0.054969	0.044679	0.005555	-0.035752	
0.012804	0.174851	-0.117615	0.140676	1.591580	0.076407	0.125099	0.301443	-0.026458	-0.089829	-0.117105	0.019937	0.056412	-0.102979	-0.134214	0.209547	0.055413	0.049527	0.062267	0.219604	0.058640	-0.144922	0.031161	-0.070472	-0.080994	0.082482	-0.103935	0.081413	-0.007791	0.058931	-0.051721	0.139181	-0.038465	-0.015004	-0.126940	-0.009739	-0.036233	-0.074665	0.072908	-0.004921	-0.029042	-0.070488	0.168956	0.080803	-0.097068	-0.030410	-0.092911	-0.069497	0.005783	-0.103929	-0.097863	0.399147	0.145842	-0.017291	-0.066725	0.172379	0.052342	-0.067294	0.145084	-0.113149	-0.040366	-0.139844	0.064106	-0.023957	-0.067442	-0.136903	0.376810	-0.037284	0.304297	-0.047384	-0.081332	-0.071003	0.048120	0.053102	-0.080106	0.000777	-0.183584	-0.130768	-0.095276	-0.100279	-0.116393	-0.132622	-0.105160	-0.076090	-0.120558	-0.176099	-0.116670	-0.071604	-0.111513	-0.112660	-0.092664	-0.087850	-0.061161	-0.129032	-0.090780	-0.006426	
0.010722	0.078018	0.005555	0.020860	0.076407	1.048916	0.173429	0.421399	-0.119414	-0.096077	-0.052788	0.070837	-0.081958	-0.063368	-0.093157	0.587726	-0.026905	-0.106521	0.012563	-0.091177	-0.064771	-0.078699	0.078204	-0.068671	-0.012180	0.184145	-0.035846	-0.049840	-0.053608	0.016946	-0.022939	0.252870	-0.078809	0.198105	-0.064122	-0.057017	0.003582	-0.104249	0.233651	-0.013305	0.010442	-0.062629	0.157959	-0.009676	-0.073884	-0.119349	-0.080542	-0.019317	-0.070125	-0.023216	-0.074123	0.363705	-0.021744	-0.020579	0.025110	-0.019899	0.095248	-0.098673	-0.053989	-0.075344	0.000205	-0.110243	-0.008443	0.107217	-0.114444	-0.049061	0.086556	0.103010	0.075268	-0.061462	0.013954	-0.027952	0.064878	-0.084704	-0.006803	0.209380	0.002103	-0.080090	-0.074700	-0.054711	-0.079416	-0.077415	-0.050831	-0.117557	-0.104380	-0.074857	-0.064979	-0.082925	-0.086131	-0.105969	-0.035630	-0.077322	-0.032791	-0.073703	-0.091156	-0.016510	
0.032601	0.069395	0.053291	0.049099	0.125099	0.173429	1.406866	0.411118	-0.022404	-0.007365	-0.075245	0.019473	-0.028387	-0.096181	0.068972	1.153753	0.011058	-0.057158	-0.017918	-0.178813	-0.062423	-0.092315	-0.037500	-0.070618	-0.094528	-0.091397	-0.070698	0.026279	-0.012916	-0.045372	-0.091056	0.050783	-0.037021	-0.014235	-0.053955	-0.002585	0.096841	-0.033842	0.265759	-0.024530	0.069701	-0.085250	-0.072472	-0.029965	-0.034927	-0.075812	0.000874	-0.081558	-0.045696	-0.075860	0.021186	0.308465	-0.049634	-0.098710	-0.070450	0.086088	0.204243	-0.064153	0.047832	-0.006436	0.083831	-0.083840	-0.053608	0.184462	-0.052113	-0.124276	0.068117	0.099359	0.032005	-0.088557	-0.127301	-0.018035	-0.088408	-0.116005	-0.119509	0.134297	-0.055971	-0.065057	-0.082526	-0.094308	-0.056099	-0.058626	-0.066550	-0.004267	-0.062502	0.015364	-0.022269	-0.064989	-0.076911	-0.107131	-0.105256	-0.115421	-0.019072	-0.129039	-0.069788	-0.085881	
-0.031039	0.158186	0.085256	-0.034065	0.301443	0.421399	0.411118	1.827003	0.024518	-0.209415	-0.208062	0.146510	-0.053445	-0.220651	0.000844	1.184072	-0.061870	-0.038583	0.014307	-0.046594	-0.078779	-0.167320	-0.006054	-0.081310	-0.126626	0.144641	-0.079230	-0.042499	-0.110511	-0.008192	-0.096185	0.423218	-0.120952	0.051273	-0.064035	0.077737	0.184275	-0.119715	0.429060	-0.066212	0.062256	-0.078973	0.170751	0.002631	-0.211420	-0.242131	-0.042060	-0.114123	-0.130539	-0.151487	-0.098219	0.603643	-0.131620	0.031679	-0.128514	0.033972	0.302765	-0.154962	-0.023193	-0.168370	0.185665	-0.115342	0.135008	0.431736	-0.152321	-0.122494	0.107961	0.025734	0.275864	0.059787	-0.064077	-0.134339	0.062469	0.054476	-0.147465	0.405603	-0.218208	-0.131580	-0.123933	-0.260065	-0.139891	-0.208672	-0.208008	-0.067853	-0.137985	-0.173213	-0.130746	-0.193794	-0.186494	-0.183708	-0.162694	-0.150561	-0.180291	-0.029105	-0.202199	-0.141309	
0.033385	-0.021999	0.023920	-0.070065	-0.026458	-0.119414	-0.022404	0.024518	1.005681	0.063879	-0.059604	0.004771	-0.041930	0.005541	0.042334	-0.223948	-0.018069	-0.048843	-0.036679	-0.051077	0.078132	0.023952	0.005750	0.060226	-0.012301	-0.020215	0.007778	0.049172	0.005345	-0.104133	0.070443	-0.049347	-0.004624	-0.048526	0.013474	-0.087313	-0.073896	0.009304	0.009141	0.051740	0.019047	0.035502	-0.081455	-0.018854	-0.063823	-0.024017	-0.022862	0.005307	0.047109	0.020296	-0.003491	-0.086503	0.012773	0.033241	0.028099	0.014776	-0.071182	-0.039868	0.009464	-0.004383	0.047434	-0.010665	-0.040223	-0.059730	0.041101	0.000327	-0.035197	-0.019942	-0.038748	-0.020737	0.032105	-0.039561	-0.017959	-0.059227	0.007038	-0.111922	-0.018699	0.009103	0.033016	-0.007265	-0.008492	0.035182	-0.005417	-0.035619	-0.037664	0.050240	-0.000934	-0.018987	-0.019772	-0.053784	0.016919	-0.011747	-0.045773	-0.018186	-0.040601	-0.054157	
0.023163	-0.019587	-0.017717	-0.055509	-0.089829	-0.096077	-0.007365	-0.209415	0.063879	0.842201	-0.012208	-0.034926	-0.038691	0.003003	0.040971	-0.284903	0.005588	-0.030906	-0.026376	-0.129744	0.099080	0.015130	-0.022737	-0.030448	0.031098	-0.075469	-0.024301	-0.049807	0.000307	-0.029362	-0.053895	-0.080510	-0.056232	-0.043553	0.003631	0.020329	-0.024292	0.033736	-0.087300	-0.043564	-0.022116	0.094193	-0.047872	-0.084629	0.020203	0.024818	-0.009291	-0.006054	-0.021153	0.062925	0.029757	-0.174041	0.003765	-0.068649	0.006831	0.002872	-0.076719	0.013721	0.061046	0.069237	-0.067181	0.040271	-0.031666	-0.074218	0.051955	-0.025457	-0.067466	0.016461	-0.084441	-0.056403	-0.043529	0.014854	-0.085916	-0.065593	-0.040690	-0.096653	0.058553	0.027521	0.009628	0.040751	0.034668	0.015553	0.013761	0.046103	0.029939	0.058673	0.013474	0.125686	0.068691	0.063781	-0.013165	0.044560	0.049262	0.029476	-0.011092	-0.019846	
-0.070350	-0.004406	0.004256	-0.064903	-0.117105	-0.052788	-0.075245	-0.208062	-0.059604	-0.012208	0.929030	0.024913	-0.010858	0.147386	-0.016298	-0.325799	-0.047390	0.045999	-0.048429	0.204783	-0.053214	0.006374	-0.008848	-0.059500	0.053077	-0.001167	0.027609	0.035129	-0.007282	-0.070663	0.018013	-0.097870	0.015407	0.075316	-0.032288	0.113562	0.004557	-0.004630	-0.024712	-0.027607	-0.030229	0.043893	-0.033998	0.090837	-0.032530	0.049885	-0.030762	0.121160	-0.024888	-0.022944	0.111027	-0.220851	-0.048566	0.019017	-0.020597	-0.016174	-0.041434	0.023045	-0.015472	-0.019043	0.025898	-0.060666	0.078443	-0.026779	0.007717	0.075891	-0.074104	-0.039346	-0.139533	-0.076828	0.024851	0.075717	0.020604	-0.070412	-0.003805	-0.128573	0.010840	0.012224	-0.036646	0.018644	0.004646	-0.024900	-0.025392	0.006424	-0.052052	-0.016016	0.007844	-0.024733	-0.017779	0.016815	-0.016460	0.044450	-0.050969	0.060237	-0.018780	0.004838	
-0.009744	0.135865	0.052053	-0.048509	0.019937	0.070837	0.019473	0.146510	0.004771	-0.034926	0.024913	1.020296	-0.024707	-0.040090	0.049030	0.390160	-0.086537	-0.112541	-0.033457	-0.113875	-0.019187	-0.044163	-0.012539	-0.056613	-0.009500	0.036726	-0.038604	0.042259	-0.015494	-0.018184	-0.009077	0.122792	-0.020819	-0.009437	-0.065171	-0.066814	0.014868	-0.076534	0.094065	-0.047848	0.021500	-0.040010	-0.024016	-0.072153	-0.099036	-0.074264	-0.060205	-0.038795	-0.031796	-0.010855	-0.060673	0.197306	0.207762	-0.066961	-0.028581	-0.031998	0.087759	-0.026991	-0.081858	0.010336	0.091828	0.022450	0.033575	0.070075	-0.118690	-0.106076	0.066270	-0.052106	0.105353	-0.029309	-0.003810	-0.070352	-0.016756	0.022061	-0.062995	0.046891	-0.003644	-0.092277	-0.027765	-0.025383	-0.052959	-0.027593	-0.040526	-0.002496	-0.039120	-0.037214	-0.019259	-0.040772	-0.033956	-0.061436	-0.020981	-0.040387	-0.043992	0.024427	-0.045294	-0.076126	
0.040833	0.062230	-0.059664	0.051336	0.056412	-0.081958	-0.028387	-0.053445	-0.041930	-0.038691	-0.010858	-0.024707	1.161231	0.016852	-0.061662	-0.180474	0.005002	-0.059477	0.071941	-0.089450	0.120261	-0.027172	0.013692	0.003125	-0.026284	-0.070124	0.001222	-0.071157	-0.005726	0.013315	-0.030965	-0.046209	0.014559	-0.024917	-0.050920	0.060000	-0.053156	-0.051357	-0.077387	0.071240	-0.025463	-0.051158	-0.053944	0.019907	-0.069340	0.057324	-0.004206	0.037532	-0.000000	-0.043960	-0.023541	-0.029607	-0.044515	-0.029232	-0.028283	0.032592	0.000448	-0.016676	-0.014197	-0.018006	-0.002358	-0.064402	-0.070679	-0.012043	-0.031458	0.014620	-0.005312	0.024909	-0.089134	-0.013482	-0.036097	-0.027452	-0.006917	-0.005667	0.027283	-0.041022	-0.006518	-0.055094	-0.041907	-0.002211	0.009477	-0.014630	0.077950	0.034991	-0.017923	-0.039450	0.048773	-0.059411	0.046349	-0.047826	-0.001256	0.034661	-0.013597	-0.020614	-0.007401	-0.069193	
-0.059030	-0.071728	0.029266	-0.047214	-0.102979	-0.063368	-0.096181	-0.220651	0.005541	0.003003	0.147386	-0.040090	0.016852	1.236569	-0.057604	-0.354140	0.085443	0.076117	-0.045559	0.295278	0.092497	-0.045285	-0.057796	-0.055602	-0.043800	-0.103095	0.033351	0.030205	-0.014295	-0.091408	-0.032139	0.003798	-0.063044	-0.063322	-0.008276	0.062560	-0.042253	-0.064324	-0.052015	-0.004297	-0.002920	0.163398	0.073051	0.040958	-0.031873	0.176520	0.010870	0.171424	-0.018737	-0.059078	-0.026268	-0.158685	-0.116581	0.009109	-0.016981	-0.063592	-0.014572	0.101488	0.110954	-0.025790	-0.049533	0.045475	0.078050	-0.155472	-0.068673	0.069455	-0.085930	0.003883	-0.126013	-0.046065	0.121140	0.063266	0.028760	-0.036041	0.023836	-0.034203	-0.044206	-0.071982	-0.031852	-0.056787	0.124935	-0.057424	-0.038547	-0.037748	-0.066831	0.004211	-0.056108	-0.019731	-0.053757	-0.057439	0.000755	-0.031566	-0.032318	-0.055333	-0.053514	0.008033	
0.049689	-0.035780	0.008788	-0.109126	-0.134214	-0.093157	0.068972	0.000844	0.042334	0.040971	-0.016298	0.049030	-0.061662	-0.057604	0.853458	0.008786	-0.088079	-0.002845	-0.028864	-0.087848	-0.048984	0.015182	-0.017502	0.004171	-0.020901	-0.075962	0.005461	0.025863	-0.012033	-0.074055	-0.033976	0.018493	-0.046416	-0.037515	-0.012046	-0.037649	0.001643	-0.044159	-0.056698	0.003331	-0.025042	-0.027980	-0.037604	-0.080068	0.067008	-0.020059	-0.058876	-0.092395	0.041579	0.077182	0.064496	-0.067312	-0.042301	-0.034168	-0.042469	-0.050327	0.006423	-0.010607	-0.013488	0.065077	0.028115	0.059392	-0.045944	0.095128	0.046839	-0.056934	-0.128069	0.005904	-0.061348	-0.064013	-0.064444	0.004960	0.042243	-0.024891	-0.023951	-0.076045	-0.040273	0.020756	-0.047812	0.074493	0.079553	0.048727	0.033342	-0.015792	-0.022723	0.018458	0.047667	0.058972	0.038124	0.025130	0.031741	0.017920	0.091246	0.013936	-0.001580	-0.043736	
0.220260	0.156730	0.191502	-0.072041	0.209547	0.587726	1.153753	1.184072	-0.223948	-0.284903	-0.325799	0.390160	-0.180474	-0.354140	0.008786	1.479641	-0.012040	-0.357595	0.063990	-0.106387	-0.202469	-0.172348	-0.035691	-0.129802	-0.148139	0.131077	-0.220258	0.184525	-0.227436	0.000370	-0.211234	0.800692	-0.201828	0.016396	-0.214789	-0.194190	0.453581	-0.247901	1.250588	-0.106723	0.149304	-0.315866	0.064431	-0.070998	-0.261073	-0.244406	-0.254780	-0.153248	-0.318625	-0.233348	-0.193304	1.225226	-0.086818	-0.080690	-0.263784	-0.073569	1.167105	-0.228983	-0.220718	-0.228597	0.616375	-0.289460	0.008166	1.021879	-0.198414	-0.292345	0.236593	-0.065911	0.256243	-0.088804	-0.180301	-0.167181	0.088288	-0.226635	-0.049270	1.163246	-0.217341	-0.253130	-0.267018	-0.255896	-0.271909	-0.248810	-0.255347	-0.271339	-0.279570	-0.258707	-0.255738	-0.206326	-0.255723	-0.302470	-0.289215	-0.231076	-0.254097	-0.279390	-0.263982	-0.302128	
-0.000130	0.036923	-0.055861	0.015780	0.055413	-0.026905	0.011058	-0.061870	-0.018069	0.005588	-0.047390	-0.086537	0.005002	0.085443	-0.088079	-0.012040	0.975473	0.053965	-0.008385	0.171901	0.069111	-0.042902	-0.038885	0.056906	-0.047438	0.014413	-0.020508	0.001552	0.008116	0.053539	-0.057450	0.000870	-0.046820	-0.047156	-0.038309	0.038338	-0.001618	-0.038824	0.003827	-0.067865	-0.030985	0.003714	0.081505	0.032570	-0.063112	0.109972	-0.035672	0.042788	-0.034035	-0.038289	-0.029200	0.009158	0.071389	0.069210	-0.027147	-0.048594	-0.037362	-0.021679	-0.049232	-0.055190	-0.037580	-0.078810	0.017409	-0.082656	-0.065999	-0.026171	0.047760	-0.065095	-0.012206	-0.076194	0.009279	0.153789	0.046834	0.056820	0.009378	0.011300	-0.039341	-0.072943	0.020700	-0.025577	0.028032	-0.062323	-0.046735	-0.012842	-0.068290	-0.000543	-0.081210	-0.093558	-0.022632	-0.016074	-0.036155	-0.048185	0.024509	-0.064041	-0.032030	0.067510	
-0.090563	-0.040471	0.005079	-0.132052	0.049527	-0.106521	-0.057158	-0.038583	-0.048843	-0.030906	0.045999	-0.112541	-0.059477	0.076117	-0.002845	-0.357595	0.053965	1.076295	-0.034828	0.139813	-0.066952	-0.012652	-0.019284	-0.051528	0.002715	-0.159505	0.032979	-0.040728	-0.038484	0.018566	0.020742	-0.095802	0.032548	-0.046973	-0.001769	0.073321	0.029104	0.049799	-0.172045	-0.086089	-0.128668	0.099143	0.081401	0.002201	0.126947	0.205156	-0.012479	0.049584	0.042754	-0.043663	0.019736	-0.281456	-0.095945	0.037024	-0.062922	-0.027933	-0.050817	0.116126	-0.021800	-0.008881	-0.050925	0.058151	0.163519	-0.172108	-0.006720	-0.027414	-0.028704	-0.075825	0.030571	-0.069424	0.089107	0.074405	0.029345	0.013847	0.111922	-0.108403	-0.037318	-0.052367	-0.029512	-0.026953	-0.032540	0.031937	-0.081957	-0.052908	-0.065377	-0.034971	0.012022	-0.039954	-0.001332	0.068911	-0.012171	0.018044	0.214900	-0.078388	-0.044074	0.024050	
-0.008774	-0.005595	-0.053927	0.073599	0.062267	0.012563	-0.017918	0.014307	-0.036679	-0.026376	-0.048429	-0.033457	0.071941	-0.045559	-0.028864	0.063990	-0.008385	-0.034828	0.857039	-0.042796	-0.038010	-0.027570	0.011642	0.017777	-0.041561	0.023183	0.004443	-0.056942	-0.013261	0.056608	0.004724	-0.045682	-0.025206	0.067254	-0.026295	-0.019797	-0.010719	-0.020588	-0.021791	0.091453	0.048975	-0.084897	0.039244	0.045938	-0.041116	-0.010374	-0.003394	-0.047559	-0.001930	-0.003485	0.013685	0.074599	-0.079680	-0.038925	0.000030	-0.003620	-0.022446	-0.049866	-0.004782	-0.053007	-0.014889	0.008573	-0.023419	-0.025914	0.011157	-0.015372	0.025681	0.030969	0.081923	0.022742	-0.036323	-0.022024	-0.027311	-0.033983	0.008846	-0.009213	-0.031747	-0.044197	-0.023694	0.035347	-0.046090	0.010016	0.007310	-0.043512	-0.045381	-0.015707	-0.015247	-0.052150	0.026039	-0.045430	-0.011643	-0.027775	0.014283	-0.033280	-0.068019	-0.016495	
-0.058221	-0.121506	0.089431	-0.062399	0.219604	-0.091177	-0.178813	-0.046594	-0.051077	-0.129744	0.204783	-0.113875	-0.089450	0.295278	-0.087848	-0.106387	0.171901	0.139813	-0.042796	0.884158	-0.064639	-0.060436	0.052908	-0.133476	-0.101205	-0.094203	-0.078559	0.151321	-0.116695	-0.101452	-0.097526	0.247797	-0.076061	0.032097	-0.087664	0.128773	0.193834	-0.050073	-0.010458	-0.022689	-0.031467	0.170308	0.364768	0.364381	-0.093552	0.232937	-0.120421	0.296643	-0.029227	-0.092475	0.030874	-0.265268	-0.071946	0.248526	-0.003479	-0.070788	0.058642	-0.018590	-0.004474	-0.041541	-0.098865	-0.038175	0.390240	-0.167890	-0.151162	0.155188	-0.095211	-0.064247	-0.129184	-0.174621	0.297542	0.195798	0.156394	-0.083181	0.120444	-0.109780	-0.088246	-0.086823	-0.070818	-0.057600	-0.134209	-0.087622	-0.131721	-0.108477	-0.122397	-0.100815	-0.118724	-0.118845	-0.087465	-0.081957	-0.085104	0.004261	-0.112436	-0.019103	-0.057749	-0.049738	
-0.057297	-0.059293	-0.024522	-0.059993	0.058640	-0.064771	-0.062423	-0.078779	0.078132	0.099080	-0.053214	-0.019187	0.120261	0.092497	-0.048984	-0.202469	0.069111	-0.066952	-0.038010	-0.064639	1.126519	-0.026616	-0.037516	0.061219	-0.011990	-0.016909	0.023064	-0.048729	-0.055517	-0.003869	-0.012950	-0.026867	-0.039177	0.066019	0.009992	-0.003537	-0.064310	0.085574	-0.013882	-0.026251	0.003672	0.028172	-0.016463	0.004282	-0.057059	-0.013175	0.023521	0.053413	-0.014546	-0.003888	-0.003845	-0.028567	-0.019426	-0.049656	0.004019	-0.000505	-0.054734	0.003340	0.008959	-0.000800	-0.066664	0.002622	-0.047702	-0.058792	-0.023047	-0.087247	-0.005080	-0.024323	-0.067245	0.026297	-0.016601	-0.061836	-0.055740	0.047926	-0.030175	-0.000592	-0.005184	-0.031533	-0.043097	-0.033227	-0.024911	-0.022426	0.036972	-0.002360	-0.017425	-0.030476	0.007950	-0.013644	-0.029839	-0.033424	-0.030801	0.014522	0.003115	-0.010482	-0.062450	0.010260	
-0.001981	-0.038959	0.018640	-0.060559	-0.144922	-0.078699	-0.092315	-0.167320	0.023952	0.015130	0.006374	-0.044163	-0.027172	-0.045285	0.015182	-0.172348	-0.042902	-0.012652	-0.027570	-0.060436	-0.026616	0.810082	-0.025328	0.010896	0.012550	0.000648	0.061654	-0.061185	0.019864	0.069777	0.072470	-0.080805	0.046158	-0.058256	0.026203	0.074833	-0.075453	0.006363	-0.114805	0.026409	-0.017230	0.014991	-0.061103	-0.021758	-0.032702	-0.031992	-0.027801	0.007743	-0.018741	0.015428	0.017839	-0.137365	-0.034617	-0.015668	0.002849	-0.051872	-0.060666	0.037744	0.026261	0.008200	0.006248	0.081988	-0.024315	-0.048691	0.004396	0.111762	-0.045363	0.001868	-0.070643	-0.009871	-0.057269	-0.048528	0.016130	-0.074241	-0.011060	-0.022109	0.041173	0.097278	0.004784	0.011678	-0.011777	0.026348	0.002952	-0.000076	0.063704	0.079292	-0.008614	0.032339	-0.009868	0.002444	0.019667	-0.002213	-0.023079	0.012465	0.022823	0.018069	
-0.024752	-0.057690	0.020378	-0.020230	0.031161	0.078204	-0.037500	-0.006054	0.005750	-0.022737	-0.008848	-0.012539	0.013692	-0.057796	-0.017502	-0.035691	-0.038885	-0.019284	0.011642	0.052908	-0.037516	-0.025328	0.985785	-0.006896	0.011965	0.040034	-0.016633	-0.058322	0.019710	0.005698	-0.064263	0.075190	0.053241	0.044733	-0.004167	-0.026454	0.023282	-0.012435	0.068282	0.045833	0.074347	-0.078457	0.038163	-0.034912	0.086451	-0.023259	-0.002313	-0.041534	-0.029006	-0.026383	0.042509	0.019987	-0.038712	-0.029207	-0.045287	-0.025823	-0.030141	-0.092480	-0.035030	-0.044510	-0.014231	-0.066062	0.012648	0.002448	-0.016704	0.004164	-0.023728	0.012389	-0.053877	0.008105	-0.000628	-0.003994	0.065399	-0.084329	0.007583	-0.030072	-0.037556	-0.036756	-0.019116	-0.041391	-0.054110	-0.026530	-0.026346	-0.004886	0.083304	-0.059848	-0.042191	0.043149	-0.058794	-0.069331	-0.022157	0.053029	-0.007702	-0.069919	-0.037816	-0.050154	
0.017785	-0.106679	-0.069810	0.013867	-0.070472	-0.068671	-0.070618	-0.081310	0.060226	-0.030448	-0.059500	-0.056613	0.003125	-0.055602	0.004171	-0.129802	0.056906	-0.051528	0.017777	-0.133476	0.061219	0.010896	-0.006896	0.733257	0.070756	-0.019188	0.024343	-0.038026	0.003081	-0.035872	-0.032304	-0.028751	-0.013304	-0.044343	0.040027	0.056597	0.009691	0.025646	-0.053213	-0.052851	-0.018583	-0.035085	-0.061041	-0.053801	0.015717	-0.007694	0.096866	-0.052177	0.065074	0.046017	-0.020519	-0.096728	-0.077847	-0.033195	0.017274	-0.052301	-0.131771	0.019577	0.021094	-0.030839	-0.014942	0.036546	-0.081100	-0.046335	-0.003994	0.000635	-0.072561	-0.024358	-0.049371	-0.011292	0.068277	-0.035393	0.025415	-0.002121	-0.028573	-0.044439	-0.030103	0.041138	0.012656	0.048339	0.009631	0.046925	0.015992	-0.021495	0.058537	0.073762	-0.005121	0.005885	0.049747	-0.011804	0.000129	0.047507	0.007678	0.006668	0.081790	0.012655	
0.000749	-0.069508	-0.048919	-0.032690	-0.080994	-0.012180	-0.094528	-0.126626	-0.012301	0.031098	0.053077	-0.009500	-0.026284	-0.043800	-0.020901	-0.148139	-0.047438	0.002715	-0.041561	-0.101205	-0.011990	0.012550	0.011965	0.070756	0.863437	-0.016491	0.001598	-0.065089	-0.040683	-0.024182	-0.022920	-0.059509	-0.040721	0.017425	-0.011207	-0.048144	-0.018911	0.195230	-0.062124	-0.061867	-0.042482	-0.066103	-0.031491	0.010268	-0.024450	-0.014683	-0.005532	0.038892	-0.051005	0.001589	0.030651	-0.104872	-0.088041	-0.035288	0.031543	0.019326	-0.119402	0.003875	0.013820	-0.002795	0.053384	-0.007159	-0.001222	-0.040641	0.069407	-0.043329	-0.069880	-0.049148	-0.019714	-0.009888	0.121361	-0.048557	-0.043368	0.068700	-0.020731	-0.090189	0.035749	0.012228	0.047696	0.041432	-0.032446	0.109907	-0.023529	-0.033774	0.067948	-0.014908	-0.015649	-0.028620	-0.011494	0.039721	0.010516	-0.006355	0.056163	0.079829	0.034379	0.007215	
-0.089111	-0.043702	-0.029993	0.003064	0.082482	0.184145	-0.091397	0.144641	-0.020215	-0.075469	-0.001167	0.036726	-0.070124	-0.103095	-0.075962	0.131077	0.014413	-0.159505	0.023183	-0.094203	-0.016909	0.000648	0.040034	-0.019188	-0.016491	1.102966	-0.050823	-0.013256	0.007306	-0.007787	-0.011312	0.128399	-0.024356	0.154949	-0.090321	-0.082611	0.043282	-0.064915	0.119452	0.036816	0.051165	-0.092600	0.170072	0.034757	-0.078536	-0.052960	-0.043390	0.032908	-0.025301	-0.067060	-0.027683	0.078799	-0.022648	-0.034161	-0.000533	0.123081	-0.008050	-0.041831	-0.040786	-0.041750	-0.007047	-0.069723	-0.032799	0.010092	-0.032817	-0.094908	0.053712	0.091309	0.080156	0.011758	-0.020257	-0.021621	0.128456	0.035459	-0.015901	-0.065016	0.013953	-0.034272	0.008816	-0.043187	-0.073703	-0.057086	-0.053838	-0.041546	0.003127	-0.054165	-0.083316	-0.101928	-0.035112	-0.065459	-0.054170	-0.088036	-0.048691	-0.079929	-0.054142	0.002543	
0.005856	-0.025205	-0.022057	-0.022004	-0.103935	-0.035846	-0.070698	-0.079230	0.007778	-0.024301	0.027609	-0.038604	0.001222	0.033351	0.005461	-0.220258	-0.020508	0.032979	0.004443	-0.078559	0.023064	0.061654	-0.016633	0.024343	0.001598	-0.050823	0.646353	-0.051074	-0.022384	-0.012879	0.101611	-0.124121	0.016751	-0.091165	0.022097	0.040892	-0.057104	-0.006152	-0.095497	-0.000199	-0.020132	0.042090	-0.036896	-0.073759	0.007771	-0.002022	-0.009401	0.037815	-0.012103	0.028221	0.042042	-0.144143	0.007097	-0.055292	0.062114	-0.075871	-0.066874	0.017823	-0.003475	0.053916	-0.024269	0.028004	-0.014144	-0.065988	0.033076	-0.052555	-0.105171	-0.040133	-0.047382	-0.007912	-0.057727	-0.057059	-0.058627	-0.035543	-0.003998	-0.095123	0.069313	0.004512	0.047865	-0.011706	0.033823	0.050385	0.019673	-0.033719	0.089274	0.007162	0.015050	0.059550	0.089600	0.012218	0.011224	0.090249	0.081715	-0.013371	0.034228	-0.012361	
-0.033040	-0.062312	0.064272	-0.042949	0.081413	-0.049840	0.026279	-0.042499	0.049172	-0.049807	0.035129	0.042259	-0.071157	0.030205	0.025863	0.184525	0.001552	-0.040728	-0.056942	0.151321	-0.048729	-0.061185	-0.058322	-0.038026	-0.065089	-0.013256	-0.051074	1.015897	-0.018030	-0.042698	-0.049593	0.030742	0.015644	-0.032411	-0.026809	0.007025	0.034119	-0.018603	0.019632	-0.024671	-0.042248	0.053813	-0.032428	0.019701	-0.042329	0.013434	-0.018548	0.015273	-0.019766	-0.052471	-0.031617	0.041441	0.012165	-0.008556	0.018954	0.070716	0.138624	-0.015100	-0.070941	0.010908	-0.002141	-0.031278	-0.002612	0.022017	-0.074720	0.044887	-0.067960	-0.099784	-0.053831	-0.052656	-0.001044	0.000287	0.035939	-0.043397	-0.007243	0.066741	-0.041524	-0.011501	-0.006059	-0.072848	-0.078344	-0.047383	-0.028270	-0.028893	0.031243	0.008086	0.019894	0.010572	-0.015997	-0.007836	-0.023064	-0.050652	-0.042662	-0.007606	-0.014545	0.030808	
0.009377	-0.073048	-0.028137	-0.017824	-0.007791	-0.053608	-0.012916	-0.110511	0.005345	0.000307	-0.007282	-0.015494	-0.005726	-0.014295	-0.012033	-0.227436	0.008116	-0.038484	-0.013261	-0.116695	-0.055517	0.019864	0.019710	0.003081	-0.040683	0.007306	-0.022384	-0.018030	0.987898	-0.018121	0.037311	-0.029185	-0.010191	0.010782	0.029078	-0.023849	-0.050041	0.041650	-0.058740	0.004428	0.004649	-0.051115	-0.057692	-0.053553	0.008230	-0.048214	0.036283	-0.013083	-0.031381	0.065574	-0.011841	-0.077655	-0.079010	-0.032204	0.062141	-0.005079	-0.104032	0.029238	-0.042472	-0.020216	-0.057348	0.016165	-0.031361	-0.073731	0.051107	-0.037512	-0.083621	-0.016243	-0.046986	0.011789	0.065267	-0.021926	-0.014294	-0.020572	-0.049008	-0.097799	-0.032401	0.003001	-0.014066	0.024900	0.128464	-0.009601	-0.007175	0.027809	-0.003334	0.038049	0.029745	0.076821	-0.031572	0.000316	0.026509	0.027666	-0.012079	-0.001104	0.009215	0.034100	
0.010085	0.130828	-0.027416	0.081311	0.058931	0.016946	-0.045372	-0.008192	-0.104133	-0.029362	-0.070663	-0.018184	0.013315	-0.091408	-0.074055	0.000370	0.053539	0.018566	0.056608	-0.101452	-0.003869	0.069777	0.005698	-0.035872	-0.024182	-0.007787	-0.012879	-0.042698	-0.018121	1.163414	-0.020543	-0.023673	-0.059927	0.091715	-0.048967	-0.008748	0.007934	-0.033426	-0.089955	-0.015473	-0.000736	0.001548	0.149012	0.105054	-0.023438	-0.090467	0.002528	0.000374	-0.018522	-0.058677	0.009269	0.160359	0.045493	-0.018257	-0.066543	-0.000064	0.013983	-0.043955	-0.058275	-0.064080	0.050984	-0.060432	0.021436	-0.042941	-0.098055	-0.033118	0.041883	-0.011011	0.112109	-0.079589	-0.019216	0.039564	-0.039814	0.119067	0.000747	0.039559	-0.051433	-0.045545	-0.057372	-0.041142	-0.077505	-0.046544	-0.045607	-0.053105	-0.033853	-0.026672	-0.054970	-0.012886	-0.023726	-0.073136	0.018806	0.001024	-0.090501	-0.064359	-0.056002	-0.033170	
-0.042648	-0.013777	-0.038297	0.006704	-0.051721	-0.022939	-0.091056	-0.096185	0.070443	-0.053895	0.018013	-0.009077	-0.030965	-0.032139	-0.033976	-0.211234	-0.057450	0.020742	0.004724	-0.097526	-0.012950	0.072470	-0.064263	-0.032304	-0.022920	-0.011312	0.101611	-0.049593	0.037311	-0.020543	0.963341	-0.082522	0.033728	-0.014807	0.044785	-0.057318	-0.029611	-0.045293	-0.072815	-0.000956	-0.040194	-0.012530	-0.056199	-0.009943	0.008420	-0.102494	0.026747	0.074155	-0.023570	-0.017852	-0.011153	-0.025113	-0.017797	-0.015844	0.050035	-0.028825	-0.057704	-0.003919	0.028610	0.058237	-0.018412	0.101514	-0.016405	-0.090934	0.008372	0.003966	-0.062250	-0.050782	0.060752	-0.014159	0.046912	-0.092193	-0.037204	-0.071830	0.047940	-0.118685	0.097200	0.002671	0.079637	-0.023943	0.119660	0.036547	0.022579	-0.012855	-0.011778	-0.036234	-0.030256	-0.029915	-0.011324	-0.021693	-0.034271	0.061738	0.008017	-0.000246	0.016049	-0.051856	
0.094680	-0.035083	-0.002791	-0.033949	0.139181	0.252870	0.050783	0.423218	-0.049347	-0.080510	-0.097870	0.122792	-0.046209	0.003798	0.018493	0.800692	0.000870	-0.095802	-0.045682	0.247797	-0.026867	-0.080805	0.075190	-0.028751	-0.059509	0.128399	-0.124121	0.030742	-0.029185	-0.023673	-0.082522	1.420357	-0.088725	-0.046315	-0.058415	-0.161872	0.005369	-0.000062	0.279648	-0.064426	0.067902	-0.075170	0.194675	0.096687	-0.115463	-0.055835	-0.097332	-0.019836	-0.069074	-0.079307	-0.121050	0.197975	0.058026	-0.039196	-0.106242	-0.015939	0.117730	-0.051609	-0.037250	-0.086716	-0.002606	-0.099332	0.035730	0.053612	-0.100164	-0.000185	-0.026763	-0.047248	0.033983	-0.047568	-0.006082	0.008902	0.043946	-0.055743	0.029566	0.187408	-0.092909	-0.074250	-0.109253	-0.044356	-0.020754	-0.103296	-0.086957	-0.092336	-0.106950	-0.076550	-0.094338	-0.106467	-0.113078	0.026969	-0.031348	-0.030400	-0.062045	-0.082460	-0.078085	-0.091751	
-0.011984	-0.074234	-0.032503	-0.055624	-0.038465	-0.078809	-0.037021	-0.120952	-0.004624	-0.056232	0.015407	-0.020819	0.014559	-0.063044	-0.046416	-0.201828	-0.046820	0.032548	-0.025206	-0.076061	-0.039177	0.046158	0.053241	-0.013304	-0.040721	-0.024356	0.016751	0.015644	-0.010191	-0.059927	0.033728	-0.088725	1.188569	-0.052039	0.120828	0.008048	-0.059779	0.011430	-0.104077	0.062589	-0.050721	0.002045	-0.089956	-0.059413	0.003107	0.011740	-0.013139	-0.028509	-0.010907	-0.007579	-0.003161	-0.133276	0.031880	0.046607	-0.038392	-0.002981	-0.043007	-0.016655	0.050617	0.030352	-0.041278	0.029273	0.051318	-0.037500	0.017832	-0.040793	-0.095637	0.002784	-0.125980	-0.034264	-0.060298	-0.043895	-0.055694	-0.005362	-0.045951	-0.112651	0.035486	0.048006	0.094475	-0.023336	0.068094	-0.006410	0.068436	0.136583	0.018298	-0.016375	-0.032442	-0.026164	0.016241	-0.024204	0.049210	0.013774	0.005796	-0.005827	-0.004254	-0.009319	
-0.018946	-0.039202	-0.026119	-0.040204	-0.015004	0.198105	-0.014235	0.051273	-0.048526	-0.043553	0.075316	-0.009437	-0.024917	-0.063322	-0.037515	0.016396	-0.047156	-0.046973	0.067254	0.032097	0.066019	-0.058256	0.044733	-0.044343	0.017425	0.154949	-0.091165	-0.032411	0.010782	0.091715	-0.014807	-0.046315	-0.052039	0.895441	-0.026255	-0.024689	-0.009439	-0.038270	-0.006736	-0.011263	-0.011444	-0.102734	0.092136	0.008159	-0.049336	-0.056461	0.005639	-0.067299	0.034057	-0.001071	0.028944	0.018933	-0.074082	-0.035385	0.046769	0.043455	-0.113818	-0.031593	-0.084254	-0.017053	-0.004826	-0.020453	-0.024494	0.061147	-0.056680	-0.080075	-0.028964	-0.015338	0.036904	-0.033656	-0.013010	0.044817	0.029205	-0.060949	-0.058277	-0.067976	0.026153	-0.079080	-0.054514	0.027934	-0.055814	-0.006629	0.026148	-0.007203	-0.050782	-0.008239	-0.008457	-0.024449	0.010113	-0.015722	-0.021154	0.037218	0.011282	0.045515	-0.030592	0.044492	
-0.049627	-0.088480	-0.038923	-0.041350	-0.126940	-0.064122	-0.053955	-0.064035	0.013474	0.003631	-0.032288	-0.065171	-0.050920	-0.008276	-0.012046	-0.214789	-0.038309	-0.001769	-0.026295	-0.087664	0.009992	0.026203	-0.004167	0.040027	-0.011207	-0.090321	0.022097	-0.026809	0.029078	-0.048967	0.044785	-0.058415	0.120828	-0.026255	0.741002	-0.055897	-0.055015	0.031585	-0.043346	0.003710	0.020950	-0.039308	-0.103428	-0.004693	0.018829	-0.015545	0.015341	-0.076414	0.020733	0.013432	-0.017704	-0.130770	-0.037621	-0.005730	0.030728	-0.073669	-0.051913	0.086353	-0.023168	0.017449	0.055190	-0.001437	-0.020259	-0.024173	0.079114	-0.026401	-0.095323	-0.020056	-0.048799	0.009097	0.029611	-0.026658	-0.075417	-0.022413	-0.053612	-0.086783	0.034393	-0.005857	0.091745	0.023068	0.073294	0.011503	0.057387	0.031451	0.089326	0.028202	0.043977	-0.011787	-0.008633	0.009450	0.023598	0.025138	0.100457	0.052597	0.071814	-0.034277	
-0.043370	-0.030406	-0.058582	-0.023379	-0.009739	-0.057017	-0.002585	0.077737	-0.087313	0.020329	0.113562	-0.066814	0.060000	0.062560	-0.037649	-0.194190	0.038338	0.073321	-0.019797	0.128773	-0.003537	0.074833	-0.026454	0.056597	-0.048144	-0.082611	0.040892	0.007025	-0.023849	-0.008748	-0.057318	-0.161872	0.008048	-0.024689	-0.055897	1.095405	-0.035665	0.025690	-0.114341	0.021674	-0.081536	0.088211	0.022571	0.004377	-0.056386	0.025596	0.047810	0.094394	-0.087552	-0.006103	-0.025756	-0.078441	-0.083433	0.044623	-0.038615	0.123282	-0.044206	0.069036	0.031375	-0.029356	-0.029648	-0.006179	0.000177	-0.080365	-0.033403	0.044174	-0.060908	-0.053552	-0.129069	-0.001264	0.010854	0.006314	-0.030699	0.008798	0.022116	-0.077275	0.005843	-0.047741	-0.053577	0.057223	-0.085433	0.015340	-0.016663	0.026119	0.030646	0.005506	-0.035614	-0.025304	-0.037358	-0.028700	-0.035053	-0.014353	-0.060233	0.021557	-0.015146	-0.015968	
0.049734	0.005199	-0.007896	-0.081051	-0.036233	0.003582	0.096841	0.184275	-0.073896	-0.024292	0.004557	0.014868	-0.053156	-0.042253	0.001643	0.453581	-0.001618	0.029104	-0.010719	0.193834	-0.064310	-0.075453	0.023282	0.009691	-0.018911	0.043282	-0.057104	0.034119	-0.050041	0.007934	-0.029611	0.005369	-0.059779	-0.009439	-0.055015	-0.035665	0.992509	0.056896	0.096782	-0.089891	-0.001110	-0.075763	0.054312	-0.014004	-0.021082	-0.038292	-0.053474	-0.021514	-0.086096	-0.063635	-0.001525	0.095893	0.054967	0.036484	-0.026615	-0.066558	0.149022	0.067414	-0.037838	-0.017254	0.073840	0.040469	0.018710	0.093465	-0.024376	0.034581	0.032108	0.053161	0.042860	-0.025565	0.001324	-0.030949	0.027076	-0.102425	-0.010001	-0.013495	0.015018	-0.059478	-0.075641	-0.041930	-0.055258	-0.075119	-0.071054	-0.059857	-0.076457	-0.022160	-0.012020	-0.067575	-0.031895	-0.019972	-0.038728	-0.012613	-0.072918	-0.037849	-0.073652	-0.057938	
-0.040571	-0.085457	-0.054687	-0.074713	-0.074665	-0.104249	-0.033842	-0.119715	0.009304	0.033736	-0.004630	-0.076534	-0.051357	-0.064324	-0.044159	-0.247901	-0.038824	0.049799	-0.020588	-0.050073	0.085574	0.006363	-0.012435	0.025646	0.195230	-0.064915	-0.006152	-0.018603	0.041650	-0.033426	-0.045293	-0.000062	0.011430	-0.038270	0.031585	0.025690	0.056896	1.259563	-0.064022	-0.002599	-0.008895	0.022329	-0.089894	-0.029874	0.148682	0.002771	-0.053217	0.044190	0.049137	-0.045033	0.074820	-0.171638	-0.020340	-0.045610	0.002417	-0.073989	-0.046813	-0.007740	-0.052643	0.036278	-0.041541	-0.054161	0.027850	0.066138	0.062170	-0.094684	-0.012941	0.016470	-0.017614	0.005232	-0.083467	-0.029540	-0.024186	0.039048	-0.035750	-0.032558	-0.050383	-0.027092	0.004156	0.023708	-0.038811	0.028360	-0.049830	-0.023618	-0.002943	0.044102	-0.054087	-0.018921	-0.006004	-0.025489	0.003794	-0.030351	-0.043177	0.020999	-0.065563	0.025837	
-0.029795	0.054896	0.115142	-0.006932	0.072908	0.233651	0.265759	0.429060	0.009141	-0.087300	-0.024712	0.094065	-0.077387	-0.052015	-0.056698	1.250588	0.003827	-0.172045	-0.021791	-0.010458	-0.013882	-0.114805	0.068282	-0.053213	-0.062124	0.119452	-0.095497	0.019632	-0.058740	-0.089955	-0.072815	0.279648	-0.104077	-0.006736	-0.043346	-0.114341	0.096782	-0.064022	1.442899	-0.033024	-0.002196	-0.082611	0.058116	0.031732	-0.031698	-0.008753	-0.036724	-0.042532	-0.082626	-0.093793	-0.030434	0.394579	-0.003671	0.004093	-0.104481	0.010296	0.234759	-0.108390	-0.092497	-0.078931	0.070993	-0.067213	-0.041324	0.244572	-0.071713	-0.055958	0.032402	-0.016391	-0.012035	0.000132	-0.030851	0.039722	0.099858	-0.123718	-0.085400	0.208503	-0.123090	-0.071218	-0.126640	-0.123449	-0.111749	-0.083761	-0.086458	-0.095722	-0.088393	-0.105487	-0.112270	-0.085796	-0.102510	-0.128377	-0.051116	-0.102434	-0.092803	-0.106542	-0.100836	-0.050416	
0.001874	-0.041962	0.013379	0.018209	-0.004921	-0.013305	-0.024530	-0.066212	0.051740	-0.043564	-0.027607	-0.047848	0.071240	-0.004297	0.003331	-0.106723	-0.067865	-0.086089	0.091453	-0.022689	-0.026251	0.026409	0.045833	-0.052851	-0.061867	0.036816	-0.000199	-0.024671	0.004428	-0.015473	-0.000956	-0.064426	0.062589	-0.011263	0.003710	0.021674	-0.089891	-0.002599	-0.033024	1.069481	-0.001643	-0.071250	-0.097440	0.017546	-0.012769	0.020086	-0.007412	-0.025158	-0.023470	0.010691	-0.053220	-0.001869	-0.031290	-0.022188	-0.011387	0.048144	-0.001718	-0.025546	0.034191	-0.025011	-0.020495	-0.002644	0.077002	-0.020958	-0.054955	-0.026445	0.011453	0.073829	-0.129787	-0.042668	-0.068621	-0.056861	-0.075384	-0.032304	-0.000872	-0.031533	-0.045195	-0.057697	0.036849	0.005270	-0.031338	-0.018244	0.039582	-0.032720	-0.018555	-0.037030	-0.043916	0.024291	0.012660	-0.044182	-0.025891	0.018840	-0.036226	0.135224	0.053950	-0.044921	
-0.043778	-0.009704	-0.064525	-0.000209	-0.029042	0.010442	0.069701	0.062256	0.019047	-0.022116	-0.030229	0.021500	-0.025463	-0.002920	-0.025042	0.149304	-0.030985	-0.128668	0.048975	-0.031467	0.003672	-0.017230	0.074347	-0.018583	-0.042482	0.051165	-0.020132	-0.042248	0.004649	-0.000736	-0.040194	0.067902	-0.050721	-0.011444	0.020950	-0.081536	-0.001110	-0.008895	-0.002196	-0.001643	0.986781	-0.033541	-0.001171	-0.073453	0.042455	-0.047193	0.047790	-0.005878	-0.015858	-0.064135	-0.038765	0.037793	-0.006757	0.075237	-0.045017	-0.050670	0.061776	0.012688	-0.021908	-0.042268	-0.000447	0.016558	0.024253	-0.037660	-0.011919	-0.057804	-0.012797	-0.038044	-0.002357	0.099457	-0.039660	-0.032022	-0.038431	0.021521	0.045199	-0.075871	-0.024603	-0.057816	-0.052672	-0.048878	0.009524	-0.022819	-0.007678	-0.015199	0.020311	0.036751	0.037442	-0.026917	-0.005607	-0.042322	-0.044060	-0.055429	0.011863	-0.056934	-0.080201	-0.029978	
-0.048845	-0.065483	-0.015251	-0.023307	-0.070488	-0.062629	-0.085250	-0.078973	0.035502	0.094193	0.043893	-0.040010	-0.051158	0.163398	-0.027980	-0.315866	0.003714	0.099143	-0.084897	0.170308	0.028172	0.014991	-0.078457	-0.035085	-0.066103	-0.092600	0.042090	0.053813	-0.051115	0.001548	-0.012530	-0.075170	0.002045	-0.102734	-0.039308	0.088211	-0.075763	0.022329	-0.082611	-0.071250	-0.033541	0.892256	-0.017011	0.024902	-0.002098	0.062229	-0.044926	0.106957	0.080196	-0.011404	0.003931	-0.230851	-0.019691	0.126946	-0.010576	-0.015709	-0.066929	0.035791	0.004740	-0.045982	-0.048845	-0.050945	0.058909	-0.081911	-0.031725	0.057896	-0.100060	0.026294	-0.053655	-0.003820	0.042936	0.021678	-0.030534	-0.065004	0.011457	-0.053239	0.015659	0.003479	0.037648	-0.030132	0.028655	0.028510	0.007170	0.061324	0.020574	0.037300	-0.009241	-0.035078	0.004342	0.018565	-0.010414	0.020726	-0.045602	-0.000503	-0.037227	-0.025885	
0.005176	-0.018387	-0.015966	0.009474	0.168956	0.157959	-0.072472	0.170751	-0.081455	-0.047872	-0.033998	-0.024016	-0.053944	0.073051	-0.037604	0.064431	0.081505	0.081401	0.039244	0.364768	-0.016463	-0.061103	0.038163	-0.061041	-0.031491	0.170072	-0.036896	-0.032428	-0.057692	0.149012	-0.056199	0.194675	-0.089956	0.092136	-0.103428	0.022571	0.054312	-0.089894	0.058116	-0.097440	-0.001171	-0.017011	1.088803	0.131240	-0.077973	-0.015515	-0.109864	0.044752	-0.043982	-0.075388	0.017462	0.112245	0.091760	-0.008506	-0.076799	-0.033776	-0.040622	-0.037376	-0.068933	-0.123294	0.033383	-0.091238	0.081928	-0.095878	-0.038109	-0.036724	0.039844	0.009973	0.089441	-0.023780	-0.035624	0.140485	0.195566	0.027715	0.019963	-0.004585	-0.089939	-0.096108	-0.055454	-0.023744	-0.133446	-0.037875	-0.108867	-0.127499	-0.115913	-0.026358	-0.038150	-0.034142	-0.050574	-0.079076	-0.044150	-0.128726	-0.086311	-0.110523	-0.048944	-0.056058	
