0.667729	-0.014828	-0.177211	-0.176386	-0.115606	0.015904	-0.067650	-0.207604	0.045591	0.049523	-0.331195	0.057446	-0.042540	-0.212026	0.048578	-0.053473	-0.225780	-0.511370	-0.044268	-0.482485	0.060355	0.043887	0.028940	0.049664	0.048021	-0.035581	0.059501	-0.261483	0.070301	-0.188316	0.049761	-0.013824	0.046042	0.038847	0.033169	-0.474445	-0.392249	0.025453	-0.057073	-0.272559	-0.045392	-0.227602	-0.152916	-0.415818	0.047079	-0.347018	0.041587	-0.315889	0.023831	0.071118	-0.066638	-0.063236	-0.030714	-0.437350	0.033553	-0.144782	-0.253112	-0.023329	-0.188187	0.070460	0.051935	0.072905	-0.308010	0.043579	0.050929	-0.210173	-0.041514	-0.025283	-0.036360	0.060584	-0.339973	-0.255676	-0.209703	-0.315314	-0.390460	-0.069000	0.069140	0.068808	0.069112	0.049041	0.050546	0.049440	0.050357	0.049683	0.050133	0.050820	0.050239	0.048229	0.050130	0.049349	0.059767	0.064390	0.065780	0.060508	0.061305	0.059989
-0.014828	0.999790	-0.110530	0.067937	0.591900	0.036781	0.016764	0.075206	-0.009857	-0.011470	-0.217483	0.014650	0.003004	-0.158929	-0.017677	0.246354	-0.044195	-0.311299	-0.048971	-0.286019	0.001639	-0.020047	-0.017288	-0.018581	-0.000623	0.048448	-0.006475	-0.116279	-0.013657	0.112879	-0.014083	0.063820	-0.002873	-0.016590	-0.020358	-0.229652	-0.196552	0.018228	0.074393	-0.104473	-0.003504	-0.173497	-0.018037	0.169835	-0.012431	-0.220580	-0.029804	-0.184412	-0.022962	-0.015227	-0.082107	0.755643	0.652024	-0.221817	-0.001612	-0.030158	-0.029634	-0.067709	-0.135532	-0.014970	-0.008950	-0.016964	-0.198803	0.005679	-0.016159	-0.128558	0.498396	-0.039548	0.743931	-0.018082	-0.226891	-0.047673	-0.121209	-0.154927	-0.235614	0.770377	-0.020531	-0.022587	-0.023872	-0.019517	-0.020817	-0.019428	-0.020232	-0.019665	-0.020234	-0.018764	-0.019913	-0.021528	-0.018776	-0.019786	-0.014931	-0.016444	-0.018673	-0.015904	-0.016204	-0.015568
-0.177211	-0.110530	1.689671	-0.173549	-0.070726	-0.116878	-0.168562	0.079709	-0.222041	-0.235393	0.907969	-0.194470	0.022255	0.601492	-0.229257	0.413564	0.748762	0.970559	-0.089915	1.029745	-0.223419	-0.193854	-0.188828	-0.235208	-0.256315	-0.093552	-0.229302	0.780726	-0.214549	0.114989	-0.229437	0.044520	-0.209469	-0.176322	-0.186625	0.810697	1.022167	-0.156640	0.298682	-0.117990	-0.023217	0.733589	0.278796	0.999135	-0.229030	0.996523	-0.171740	0.896946	-0.125164	-0.219714	0.221294	0.145656	-0.120201	1.116141	-0.164207	-0.170621	0.738612	0.147129	-0.145114	-0.223032	-0.151148	-0.220592	0.883029	-0.093843	-0.232950	0.555434	-0.150324	-0.082501	-0.081053	-0.224193	0.979667	0.749281	0.559246	-0.096896	0.996953	0.007442	-0.225640	-0.223268	-0.223710	-0.236268	-0.238392	-0.236654	-0.236113	-0.237949	-0.236842	-0.235311	-0.235027	-0.238192	-0.238588	-0.238177	-0.231097	-0.230077	-0.226154	-0.231416	-0.228188	-0.230061
-0.176386	0.067937	-0.173549	2.482679	0.333779	0.131964	1.015966	1.806405	-0.175258	-0.186220	-0.179214	-0.159527	-0.070423	-0.176344	-0.184310	-0.089802	-0.162172	-0.198464	0.176199	-0.203372	-0.169822	-0.179025	-0.025717	-0.184660	-0.170030	0.027970	-0.176888	-0.183007	-0.176536	1.007143	-0.183817	-0.094349	-0.175947	-0.131409	-0.156142	1.322271	-0.195157	-0.125716	-0.121370	2.246186	0.257081	-0.186262	-0.067735	-0.129980	-0.182507	-0.168677	-0.121882	-0.185227	-0.185879	-0.179122	-0.195148	0.206577	0.134268	-0.185511	-0.148290	1.490625	-0.063344	-0.181028	2.249663	-0.177006	-0.159425	-0.179124	-0.186866	-0.150835	-0.184481	-0.172913	0.440808	0.057547	0.113145	-0.179027	-0.176397	-0.152332	-0.168691	2.362765	-0.183523	0.201818	-0.180416	-0.182084	-0.182438	-0.185565	-0.184158	-0.185822	-0.184801	-0.185010	-0.185594	-0.184821	-0.184280	-0.186488	-0.184923	-0.188275	-0.176085	-0.177604	-0.176738	-0.178002	-0.174929	-0.176266
-0.115606	0.591900	-0.070726	0.333779	1.623922	0.377850	0.146912	0.270473	-0.101636	-0.124717	-0.099427	-0.072320	-0.008639	-0.083626	-0.127808	0.093078	0.050941	-0.037202	-0.031501	-0.108307	-0.106730	-0.122300	-0.047686	-0.129643	-0.126610	1.484053	-0.124975	0.834504	-0.118375	0.371780	-0.118195	0.118695	-0.106840	-0.012561	-0.107009	0.487365	-0.021082	0.009364	0.022296	0.231325	0.014314	-0.109909	0.053697	0.285777	-0.118433	-0.088738	-0.097015	-0.054453	-0.116061	-0.130654	-0.132720	0.559581	0.557554	-0.006099	0.215718	1.034276	0.120528	-0.122341	0.133929	-0.134596	-0.084206	-0.134139	-0.097570	0.313259	-0.127450	-0.083181	0.465051	-0.055033	0.630894	-0.121369	-0.108459	0.048565	-0.021787	0.201073	-0.049506	0.569179	-0.135692	-0.139884	-0.139218	-0.127203	-0.128856	-0.126519	-0.129447	-0.129557	-0.132622	-0.126621	-0.125691	-0.127677	-0.126182	-0.124733	-0.132138	-0.137499	-0.135266	-0.140216	-0.134267	-0.136100
0.015904	0.036781	-0.116878	0.131964	0.377850	1.011732	0.081793	0.245519	-0.001324	0.000354	-0.251086	0.026909	-0.019419	-0.170577	0.001920	0.348476	-0.173359	-0.359557	-0.005546	-0.392597	0.011399	-0.001590	0.030670	-0.001368	0.009902	0.390528	0.009654	-0.031970	0.012177	0.000131	-0.001764	0.079551	-0.004286	0.041940	-0.003586	-0.103947	-0.256837	0.012929	0.085385	0.082463	0.038361	-0.186170	-0.043091	-0.276989	-0.002079	-0.265117	-0.003045	-0.245498	-0.016049	0.003150	-0.078925	0.209051	0.031889	-0.319983	0.015394	0.200053	-0.045707	-0.059190	0.115617	0.008902	0.023718	0.003530	-0.225382	0.061145	0.000599	-0.172863	0.033307	-0.025433	0.027746	0.001451	-0.262535	-0.190615	-0.135083	0.080852	-0.280718	0.094467	0.001720	0.000232	-0.002043	-0.005592	-0.004812	-0.005324	-0.002016	-0.002765	-0.004823	-0.003434	-0.002518	-0.004604	-0.002577	-0.004076	0.007846	0.009105	0.005100	0.008262	0.006476	0.006586
-0.067650	0.016764	-0.168562	1.015966	0.146912	0.081793	1.585480	1.078046	-0.071047	-0.077233	-0.256555	-0.051781	-0.066099	-0.205277	-0.073444	0.547125	-0.195710	-0.381322	0.055447	-0.357180	-0.057375	-0.074130	0.004890	-0.074846	-0.069662	0.017242	-0.059803	-0.205440	-0.066097	0.431981	-0.074707	0.028491	-0.073825	-0.048393	-0.063291	0.528554	-0.275339	-0.054114	0.104855	1.120160	0.116717	-0.211031	-0.128179	-0.281809	-0.075795	-0.267732	-0.056235	-0.254798	-0.086980	-0.066326	-0.132575	0.294431	0.047595	-0.319932	-0.052963	0.729367	-0.045235	-0.112524	1.089665	-0.064898	-0.049427	-0.066298	-0.243149	-0.042604	-0.074616	-0.200921	0.214122	-0.002701	0.022529	-0.067948	-0.262306	-0.198520	-0.195358	1.185364	-0.290507	0.114634	-0.065065	-0.070206	-0.070280	-0.077421	-0.076163	-0.075392	-0.075940	-0.076582	-0.076207	-0.076380	-0.076531	-0.076630	-0.076479	-0.076678	-0.063228	-0.062888	-0.063584	-0.062711	-0.062084	-0.060847
-0.207604	0.075206	0.079709	1.806405	0.270473	0.245519	1.078046	2.818255	-0.263870	-0.276293	-0.204278	-0.090085	-0.135078	-0.196157	-0.262722	1.410298	-0.118797	-0.154258	0.254019	-0.166737	-0.275245	-0.272728	-0.099900	-0.275795	-0.266550	0.235276	-0.277649	0.247571	-0.278337	0.859535	-0.274384	0.908497	-0.272289	-0.187281	-0.238357	1.059145	0.233742	-0.191615	1.195880	1.882510	0.414901	-0.211747	0.222391	-0.115573	-0.267010	-0.185707	-0.212310	-0.207064	-0.265717	-0.282156	-0.266737	0.991683	0.090757	-0.171759	-0.227241	1.105689	0.880619	-0.267393	2.130958	-0.278637	0.143100	-0.278490	0.014643	0.271573	-0.276292	-0.190035	0.298415	0.000619	0.117353	-0.268578	-0.199813	-0.155760	-0.018896	2.023625	-0.124056	0.646812	-0.276465	-0.279122	-0.282583	-0.275429	-0.273389	-0.271884	-0.271935	-0.273728	-0.275207	-0.274609	-0.272591	-0.273070	-0.273579	-0.273258	-0.278941	-0.278159	-0.277598	-0.280005	-0.276805	-0.277662
0.045591	-0.009857	-0.222041	-0.175258	-0.101636	-0.001324	-0.071047	-0.263870	0.637659	0.069364	-0.363795	0.044156	-0.050959	-0.246016	0.068006	-0.181423	-0.270373	-0.591721	-0.053750	-0.592699	0.054449	0.061596	0.025922	0.071857	0.050687	-0.030126	0.056174	-0.316124	0.055120	-0.194688	0.083121	-0.030065	0.061720	0.034615	0.052592	-0.511997	-0.433395	0.028837	-0.110659	-0.279869	-0.054771	-0.265723	-0.165586	-0.457787	0.086041	-0.380594	0.021634	-0.333461	0.038738	0.057794	-0.060152	-0.110160	0.012988	-0.475059	0.032768	-0.144610	-0.314625	-0.049574	-0.191885	0.057025	0.038810	0.057759	-0.321230	0.020498	0.068644	-0.279635	-0.037033	-0.035960	-0.031536	0.062558	-0.373060	-0.285699	-0.222756	-0.299573	-0.421310	-0.070678	0.057848	0.053096	0.052751	0.070985	0.071011	0.073299	0.073212	0.075577	0.072318	0.074280	0.074320	0.072066	0.070497	0.072524	0.055940	0.056561	0.056265	0.053714	0.055205	0.056668
0.049523	-0.011470	-0.235393	-0.186220	-0.124717	0.000354	-0.077233	-0.276293	0.069364	0.631503	-0.378806	0.050334	-0.052295	-0.252784	0.077686	-0.200734	-0.293053	-0.608580	-0.054207	-0.600155	0.060464	0.063108	0.029774	0.078176	0.061796	-0.020979	0.065035	-0.332852	0.063374	-0.205278	0.077314	-0.032524	0.070092	0.041107	0.063204	-0.526687	-0.454226	0.032615	-0.112497	-0.289133	-0.055033	-0.280365	-0.166536	-0.480015	0.077047	-0.400076	0.026035	-0.356994	0.050097	0.063874	-0.064740	-0.130528	-0.009973	-0.495321	0.038647	-0.149598	-0.341891	-0.053043	-0.203723	0.061897	0.044060	0.063572	-0.350783	0.026560	0.080180	-0.293173	-0.039010	-0.037361	-0.032201	0.068220	-0.393583	-0.301805	-0.233320	-0.320067	-0.439420	-0.081804	0.062723	0.058570	0.058621	0.078951	0.079191	0.079309	0.078168	0.078020	0.078792	0.077893	0.079887	0.079158	0.078916	0.078636	0.063213	0.063086	0.064516	0.060908	0.063454	0.061487
-0.331195	-0.217483	0.907969	-0.179214	-0.099427	-0.251086	-0.256555	-0.204278	-0.363795	-0.378806	2.409178	-0.346879	0.031421	1.030850	-0.372003	-0.239122	1.177139	1.714527	-0.199329	1.576310	-0.368391	-0.322884	-0.309938	-0.380105	-0.398663	-0.225207	-0.368455	1.188161	-0.377135	0.272067	-0.373929	-0.139677	-0.344377	-0.295232	-0.309197	1.393555	1.674567	-0.253711	0.155788	-0.055489	-0.099543	1.263836	0.472421	1.714719	-0.372371	1.658630	-0.303992	1.563800	-0.228392	-0.378799	0.349111	-0.165140	-0.232197	1.905255	-0.255950	-0.210994	1.088359	0.212010	-0.114129	-0.378091	-0.324907	-0.379867	1.482209	-0.249640	-0.379305	0.996388	-0.231118	-0.133490	-0.170141	-0.375663	1.758050	1.374933	0.926117	0.012554	1.716368	-0.080360	-0.380824	-0.381654	-0.384149	-0.382044	-0.381400	-0.381156	-0.381803	-0.381319	-0.382183	-0.380277	-0.381474	-0.381316	-0.380314	-0.381086	-0.377930	-0.378956	-0.379790	-0.379272	-0.375646	-0.378899
0.057446	0.014650	-0.194470	-0.159527	-0.072320	0.026909	-0.051781	-0.090085	0.044156	0.050334	-0.346879	0.698658	-0.040675	-0.226202	0.049309	0.191236	-0.249910	-0.580303	-0.029689	-0.566584	0.065224	0.043002	0.035120	0.051175	0.057773	-0.026928	0.066108	-0.282356	0.061996	-0.176595	0.049343	0.017423	0.046801	0.041807	0.032405	-0.496610	-0.412967	0.024186	0.011062	-0.265253	-0.037768	-0.247864	-0.158045	-0.437494	0.050305	-0.375531	0.030385	-0.335063	0.024515	0.061184	-0.075129	0.065877	-0.006648	-0.466024	0.039007	-0.126735	-0.248908	-0.040691	-0.180886	0.064760	0.048028	0.063300	-0.326333	0.044820	0.050719	-0.269748	-0.021213	-0.026859	0.002765	0.056640	-0.355739	-0.262240	-0.218155	-0.309211	-0.411384	-0.009841	0.061991	0.059425	0.060591	0.049455	0.048870	0.049991	0.048059	0.048177	0.048285	0.047692	0.049382	0.046962	0.047995	0.047214	0.067596	0.065381	0.064322	0.071178	0.071985	0.068466
-0.042540	0.003004	0.022255	-0.070423	-0.008639	-0.019419	-0.066099	-0.135078	-0.050959	-0.052295	0.031421	-0.040675	1.223287	0.025508	-0.052720	-0.146732	0.050400	0.041345	0.294367	0.196010	-0.040808	-0.046177	0.004982	-0.059275	-0.060055	-0.050892	-0.046553	0.053202	-0.049297	0.125690	-0.054658	-0.040256	-0.046146	-0.033382	-0.037132	-0.011244	0.024421	-0.029256	0.019093	0.376718	0.022195	0.019635	0.030994	0.098253	-0.051709	0.050200	0.098932	0.028045	-0.038563	-0.046998	-0.010082	0.029592	-0.002799	0.030625	-0.035472	-0.081081	0.064765	-0.020664	-0.059069	-0.045481	-0.044626	-0.047715	0.035659	-0.032769	-0.057106	0.093343	0.004486	0.196251	-0.010082	-0.050719	0.017323	0.020713	0.009811	0.409107	0.028357	0.023819	-0.046348	-0.053250	-0.054289	-0.058904	-0.059404	-0.060030	-0.056766	-0.057617	-0.055811	-0.054532	-0.055472	-0.059176	-0.057974	-0.057343	-0.049771	-0.054742	-0.049378	-0.049073	-0.050333	-0.053213
-0.212026	-0.158929	0.601492	-0.176344	-0.083626	-0.170577	-0.205277	-0.196157	-0.246016	-0.252784	1.030850	-0.226202	0.025508	1.907014	-0.252988	-0.200293	0.801279	1.167465	-0.150400	0.996162	-0.248357	-0.215945	-0.215348	-0.258378	-0.281888	-0.144866	-0.253602	0.803238	-0.244111	0.141538	-0.253641	-0.086243	-0.209557	-0.198121	-0.205640	0.896908	1.129315	-0.124129	0.087359	-0.110676	-0.083836	0.840661	0.309573	1.152932	-0.250364	1.082407	-0.190712	1.023833	-0.150244	-0.244297	0.226766	-0.141689	-0.159595	1.280130	-0.171306	-0.184881	0.690998	0.142538	-0.139484	-0.251968	-0.206045	-0.248934	0.954519	-0.139849	-0.257713	0.651576	-0.175632	-0.099356	-0.128860	-0.251495	1.141055	0.884277	0.632641	-0.077262	1.125821	-0.063916	-0.250761	-0.250742	-0.252393	-0.260228	-0.259704	-0.259655	-0.260126	-0.260772	-0.262619	-0.260054	-0.259714	-0.260700	-0.261085	-0.259447	-0.256407	-0.254202	-0.252792	-0.256941	-0.253823	-0.255266
0.048578	-0.017677	-0.229257	-0.184310	-0.127808	0.001920	-0.073444	-0.262722	0.068006	0.077686	-0.372003	0.049309	-0.052720	-0.252988	0.626557	-0.174533	-0.280425	-0.582334	-0.055472	-0.568751	0.059213	0.063698	0.029833	0.081441	0.058697	-0.027619	0.063032	-0.323632	0.061811	-0.202606	0.074133	-0.031322	0.075120	0.040839	0.063595	-0.517127	-0.440489	0.051340	-0.106327	-0.287333	-0.055939	-0.273498	-0.168986	-0.466208	0.071570	-0.384510	0.023829	-0.348198	0.048858	0.062191	-0.062899	-0.125079	-0.014277	-0.480958	0.038357	-0.150613	-0.321925	-0.051158	-0.200630	0.060304	0.044884	0.062242	-0.344278	0.025124	0.079720	-0.276916	-0.040984	-0.038188	-0.037459	0.064475	-0.385925	-0.294683	-0.229559	-0.315347	-0.430770	-0.084146	0.061571	0.057209	0.056631	0.077480	0.078343	0.077692	0.077512	0.077209	0.075066	0.077576	0.074877	0.078273	0.076535	0.078313	0.062525	0.062073	0.062882	0.061715	0.061652	0.061403
-0.053473	0.246354	0.413564	-0.089802	0.093078	0.348476	0.547125	1.410298	-0.181423	-0.200734	-0.239122	0.191236	-0.146732	-0.200293	-0.174533	1.926932	0.081173	-0.162364	0.213290	-0.075771	-0.205544	-0.197055	-0.174258	-0.194866	-0.208623	0.282418	-0.205847	0.603780	-0.210224	0.059888	-0.196795	1.281152	-0.174091	-0.157314	-0.198404	-0.173251	0.655019	-0.194227	1.442988	-0.015747	0.490780	-0.201145	1.014726	0.095961	-0.186505	-0.186347	-0.158742	-0.214302	-0.194350	-0.207629	-0.210973	1.129462	0.001140	-0.180184	-0.191202	-0.124969	1.242647	-0.208339	-0.241831	-0.211022	0.580220	-0.211745	0.406605	0.738539	-0.196671	-0.195188	-0.057944	-0.117378	0.267461	-0.167439	-0.195917	-0.114084	0.497326	-0.130453	0.142323	0.862949	-0.208297	-0.213588	-0.214604	-0.196817	-0.195604	-0.197137	-0.200377	-0.190663	-0.198204	-0.197559	-0.195976	-0.197999	-0.198507	-0.192815	-0.211868	-0.211045	-0.216406	-0.215304	-0.208809	-0.212649
-0.225780	-0.044195	0.748762	-0.162172	0.050941	-0.173359	-0.195710	-0.118797	-0.270373	-0.293053	1.177139	-0.249910	0.050400	0.801279	-0.280425	0.081173	1.920326	1.288232	-0.111652	1.347972	-0.270911	-0.237951	-0.229255	-0.284407	-0.293019	-0.098236	-0.285508	0.984085	-0.271626	0.181311	-0.281683	0.012433	-0.291737	-0.227592	-0.234600	1.057146	1.278269	-0.219619	0.201899	-0.088703	-0.062463	0.966535	0.477481	1.278639	-0.286207	1.317662	-0.222513	1.178478	-0.153337	-0.272334	0.294968	0.110923	-0.069855	1.447450	-0.215881	-0.189912	0.935932	0.165277	-0.130916	-0.274703	-0.220885	-0.271969	1.176137	-0.172551	-0.286416	0.798537	-0.130118	-0.085105	0.014706	-0.276302	1.284497	0.978093	0.745954	-0.051118	1.264828	0.073005	-0.276077	-0.276076	-0.278954	-0.288728	-0.289417	-0.289235	-0.289308	-0.289537	-0.289001	-0.290633	-0.287686	-0.289804	-0.289936	-0.288934	-0.282070	-0.281007	-0.278938	-0.283869	-0.281335	-0.282983
-0.511370	-0.311299	0.970559	-0.198464	-0.037202	-0.359557	-0.381322	-0.154258	-0.591721	-0.608580	1.714527	-0.580303	0.041345	1.167465	-0.582334	-0.162364	1.288232	2.944682	-0.259951	1.084161	-0.606674	-0.516582	-0.483658	-0.606560	-0.603683	-0.284383	-0.601384	1.173438	-0.600696	0.430454	-0.594000	-0.094554	-0.578609	-0.537459	-0.546544	1.385539	1.653710	-0.329655	0.187803	-0.007035	-0.098784	1.458525	0.442902	1.625661	-0.583228	1.722281	-0.505370	1.738155	-0.325957	-0.606563	0.522873	-0.189220	-0.314275	1.892391	-0.465390	-0.212842	1.036094	0.338901	-0.104972	-0.607361	-0.549695	-0.598182	1.619072	-0.381076	-0.601303	0.807553	-0.343868	-0.154263	-0.286537	-0.600906	1.928559	1.593623	0.991645	0.072380	1.742298	-0.073695	-0.596968	-0.592549	-0.600038	-0.598747	-0.594850	-0.590591	-0.593841	-0.595216	-0.600026	-0.590718	-0.592205	-0.596363	-0.597222	-0.592223	-0.597769	-0.602838	-0.592336	-0.600648	-0.586001	-0.596634
-0.044268	-0.048971	-0.089915	0.176199	-0.031501	-0.005546	0.055447	0.254019	-0.053750	-0.054207	-0.199329	-0.029689	0.294367	-0.150400	-0.055472	0.213290	-0.111652	-0.259951	1.414196	-0.213280	-0.037966	-0.052743	0.033400	-0.055342	-0.030427	0.035588	-0.040390	-0.162137	-0.041541	0.307439	-0.052061	0.040681	-0.050032	-0.030457	-0.046828	-0.064050	-0.192401	-0.029869	0.130007	0.979417	0.179784	-0.164487	-0.032440	-0.127282	-0.054171	-0.193229	0.155257	-0.184424	-0.057952	-0.044734	-0.106471	0.053779	-0.031470	-0.237093	-0.034350	0.085371	-0.111872	-0.071240	0.228997	-0.043716	-0.018787	-0.043469	-0.181231	-0.028738	-0.052822	-0.150320	0.038768	0.406340	-0.024771	-0.044506	-0.196110	-0.155405	-0.119890	1.057024	-0.172439	0.029657	-0.047278	-0.049967	-0.050726	-0.057054	-0.057535	-0.055681	-0.055716	-0.056742	-0.056991	-0.054593	-0.055284	-0.057312	-0.056797	-0.055528	-0.042551	-0.038195	-0.041809	-0.040796	-0.042137	-0.044111
-0.482485	-0.286019	1.029745	-0.203372	-0.108307	-0.392597	-0.357180	-0.166737	-0.592699	-0.600155	1.576310	-0.566584	0.196010	0.996162	-0.568751	-0.075771	1.347972	1.084161	-0.213280	2.789501	-0.598281	-0.481220	-0.486305	-0.607220	-0.590172	-0.234384	-0.599827	1.173301	-0.598809	0.463370	-0.592961	-0.064839	-0.576190	-0.518204	-0.567946	1.319050	1.526001	-0.382105	0.440174	0.001265	-0.115696	1.431236	0.532033	1.525064	-0.587620	1.717275	-0.496797	1.666133	-0.262846	-0.608250	0.599343	-0.166579	-0.316036	1.752044	-0.442011	-0.228890	1.043235	0.351183	-0.117597	-0.601552	-0.553187	-0.597469	1.574102	-0.343276	-0.598997	0.666238	-0.359167	-0.145373	-0.308958	-0.602628	1.822387	1.488368	0.988828	0.081400	1.614725	-0.039842	-0.594769	-0.588330	-0.599924	-0.598481	-0.595220	-0.595234	-0.592917	-0.600281	-0.600660	-0.590882	-0.598185	-0.590825	-0.601288	-0.590722	-0.591172	-0.601999	-0.590650	-0.600442	-0.586756	-0.594796
0.060355	0.001639	-0.223419	-0.169822	-0.106730	0.011399	-0.057375	-0.275245	0.054449	0.060464	-0.368391	0.065224	-0.040808	-0.248357	0.059213	-0.205544	-0.270911	-0.606674	-0.037966	-0.598281	0.658433	0.051762	0.042808	0.060582	0.064003	-0.026962	0.074590	-0.320918	0.068168	-0.189116	0.058422	-0.033549	0.054602	0.051324	0.041618	-0.521582	-0.449418	0.032072	-0.109417	-0.279334	-0.048522	-0.267726	-0.182056	-0.461554	0.058105	-0.398266	0.035177	-0.356243	0.028892	0.070350	-0.074446	-0.097337	-0.011607	-0.491024	0.044446	-0.137558	-0.320633	-0.040995	-0.187025	0.073681	0.049228	0.070395	-0.353365	0.033143	0.060138	-0.279551	-0.021502	-0.028990	-0.012033	0.067326	-0.380316	-0.283116	-0.241222	-0.319761	-0.439061	-0.066200	0.069156	0.066043	0.065968	0.059311	0.060390	0.059634	0.059899	0.059840	0.060122	0.060743	0.060157	0.059827	0.058390	0.061116	0.078618	0.077083	0.073890	0.076352	0.077602	0.077042
0.043887	-0.020047	-0.193854	-0.179025	-0.122300	-0.001590	-0.074130	-0.272728	0.061596	0.063108	-0.322884	0.043002	-0.046177	-0.215945	0.063698	-0.197055	-0.237951	-0.516582	-0.052743	-0.481220	0.051762	0.674972	0.024874	0.059968	0.049111	-0.033739	0.055506	-0.274932	0.053462	-0.185875	0.062406	-0.031909	0.053358	0.034323	0.044471	-0.469807	-0.389478	0.025053	-0.106918	-0.281841	-0.050815	-0.234617	-0.141954	-0.410989	0.064896	-0.335965	0.018659	-0.301309	0.035845	0.051884	-0.053420	-0.136017	-0.015665	-0.426536	0.031973	-0.146236	-0.271924	-0.041340	-0.192497	0.049336	0.037704	0.052732	-0.294834	0.018751	0.062596	-0.212674	-0.042513	-0.036746	-0.034356	0.054345	-0.335901	-0.254727	-0.195996	-0.311135	-0.377719	-0.081385	0.051765	0.049665	0.048922	0.060161	0.059995	0.059865	0.060226	0.060660	0.059158	0.060826	0.061670	0.059785	0.060389	0.060213	0.054206	0.054346	0.052118	0.052044	0.052093	0.050617
0.028940	-0.017288	-0.188828	-0.025717	-0.047686	0.030670	0.004890	-0.099900	0.025922	0.029774	-0.309938	0.035120	0.004982	-0.215348	0.029833	-0.174258	-0.229255	-0.483658	0.033400	-0.486305	0.042808	0.024874	0.828418	0.029519	0.034804	0.033557	0.047674	-0.257483	0.039006	-0.074092	0.027303	-0.014495	0.027484	0.038169	0.014657	-0.343281	-0.381239	0.005666	-0.083230	-0.017772	-0.016769	-0.228692	-0.108232	-0.371572	0.027005	-0.336980	0.031475	-0.303086	0.007236	0.037246	-0.075020	-0.122081	-0.028300	-0.418194	0.031044	-0.011808	-0.261718	-0.048983	-0.026229	0.041995	0.022125	0.038803	-0.300641	0.010569	0.030589	-0.222417	0.001444	0.012536	-0.029231	0.036654	-0.321170	-0.237323	-0.193102	-0.040339	-0.367526	-0.067792	0.038329	0.036049	0.036432	0.028852	0.026787	0.028473	0.027641	0.028837	0.028660	0.028227	0.030033	0.027639	0.027966	0.027915	0.043277	0.042188	0.040923	0.042574	0.043415	0.041840
0.049664	-0.018581	-0.235208	-0.184660	-0.129643	-0.001368	-0.074846	-0.275795	0.071857	0.078176	-0.380105	0.051175	-0.059275	-0.258378	0.081441	-0.194866	-0.284407	-0.606560	-0.055342	-0.607220	0.060582	0.059968	0.029519	0.621463	0.057921	-0.029401	0.063330	-0.332011	0.061390	-0.204645	0.077076	-0.029418	0.072265	0.043508	0.064088	-0.525428	-0.450352	0.040452	-0.115049	-0.289399	-0.056003	-0.278821	-0.172513	-0.475402	0.075197	-0.395520	0.024815	-0.356199	0.049870	0.063451	-0.062079	-0.141543	-0.011635	-0.491545	0.039560	-0.156198	-0.334632	-0.053582	-0.200825	0.063433	0.044523	0.063247	-0.351179	0.023736	0.081726	-0.294336	-0.040190	-0.035858	-0.039142	0.069358	-0.391695	-0.300077	-0.234388	-0.317400	-0.439855	-0.086184	0.062740	0.058022	0.057355	0.080159	0.080625	0.079571	0.079594	0.079974	0.080465	0.078806	0.078164	0.080469	0.080805	0.081257	0.064553	0.063270	0.063436	0.061559	0.062324	0.061879
0.048021	-0.000623	-0.256315	-0.170030	-0.126610	0.009902	-0.069662	-0.266550	0.050687	0.061796	-0.398663	0.057773	-0.060055	-0.281888	0.058697	-0.208623	-0.293019	-0.603683	-0.030427	-0.590172	0.064003	0.049111	0.034804	0.057921	1.120632	0.000272	0.072269	-0.360898	0.061542	-0.201324	0.054800	-0.039805	0.063877	0.055794	0.042400	-0.515533	-0.474228	0.501902	-0.099102	-0.246189	-0.048258	-0.304884	-0.201361	-0.490441	0.055984	-0.416649	0.028544	-0.369146	0.030015	0.060107	-0.093427	-0.108123	-0.008257	-0.504903	0.067128	-0.154572	-0.350176	-0.057885	-0.174709	0.060655	0.048464	0.061111	-0.382813	0.032221	0.058737	-0.317055	-0.021506	-0.029419	-0.011868	0.059397	-0.414232	-0.320129	-0.268120	-0.265052	-0.459463	-0.069445	0.057716	0.057147	0.059091	0.054211	0.055232	0.055146	0.056277	0.055227	0.057931	0.055946	0.054916	0.055921	0.056241	0.054537	0.063495	0.063797	0.062400	0.063577	0.060620	0.063666
-0.035581	0.048448	-0.093552	0.027970	1.484053	0.390528	0.017242	0.235276	-0.030126	-0.020979	-0.225207	-0.026928	-0.050892	-0.144866	-0.027619	0.282418	-0.098236	-0.284383	0.035588	-0.234384	-0.026962	-0.033739	0.033557	-0.029401	0.000272	1.217172	-0.021458	0.636022	-0.015219	0.086194	-0.028585	0.214344	-0.013788	0.094991	-0.024271	0.165755	-0.206404	-0.017681	0.089880	-0.006741	-0.026612	-0.191048	0.100739	-0.211662	-0.025545	-0.222024	-0.029025	-0.190919	-0.026274	-0.030111	-0.101835	0.138405	0.066016	-0.247324	0.174021	0.862521	-0.064412	-0.068206	0.009619	-0.032471	-0.005502	-0.033481	-0.174004	0.221930	-0.029702	-0.118737	0.006168	-0.020184	0.069078	-0.023188	-0.227606	-0.172398	-0.012239	-0.003778	-0.147093	0.134943	-0.031579	-0.034102	-0.038448	-0.031718	-0.035901	-0.033544	-0.033643	-0.033645	-0.032694	-0.031673	-0.030075	-0.028040	-0.034248	-0.032398	-0.033842	-0.035002	-0.035179	-0.032524	-0.033489	-0.031402
0.059501	-0.006475	-0.229302	-0.176888	-0.124975	0.009654	-0.059803	-0.277649	0.056174	0.065035	-0.368455	0.066108	-0.046553	-0.253602	0.063032	-0.205847	-0.285508	-0.601384	-0.040390	-0.599827	0.074590	0.055506	0.047674	0.063330	0.072269	-0.021458	0.653352	-0.329255	0.073624	-0.194111	0.062468	-0.035450	0.060254	0.062356	0.040983	-0.526156	-0.455145	0.037692	-0.104208	-0.278729	-0.050096	-0.276097	-0.182257	-0.471495	0.062080	-0.406352	0.035374	-0.363331	0.034601	0.071825	-0.076199	-0.133916	-0.026699	-0.499126	0.061593	-0.140841	-0.331346	-0.045775	-0.188959	0.074690	0.049879	0.069511	-0.360574	0.032110	0.064399	-0.288402	-0.018303	-0.030176	-0.027175	0.071096	-0.389849	-0.291009	-0.244820	-0.316744	-0.445520	-0.079254	0.068986	0.067723	0.068328	0.064288	0.062709	0.064047	0.064219	0.064820	0.063906	0.063704	0.064643	0.063498	0.064572	0.064519	0.075769	0.074847	0.074626	0.078165	0.074440	0.078736
-0.261483	-0.116279	0.780726	-0.183007	0.834504	-0.031970	-0.205440	0.247571	-0.316124	-0.332852	1.188161	-0.282356	0.053202	0.803238	-0.323632	0.603780	0.984085	1.173438	-0.162137	1.173301	-0.320918	-0.274932	-0.257483	-0.332011	-0.360898	0.636022	-0.329255	2.036900	-0.319154	0.212383	-0.325243	0.081623	-0.311810	-0.236288	-0.270007	1.088401	1.271380	-0.227773	0.390844	-0.095163	-0.053178	1.002602	0.355368	1.257874	-0.327706	1.328640	-0.255332	1.196317	-0.171827	-0.323328	0.332072	0.290524	-0.152075	1.425982	-0.203178	0.077806	0.966749	0.194361	-0.148988	-0.325472	-0.239386	-0.321968	1.186798	-0.089318	-0.331360	0.804374	-0.189809	-0.120450	-0.107671	-0.324412	1.296452	1.007941	0.729871	-0.061952	1.254586	0.096704	-0.324408	-0.322733	-0.325094	-0.332012	-0.332676	-0.330894	-0.332166	-0.333300	-0.332833	-0.331151	-0.330601	-0.332597	-0.332982	-0.330706	-0.330003	-0.327154	-0.326074	-0.329595	-0.324827	-0.327411
0.070301	-0.013657	-0.214549	-0.176536	-0.118375	0.012177	-0.066097	-0.278337	0.055120	0.063374	-0.377135	0.061996	-0.049297	-0.244111	0.061811	-0.210224	-0.271626	-0.600696	-0.041541	-0.598809	0.068168	0.053462	0.039006	0.061390	0.061542	-0.015219	0.073624	-0.319154	0.636137	-0.199162	0.059712	-0.029017	0.057139	0.048437	0.040129	-0.521973	-0.454244	0.030264	-0.114323	-0.276507	-0.052593	-0.265032	-0.173689	-0.473092	0.062164	-0.405392	0.053579	-0.362987	0.031206	0.084650	-0.078671	-0.137863	-0.026724	-0.497187	0.045769	-0.143196	-0.332843	-0.033669	-0.193263	0.076593	0.055295	0.085144	-0.357901	0.042475	0.062425	-0.281973	-0.034840	-0.022465	-0.033900	0.071793	-0.387242	-0.293950	-0.242924	-0.322979	-0.442338	-0.089401	0.081410	0.080716	0.080140	0.062004	0.060480	0.062652	0.062369	0.061095	0.060399	0.061785	0.060941	0.059318	0.060620	0.060034	0.072841	0.073186	0.076062	0.074791	0.075664	0.074708
-0.188316	0.112879	0.114989	1.007143	0.371780	0.000131	0.431981	0.859535	-0.194688	-0.205278	0.272067	-0.176595	0.125690	0.141538	-0.202606	0.059888	0.181311	0.430454	0.307439	0.463370	-0.189116	-0.185875	-0.074092	-0.204645	-0.201324	0.086194	-0.194111	0.212383	-0.199162	2.190950	-0.201747	0.038010	-0.187860	-0.142957	-0.168855	0.939939	0.321994	-0.123596	0.032115	1.436687	0.129748	0.159036	0.178184	0.426963	-0.202673	0.264145	-0.066279	0.239397	-0.166106	-0.201217	-0.059670	0.247704	0.130625	0.372253	-0.137057	0.673003	0.219845	-0.068799	1.120362	-0.199487	-0.170555	-0.202933	0.231632	-0.139149	-0.206779	0.165940	0.252146	0.175732	0.185650	-0.198925	0.282407	0.225288	0.171577	1.539084	0.339457	0.250830	-0.204535	-0.204799	-0.205573	-0.208721	-0.207229	-0.207270	-0.206870	-0.206922	-0.208409	-0.206659	-0.206016	-0.207933	-0.207798	-0.207858	-0.200707	-0.198921	-0.200512	-0.200570	-0.199229	-0.201041
0.049761	-0.014083	-0.229437	-0.183817	-0.118195	-0.001764	-0.074707	-0.274384	0.083121	0.077314	-0.373929	0.049343	-0.054658	-0.253641	0.074133	-0.196795	-0.281683	-0.594000	-0.052061	-0.592961	0.058422	0.062406	0.027303	0.077076	0.054800	-0.028585	0.062468	-0.325243	0.059712	-0.201747	0.621627	-0.033020	0.067035	0.041436	0.055619	-0.517360	-0.441257	0.031793	-0.117091	-0.285068	-0.056358	-0.274731	-0.177400	-0.467411	0.090982	-0.392036	0.025556	-0.347489	0.044732	0.061300	-0.060703	-0.137027	-0.003046	-0.483075	0.035129	-0.150205	-0.328545	-0.050794	-0.199235	0.059899	0.044052	0.061045	-0.334492	0.022912	0.075148	-0.281515	-0.039179	-0.036917	-0.034358	0.067910	-0.385494	-0.295534	-0.232297	-0.304657	-0.430029	-0.084227	0.061058	0.056001	0.055595	0.077979	0.076462	0.077940	0.077495	0.078681	0.075257	0.077931	0.077131	0.078130	0.075956	0.076497	0.060461	0.059730	0.059943	0.059032	0.059452	0.061236
-0.013824	0.063820	0.044520	-0.094349	0.118695	0.079551	0.028491	0.908497	-0.030065	-0.032524	-0.139677	0.017423	-0.040256	-0.086243	-0.031322	1.281152	0.012433	-0.094554	0.040681	-0.064839	-0.033549	-0.031909	-0.014495	-0.029418	-0.039805	0.214344	-0.035450	0.081623	-0.029017	0.038010	-0.033020	1.093630	-0.026350	-0.023043	-0.021783	-0.167820	0.038155	-0.041668	0.734749	-0.143140	0.111907	-0.101004	0.815795	0.018059	-0.030319	-0.111263	-0.025875	-0.118470	-0.029799	-0.036171	-0.065108	0.704009	0.008408	-0.143112	-0.016160	-0.077937	0.434793	-0.048562	-0.148314	-0.035699	0.086205	-0.035121	0.043051	0.129894	-0.031702	-0.068624	-0.027103	-0.021861	0.181953	-0.017220	-0.123706	-0.082716	0.433685	-0.178414	0.069155	0.343433	-0.035376	-0.040851	-0.042312	-0.035785	-0.036758	-0.037996	-0.035741	-0.037228	-0.040259	-0.038886	-0.035123	-0.035641	-0.040061	-0.035153	-0.034194	-0.037952	-0.036544	-0.038250	-0.038465	-0.040719
0.046042	-0.002873	-0.209469	-0.175947	-0.106840	-0.004286	-0.073825	-0.272289	0.061720	0.070092	-0.344377	0.046801	-0.046146	-0.209557	0.075120	-0.174091	-0.291737	-0.578609	-0.050032	-0.576190	0.054602	0.053358	0.027484	0.072265	0.063877	-0.013788	0.060254	-0.311810	0.057139	-0.187860	0.067035	-0.026350	0.668326	0.036575	0.052738	-0.490182	-0.419664	0.017250	-0.091433	-0.272738	-0.054941	-0.258434	-0.109251	-0.450225	0.066212	-0.381242	0.020832	-0.331571	0.044217	0.060431	-0.065884	-0.116110	-0.001490	-0.469706	0.036379	-0.132159	-0.327233	-0.051748	-0.201046	0.058683	0.042100	0.057440	-0.325958	0.024570	0.070973	-0.259089	-0.027026	-0.037069	-0.016808	0.060380	-0.365631	-0.277717	-0.200164	-0.309887	-0.402334	-0.065542	0.058014	0.054534	0.052680	0.068365	0.070972	0.069931	0.067333	0.069655	0.067683	0.068039	0.068080	0.071277	0.069008	0.069028	0.059438	0.059863	0.058330	0.057243	0.056720	0.057240
0.038847	-0.016590	-0.176322	-0.131409	-0.012561	0.041940	-0.048393	-0.187281	0.034615	0.041107	-0.295232	0.041807	-0.033382	-0.198121	0.040839	-0.157314	-0.227592	-0.537459	-0.030457	-0.518204	0.051324	0.034323	0.038169	0.043508	0.055794	0.094991	0.062356	-0.236288	0.048437	-0.142957	0.041436	-0.023043	0.036575	0.749042	0.026831	-0.419656	-0.377332	0.005175	-0.079842	-0.220094	-0.031508	-0.219817	-0.108282	-0.397988	0.038520	-0.335925	0.021931	-0.297910	0.021931	0.047666	-0.065105	-0.097188	-0.017631	-0.422108	0.051301	-0.066525	-0.263453	-0.039787	-0.145052	0.050966	0.031834	0.047000	-0.294923	0.022610	0.041764	-0.229005	-0.015274	-0.025701	-0.021771	0.045453	-0.316447	-0.230047	-0.176394	-0.257044	-0.363633	-0.061443	0.046521	0.042912	0.042195	0.043406	0.039142	0.040271	0.041043	0.041352	0.039205	0.042125	0.042428	0.040225	0.041686	0.038760	0.051207	0.050895	0.050888	0.051696	0.050264	0.049293
0.033169	-0.020358	-0.186625	-0.156142	-0.107009	-0.003586	-0.063291	-0.238357	0.052592	0.063204	-0.309197	0.032405	-0.037132	-0.205640	0.063595	-0.198404	-0.234600	-0.546544	-0.046828	-0.567946	0.041618	0.044471	0.014657	0.064088	0.042400	-0.024271	0.040983	-0.270007	0.040129	-0.168855	0.055619	-0.021783	0.052738	0.026831	0.712647	-0.470375	-0.378795	0.026990	-0.083988	-0.252991	-0.042083	-0.229306	-0.112799	-0.409116	0.052384	-0.324263	0.011124	-0.292218	0.038741	0.042786	-0.050354	-0.123469	-0.017312	-0.425878	0.024685	-0.122154	-0.275305	-0.044074	-0.171158	0.042914	0.027310	0.043758	-0.291353	0.013596	0.063848	-0.218873	-0.033943	-0.035697	-0.024555	0.047118	-0.326403	-0.245063	-0.179167	-0.284054	-0.367224	-0.066965	0.041586	0.038691	0.036484	0.060119	0.058437	0.057092	0.057641	0.058639	0.056316	0.058016	0.056847	0.058749	0.058320	0.058718	0.042140	0.043664	0.040680	0.040749	0.040664	0.044239
-0.474445	-0.229652	0.810697	1.322271	0.487365	-0.103947	0.528554	1.059145	-0.511997	-0.526687	1.393555	-0.496610	-0.011244	0.896908	-0.517127	-0.173251	1.057146	1.385539	-0.064050	1.319050	-0.521582	-0.469807	-0.343281	-0.525428	-0.515533	0.165755	-0.526156	1.088401	-0.521973	0.939939	-0.517360	-0.167820	-0.490182	-0.419656	-0.470375	3.451827	1.445530	-0.336135	0.113683	1.416646	0.063034	1.110481	0.422629	1.483901	-0.512371	1.458405	-0.408428	1.374008	-0.360794	-0.525457	0.233414	-0.047400	-0.147841	1.653482	-0.410506	0.954269	0.973414	0.105965	1.520298	-0.527880	-0.471402	-0.523596	1.295931	-0.348677	-0.524565	0.893625	0.083713	-0.089944	-0.169674	-0.522340	1.549689	1.225033	0.804068	1.501490	1.497857	0.017147	-0.523960	-0.523024	-0.526638	-0.523377	-0.523771	-0.519741	-0.522039	-0.524695	-0.526057	-0.521911	-0.521101	-0.522036	-0.524498	-0.521586	-0.525636	-0.527023	-0.521415	-0.526705	-0.520897	-0.525082
-0.392249	-0.196552	1.022167	-0.195157	-0.021082	-0.256837	-0.275339	0.233742	-0.433395	-0.454226	1.674567	-0.412967	0.024421	1.129315	-0.440489	0.655019	1.278269	1.653710	-0.192401	1.526001	-0.449418	-0.389478	-0.381239	-0.450352	-0.474228	-0.206404	-0.455145	1.271380	-0.454244	0.321994	-0.441257	0.038155	-0.419664	-0.377332	-0.378795	1.445530	2.583787	-0.281647	0.471446	-0.038941	-0.068517	1.378824	0.517080	1.731238	-0.439759	1.737306	-0.373244	1.659067	-0.258867	-0.456563	0.414538	0.235392	-0.215665	1.941863	-0.349830	-0.225332	1.166674	0.260178	-0.131270	-0.458466	-0.356640	-0.455767	1.561475	-0.244792	-0.449506	1.031474	-0.250021	-0.147476	-0.158703	-0.450130	1.859270	1.478605	1.010255	0.031045	1.778984	0.053254	-0.457730	-0.455209	-0.458573	-0.449724	-0.448642	-0.446972	-0.447020	-0.448474	-0.450804	-0.448234	-0.447913	-0.449056	-0.450083	-0.446516	-0.457186	-0.458859	-0.454844	-0.459807	-0.453317	-0.457285
0.025453	0.018228	-0.156640	-0.125716	0.009364	0.012929	-0.054114	-0.191615	0.028837	0.032615	-0.253711	0.024186	-0.029256	-0.124129	0.051340	-0.194227	-0.219619	-0.329655	-0.029869	-0.382105	0.032072	0.025053	0.005666	0.040452	0.501902	-0.017681	0.037692	-0.227773	0.030264	-0.123596	0.031793	-0.041668	0.017250	0.005175	0.026990	-0.336135	-0.281647	0.999043	-0.041000	-0.172846	-0.025819	-0.207612	-0.038516	-0.303782	0.028271	-0.224763	0.008348	-0.201680	0.018421	0.026610	-0.064865	0.042370	0.022081	-0.344045	0.013989	-0.081390	-0.215060	-0.065225	-0.157008	0.031636	0.017234	0.033829	-0.248840	0.000401	0.043951	-0.087378	-0.023902	-0.029190	0.032697	0.033271	-0.281857	-0.216164	-0.134773	-0.189089	-0.272650	-0.007390	0.027743	0.028657	0.021245	0.029799	0.033881	0.037368	0.034374	0.032539	0.031133	0.033468	0.033658	0.030579	0.031123	0.034996	0.026667	0.028854	0.022802	0.027378	0.022788	0.027271
-0.057073	0.074393	0.298682	-0.121370	0.022296	0.085385	0.104855	1.195880	-0.110659	-0.112497	0.155788	0.011062	0.019093	0.087359	-0.106327	1.442988	0.201899	0.187803	0.130007	0.440174	-0.109417	-0.106918	-0.083230	-0.115049	-0.099102	0.089880	-0.104208	0.390844	-0.114323	0.032115	-0.117091	0.734749	-0.091433	-0.079842	-0.083988	0.113683	0.471446	-0.041000	1.418299	-0.044494	0.198968	0.109992	0.297493	0.243965	-0.114939	0.211064	-0.057421	0.177752	-0.070876	-0.113353	-0.008234	0.936458	0.008088	0.236972	-0.048423	-0.082667	0.823682	-0.005778	-0.143664	-0.115355	0.160158	-0.120133	0.299964	0.221916	-0.118281	0.183900	-0.038385	-0.020347	0.089609	-0.112654	0.160069	0.152253	0.227200	-0.077009	0.309282	0.481061	-0.122254	-0.124156	-0.122466	-0.120810	-0.119128	-0.116808	-0.118790	-0.121941	-0.121647	-0.118647	-0.123570	-0.121500	-0.120748	-0.120952	-0.120256	-0.118718	-0.118215	-0.118494	-0.117635	-0.118960
-0.272559	-0.104473	-0.117990	2.246186	0.231325	0.082463	1.120160	1.882510	-0.279869	-0.289133	-0.055489	-0.265253	0.376718	-0.110676	-0.287333	-0.015747	-0.088703	-0.007035	0.979417	0.001265	-0.279334	-0.281841	-0.017772	-0.289399	-0.246189	-0.006741	-0.278729	-0.095163	-0.276507	1.436687	-0.285068	-0.143140	-0.272738	-0.220094	-0.252991	1.416646	-0.038941	-0.172846	-0.044494	3.231253	0.470804	-0.102775	-0.088535	0.105693	-0.283828	-0.022963	0.070430	-0.067787	-0.276445	-0.279213	-0.235982	0.060714	0.013312	-0.004140	-0.243685	1.595525	0.022561	-0.232848	2.483218	-0.280822	-0.249030	-0.278127	-0.070102	-0.226577	-0.287793	-0.100022	0.475938	0.608499	-0.076462	-0.282428	-0.026167	-0.075833	-0.129829	3.167371	-0.029926	0.129710	-0.282321	-0.281147	-0.281759	-0.288199	-0.289045	-0.286436	-0.286946	-0.288347	-0.287988	-0.287720	-0.286372	-0.287489	-0.288582	-0.287033	-0.285710	-0.282728	-0.280341	-0.284350	-0.282451	-0.283799
-0.045392	-0.003504	-0.023217	0.257081	0.014314	0.038361	0.116717	0.414901	-0.054771	-0.055033	-0.099543	-0.037768	0.022195	-0.083836	-0.055939	0.490780	-0.062463	-0.098784	0.179784	-0.115696	-0.048522	-0.050815	-0.016769	-0.056003	-0.048258	-0.026612	-0.050096	-0.053178	-0.052593	0.129748	-0.056358	0.111907	-0.054941	-0.031508	-0.042083	0.063034	-0.068517	-0.025819	0.198968	0.470804	1.318754	-0.094004	-0.033548	-0.098563	-0.055895	-0.099631	-0.003541	-0.101211	-0.058567	-0.052014	-0.077361	0.264264	0.034524	-0.118339	-0.047834	0.138854	0.035229	-0.067716	0.329151	-0.049297	-0.013528	-0.051255	-0.077374	-0.010465	-0.057365	-0.086166	0.042177	0.304216	0.018040	-0.052866	-0.102543	-0.087493	-0.081156	0.663402	-0.071854	0.259890	-0.052538	-0.056193	-0.056994	-0.056111	-0.056579	-0.060238	-0.056983	-0.057924	-0.058037	-0.056798	-0.057119	-0.058079	-0.055918	-0.058047	-0.047305	-0.050565	-0.054338	-0.052366	-0.051916	-0.053707
-0.227602	-0.173497	0.733589	-0.186262	-0.109909	-0.186170	-0.211031	-0.211747	-0.265723	-0.280365	1.263836	-0.247864	0.019635	0.840661	-0.273498	-0.201145	0.966535	1.458525	-0.164487	1.431236	-0.267726	-0.234617	-0.228692	-0.278821	-0.304884	-0.191048	-0.276097	1.002602	-0.265032	0.159036	-0.274731	-0.101004	-0.258434	-0.219817	-0.229306	1.110481	1.378824	-0.207612	0.109992	-0.102775	-0.094004	1.961575	0.410246	1.388234	-0.275996	1.382844	-0.213486	1.251705	-0.160481	-0.263831	0.273556	-0.167823	-0.183239	1.583215	-0.203827	-0.204867	0.935202	0.157051	-0.137033	-0.265208	-0.225531	-0.264487	1.202054	-0.171061	-0.278221	0.827151	-0.191972	-0.106413	-0.151913	-0.269521	1.397079	1.039692	0.756004	-0.067682	1.361105	-0.096968	-0.268651	-0.265364	-0.264870	-0.282226	-0.281211	-0.279513	-0.281148	-0.281721	-0.282340	-0.281956	-0.279458	-0.283463	-0.281293	-0.280469	-0.272565	-0.273697	-0.271835	-0.275208	-0.272689	-0.274171
-0.152916	-0.018037	0.278796	-0.067735	0.053697	-0.043091	-0.128179	0.222391	-0.165586	-0.166536	0.472421	-0.158045	0.030994	0.309573	-0.168986	1.014726	0.477481	0.442902	-0.032440	0.532033	-0.182056	-0.141954	-0.108232	-0.172513	-0.201361	0.100739	-0.182257	0.355368	-0.173689	0.178184	-0.177400	0.815795	-0.109251	-0.108282	-0.112799	0.422629	0.517080	-0.038516	0.297493	-0.088535	-0.033548	0.410246	1.709010	0.643650	-0.167187	0.538255	-0.108920	0.521436	-0.075694	-0.180142	0.109651	0.050924	0.003047	0.642762	-0.094833	-0.084427	0.348263	0.065513	-0.116736	-0.186353	-0.122438	-0.186094	0.532818	-0.075861	-0.172436	0.273884	-0.071552	-0.043457	0.129386	-0.162152	0.539361	0.413749	0.630675	-0.061107	0.641696	-0.024491	-0.188931	-0.191258	-0.189249	-0.185953	-0.179872	-0.180150	-0.180873	-0.180304	-0.182396	-0.178582	-0.179629	-0.176504	-0.183144	-0.177542	-0.185602	-0.188516	-0.186641	-0.189103	-0.186365	-0.186790
