0.903164	0.016496	0.002199	-0.015325	-0.038017	0.010404	0.037162	0.041169	0.013713	-0.020951	-0.039098	0.058804	-0.005838	-0.010645	-0.017529	0.290388	-0.029543	-0.031487	0.046917	-0.139320	-0.044764	-0.003998	-0.028810	0.012749	-0.031773	-0.032994	-0.009744	-0.019282	0.003952	-0.030081	-0.024121	0.017306	-0.022072	-0.004353	0.012662	-0.030878	0.001785	-0.026612	0.059637	0.011828	-0.025951	0.008839	-0.006140	-0.039528	-0.004462	-0.054420	-0.001526	-0.035408	0.004157	-0.009057	-0.015390	0.033644	-0.027123	-0.027084	-0.038429	-0.031154	0.019908	0.006924	0.001338	-0.029082	0.086422	-0.038680	-0.040561	-0.011451	-0.024340	-0.020106	-0.043114	0.028704	0.005412	-0.025401	-0.012698	-0.031725	-0.048051	-0.027214	0.005762	0.022426	-0.045016	-0.008520	-0.016829	-0.033509	0.019251	-0.039401	-0.005752	-0.023416	0.005657	-0.005767	-0.029455	-0.010248	-0.046887	-0.045718	-0.014016	0.034607	-0.019458	-0.025246	-0.028349	0.006430	
0.016496	0.931331	0.015642	0.062350	0.088200	0.012152	0.039256	0.062700	-0.013726	-0.046584	-0.005052	0.060641	0.071196	-0.049784	-0.012494	0.147713	0.051994	-0.033998	-0.024768	-0.104263	0.036235	-0.023301	0.043989	-0.023215	-0.056487	-0.000624	-0.047192	-0.040682	-0.034193	0.031703	-0.042821	0.024908	-0.032387	-0.033056	-0.020398	-0.043309	-0.022397	-0.017670	0.054264	-0.003104	-0.015778	-0.024199	-0.037094	0.011661	-0.015369	-0.014049	-0.015042	-0.020449	-0.015328	-0.006439	0.007230	0.335179	0.151469	0.038880	-0.027197	-0.004938	0.033017	-0.027249	-0.046103	-0.041999	-0.029490	-0.050760	-0.048166	-0.008716	-0.019483	-0.016045	0.106992	-0.051452	0.059740	-0.011408	-0.026988	0.015721	-0.024611	0.014084	-0.065828	0.172521	-0.010488	-0.063968	-0.052516	-0.066247	-0.039480	-0.023336	-0.049111	-0.078112	-0.033985	-0.083869	-0.045207	-0.063901	-0.033823	-0.060984	-0.027095	-0.062057	-0.006277	-0.055122	-0.081332	-0.042471	
0.002199	0.015642	1.092438	-0.041950	-0.026386	0.041161	0.039057	0.171189	-0.021171	-0.046762	0.013231	0.026016	0.005204	0.001681	-0.002919	0.267040	0.007935	-0.011067	-0.031425	-0.089404	-0.046547	-0.043155	0.000097	0.001150	-0.037602	0.023231	-0.046359	0.047400	-0.035599	-0.019895	-0.019460	0.001097	0.004199	-0.007281	-0.009756	0.013259	0.069427	-0.062141	0.095131	-0.002610	0.018545	-0.037003	0.055439	-0.020821	-0.031676	-0.014042	0.013277	-0.023301	0.005109	-0.005061	-0.031542	0.065577	0.036050	-0.042843	-0.042812	-0.062207	0.069589	-0.026148	-0.049904	-0.028523	0.005492	-0.038670	0.010484	0.065199	-0.055339	-0.070371	0.004340	-0.027089	0.006021	0.003201	0.001685	-0.011883	0.001271	0.000515	-0.046412	-0.000215	-0.068888	-0.021259	-0.050656	-0.023308	-0.024057	-0.026786	-0.039147	-0.053912	-0.033551	-0.038511	-0.044907	-0.041306	-0.050998	-0.047355	-0.027152	-0.018406	0.000560	-0.035801	-0.067413	-0.071433	
-0.015325	0.062350	-0.041950	1.072209	0.093675	0.031851	0.009262	-0.028474	-0.035650	-0.028426	0.014098	0.025465	0.045621	-0.055690	-0.030899	0.041206	0.067888	-0.045334	-0.008780	-0.112939	0.034826	0.000845	0.029884	0.009048	-0.032828	-0.003901	-0.047109	-0.024912	-0.036291	0.048336	-0.008583	0.004819	-0.004540	0.018715	-0.016196	0.008226	-0.022621	-0.041146	-0.016079	0.003311	-0.035579	-0.025024	-0.001288	0.018870	-0.029356	-0.050027	0.004074	0.004005	-0.034658	-0.047353	0.051635	0.052827	0.073630	-0.001479	-0.004854	0.014189	0.009540	-0.061166	0.013812	-0.018832	-0.039507	-0.070452	-0.028482	-0.028711	-0.070272	0.000807	0.041926	0.030596	0.032570	-0.008649	-0.047771	-0.012120	-0.019291	0.039779	0.019459	0.003074	-0.061281	-0.042995	-0.061055	-0.076286	-0.028760	-0.042509	-0.060093	-0.043247	-0.005151	-0.041700	-0.027420	-0.012920	-0.040322	-0.019178	-0.065194	-0.048468	-0.040696	-0.043413	-0.007700	-0.027592	
-0.038017	0.088200	-0.026386	0.093675	1.402087	0.174182	0.074011	0.378681	-0.073979	-0.060870	-0.045642	0.019738	0.036687	-0.074249	-0.096300	0.146427	0.014424	-0.023688	0.018200	-0.003888	-0.000724	-0.073953	0.044445	-0.054404	-0.014223	0.149924	-0.104390	0.007907	-0.013491	0.128077	-0.051038	0.087653	-0.113987	-0.015665	-0.089717	0.012149	-0.007103	-0.053739	0.007437	0.074922	-0.006358	-0.072912	0.029445	-0.004250	-0.087006	-0.079725	-0.078827	-0.051009	-0.092247	-0.089874	-0.037241	0.348605	0.072977	-0.042211	0.076091	0.144775	0.083038	-0.092645	0.026064	-0.018403	0.001552	-0.115114	-0.015485	0.081616	-0.133681	-0.186632	0.200539	0.058019	0.158958	-0.078391	0.046617	0.090935	0.029494	-0.010786	-0.046568	0.191839	-0.111656	-0.072573	-0.105476	-0.102057	-0.108109	-0.083388	-0.123930	-0.134499	-0.093955	-0.038291	-0.075852	-0.025509	-0.099331	-0.108768	-0.066986	-0.082722	-0.040255	-0.122558	-0.049932	-0.111555	
0.010404	0.012152	0.041161	0.031851	0.174182	1.031157	0.026755	0.214461	0.014913	-0.092354	-0.079233	0.003790	-0.004060	-0.052289	0.007228	0.417640	-0.031063	-0.119002	-0.030642	-0.157593	-0.012038	-0.004718	0.020446	-0.055681	-0.054400	0.106248	-0.020565	0.047930	-0.015401	0.012774	-0.020229	0.057255	-0.018919	0.029021	-0.052492	-0.018886	0.044418	-0.002458	0.090656	0.054799	-0.010706	0.008990	-0.005711	-0.000054	-0.060109	-0.033436	-0.049591	-0.034144	-0.031177	-0.047698	-0.011754	0.179707	-0.007796	-0.013815	0.006823	0.043584	0.063606	-0.077212	-0.038510	-0.057284	0.076527	-0.068384	0.023348	0.074679	-0.061976	-0.051470	-0.016454	0.012357	0.004093	0.033627	-0.053851	-0.025157	-0.011218	0.009751	0.029833	0.056703	-0.070195	-0.033636	-0.052678	-0.043031	-0.033114	-0.020581	-0.031629	-0.046715	-0.053521	-0.076259	-0.063261	-0.064725	-0.053749	-0.058878	-0.075045	-0.045447	-0.030284	-0.031202	-0.054248	-0.051077	
0.037162	0.039256	0.039057	0.009262	0.074011	0.026755	0.896003	0.227725	-0.029273	-0.016985	-0.028276	0.070069	-0.008315	-0.047877	0.028398	0.444320	0.002654	-0.083241	-0.021517	-0.134870	0.037174	-0.018981	-0.039351	-0.054188	-0.011899	-0.032144	0.006737	-0.048043	-0.020238	-0.002567	-0.032462	0.012517	-0.048570	-0.012530	0.024968	-0.037054	0.041193	-0.048363	0.074157	-0.001270	-0.019782	-0.024051	-0.001362	0.019694	-0.011637	-0.017068	-0.012948	-0.034539	-0.029699	-0.021763	-0.014537	0.180109	0.003145	0.017769	0.004616	0.000837	0.093092	0.010445	0.006795	-0.024130	0.114069	-0.056360	-0.013042	0.038682	-0.041592	-0.087139	0.028330	0.012740	-0.003561	-0.036330	-0.056032	-0.026017	-0.007902	-0.034462	-0.030038	0.024735	-0.029541	-0.052319	-0.067630	-0.067751	-0.018953	-0.035990	-0.014393	-0.055353	-0.023912	-0.010088	-0.033984	-0.029575	-0.028041	-0.055762	-0.054128	-0.046348	-0.034469	-0.061864	-0.046325	-0.031655	
0.041169	0.062700	0.171189	-0.028474	0.378681	0.214461	0.227725	1.518575	-0.117989	-0.084125	-0.065096	0.183255	-0.115084	-0.107800	-0.078444	0.987985	-0.118999	-0.220535	0.062476	-0.083047	0.008816	-0.056959	0.159864	-0.034463	-0.055483	0.137505	-0.098661	0.037752	-0.052389	-0.017141	-0.026503	0.329299	-0.067733	0.001284	-0.089356	-0.105662	0.051783	-0.158520	0.398532	-0.022268	0.122831	-0.119321	0.085639	-0.016862	-0.122007	-0.112804	-0.139846	-0.132276	-0.029497	-0.106414	-0.069353	0.569649	0.038129	0.018478	-0.067552	0.012824	0.195662	-0.020598	0.012858	-0.110744	0.186278	-0.114136	-0.038457	0.275237	-0.111400	-0.208402	-0.035198	-0.013451	0.104244	-0.075070	-0.006867	-0.101209	0.098288	0.015255	-0.043219	0.300634	-0.156375	-0.148322	-0.099865	-0.118870	-0.126368	-0.126726	-0.100270	-0.120614	-0.111349	-0.148533	-0.171773	-0.153376	-0.069788	-0.140345	-0.136257	-0.147879	-0.112424	-0.072524	-0.093919	-0.137152	
0.013713	-0.013726	-0.021171	-0.035650	-0.073979	0.014913	-0.029273	-0.117989	0.812064	0.013192	-0.054285	0.019319	-0.028749	-0.007194	0.017203	-0.157424	0.008052	-0.083301	-0.003391	-0.097275	-0.038836	-0.003280	-0.027041	-0.000775	0.006906	-0.025310	0.030556	-0.014411	-0.025478	-0.020105	0.021208	-0.038340	-0.027047	-0.019196	0.026469	-0.048298	0.010456	0.030236	-0.041660	0.000557	0.005349	-0.035615	-0.056050	-0.044790	0.012329	-0.019045	-0.005907	0.029943	0.003208	0.015308	-0.011916	-0.059257	0.006427	-0.015721	0.034500	-0.000675	-0.039070	-0.015859	-0.010988	-0.010817	-0.017522	0.004392	-0.043292	-0.028774	-0.000732	-0.013314	-0.029428	-0.012333	-0.034723	0.004243	-0.039850	-0.007616	-0.055350	-0.034954	-0.005946	0.001318	-0.002495	0.002360	-0.023313	0.006241	0.012078	0.009764	0.009122	0.013086	-0.000413	0.000401	0.000549	0.015378	0.020873	-0.019310	0.011160	0.003410	-0.002347	0.011897	-0.027895	0.032286	
-0.020951	-0.046584	-0.046762	-0.028426	-0.060870	-0.092354	-0.016985	-0.084125	0.013192	0.892666	-0.000849	-0.035053	-0.048041	-0.012082	0.025889	-0.239401	-0.070666	0.004043	-0.028984	-0.053153	0.016616	0.033332	-0.019280	0.039611	-0.026349	-0.062343	0.034341	-0.042447	0.021443	-0.024871	-0.000219	-0.044319	0.010947	0.016946	-0.007393	0.015040	-0.043027	0.067253	-0.085684	0.030134	-0.068614	-0.057765	-0.048571	-0.050307	-0.007047	-0.062034	0.022118	-0.049970	0.020437	0.008457	-0.015886	-0.145619	-0.040692	-0.031436	0.011736	-0.004975	-0.085625	-0.030202	0.011104	0.014852	-0.023072	0.077460	-0.041435	-0.037857	0.012686	0.040220	-0.037165	-0.000724	-0.038220	0.031362	-0.032259	-0.020156	-0.066227	-0.003908	-0.054440	-0.063921	-0.017815	0.034556	0.010385	0.016457	0.005938	0.016814	0.037383	0.040824	0.004729	-0.000314	0.024229	0.026461	0.030618	0.039576	-0.016600	-0.005794	0.036579	0.025904	0.036747	0.026890	
-0.039098	-0.005052	0.013231	0.014098	-0.045642	-0.079233	-0.028276	-0.065096	-0.054285	-0.000849	1.036486	-0.005678	-0.011384	0.050296	-0.038826	-0.197998	0.015201	0.061115	0.009356	0.146424	-0.014195	-0.005540	-0.027029	-0.031952	0.004098	-0.030500	0.010963	0.005274	-0.048700	-0.036496	-0.010387	-0.058692	0.025601	-0.002006	-0.031070	0.015466	-0.049634	-0.019052	-0.014074	0.012651	-0.022815	0.013916	-0.009417	-0.031345	-0.010101	0.023562	-0.021648	-0.002056	-0.023611	-0.009621	0.004774	-0.057328	-0.023328	0.022810	-0.031633	-0.024730	-0.014807	0.039106	0.000033	-0.027637	-0.035157	-0.035669	-0.026721	-0.002942	-0.012053	0.026571	-0.033990	-0.047843	-0.037716	-0.005827	0.121235	0.041817	0.017568	0.009512	0.038438	-0.057487	-0.024588	-0.003798	0.029358	-0.024815	-0.011892	-0.017381	-0.025856	-0.046508	-0.043990	-0.030064	-0.022951	-0.012311	-0.024174	-0.014755	-0.019214	-0.019800	-0.026220	-0.030601	-0.009802	-0.005671	
0.058804	0.060641	0.026016	0.025465	0.019738	0.003790	0.070069	0.183255	0.019319	-0.035053	-0.005678	0.891591	0.041976	-0.047051	-0.009889	0.303501	0.030151	-0.112930	-0.002062	-0.183843	0.036032	-0.012618	-0.013466	-0.022361	-0.031156	-0.018664	-0.014241	-0.044255	-0.050458	-0.026646	-0.026638	0.056352	0.024591	0.002496	-0.000417	-0.009473	-0.019198	0.037140	0.057597	-0.022649	-0.038515	-0.049252	-0.010217	-0.007318	-0.026444	-0.050721	-0.052427	-0.022765	-0.013572	-0.011887	0.008821	0.217156	0.017109	-0.065747	-0.033438	-0.007845	0.067082	-0.009141	-0.048363	-0.020594	0.024843	0.007333	-0.055818	0.031515	-0.005449	-0.050297	0.013164	-0.006454	0.062977	-0.054749	-0.056045	-0.009266	-0.041639	-0.050035	-0.043799	0.044928	-0.056773	-0.038975	-0.056543	-0.018076	-0.004001	-0.008718	0.008567	-0.027310	-0.053898	-0.026748	-0.035710	-0.033691	-0.019372	-0.029507	-0.032274	-0.016748	-0.040988	-0.038279	-0.026101	-0.030730	
-0.005838	0.071196	0.005204	0.045621	0.036687	-0.004060	-0.008315	-0.115084	-0.028749	-0.048041	-0.011384	0.041976	1.157177	0.055681	-0.015395	-0.020367	0.001477	-0.044551	0.004568	-0.194229	0.048120	-0.037100	-0.030854	-0.030256	0.016562	-0.084158	-0.058593	-0.038216	-0.040313	0.000952	-0.028725	-0.029643	-0.013350	0.012730	-0.072332	-0.019730	-0.027345	0.024976	-0.034210	-0.011602	0.017087	-0.005324	-0.005437	0.067552	-0.003241	-0.032500	-0.017701	0.031464	-0.024618	-0.015054	0.014935	0.054359	0.071310	-0.027820	-0.021804	-0.037349	-0.006962	0.017023	-0.023494	-0.051204	-0.008581	-0.044224	-0.000333	-0.053987	-0.038367	0.038101	-0.005245	-0.000563	-0.007437	-0.037507	0.023395	0.029044	-0.063900	0.012407	-0.034964	0.064465	-0.042678	-0.053118	-0.008600	-0.075551	0.012178	-0.045279	0.016137	-0.045886	-0.048580	0.002648	-0.046150	-0.048733	-0.026503	-0.038518	-0.022995	0.014805	-0.043893	0.012597	-0.054687	-0.035221	
-0.010645	-0.049784	0.001681	-0.055690	-0.074249	-0.052289	-0.047877	-0.107800	-0.007194	-0.012082	0.050296	-0.047051	0.055681	1.044296	-0.042053	-0.134914	0.016372	0.080769	-0.017282	0.205992	-0.071769	0.036908	-0.007054	-0.040720	0.032021	-0.039827	0.028857	0.082711	-0.040262	-0.066075	-0.006794	-0.025201	-0.012226	-0.064136	-0.020151	0.010561	-0.006336	0.027449	0.019779	-0.023299	-0.025917	0.014215	-0.002560	-0.014803	0.025699	0.056080	-0.024920	0.091858	0.008686	-0.025687	0.009182	-0.146370	-0.010957	0.028388	0.012752	-0.031576	-0.048397	0.036837	0.001047	-0.046907	-0.017663	-0.051809	0.047816	-0.030583	-0.031670	0.057825	-0.083514	-0.051930	-0.058982	-0.017650	0.045418	0.001427	0.042243	0.070749	0.002485	-0.052827	-0.013774	-0.042956	-0.029424	-0.037854	-0.030602	-0.014227	-0.003530	-0.016230	-0.015053	-0.007838	-0.050072	-0.062168	-0.042953	-0.023954	0.028494	-0.046513	-0.044432	-0.024712	-0.023208	0.019265	
-0.017529	-0.012494	-0.002919	-0.030899	-0.096300	0.007228	0.028398	-0.078444	0.017203	0.025889	-0.038826	-0.009889	-0.015395	-0.042053	0.831852	-0.100365	-0.029030	-0.057625	-0.045935	-0.144019	-0.021117	0.024570	-0.003208	0.012079	0.001229	-0.049271	0.002054	-0.019062	-0.015812	-0.022023	-0.006423	-0.013579	-0.011940	-0.042877	0.040215	-0.044580	0.005640	-0.056029	-0.040909	0.001159	-0.031486	0.006821	-0.058927	-0.064160	-0.004456	0.025895	-0.018748	-0.003355	0.000795	0.018966	-0.007224	-0.120747	-0.035463	-0.028527	-0.006200	-0.023852	-0.037811	-0.017736	-0.020180	0.022563	0.040170	0.018417	-0.034633	-0.001610	0.023343	-0.018900	-0.025045	-0.005183	-0.040664	-0.025166	-0.006776	-0.004491	-0.033988	-0.015873	-0.017507	-0.056836	-0.000257	0.019886	0.028081	0.023024	0.007179	0.024132	0.007762	-0.024248	-0.011183	-0.011006	0.021518	0.012795	-0.002466	0.029259	0.022277	0.008097	-0.012480	0.012966	0.012822	-0.013015	
0.290388	0.147713	0.267040	0.041206	0.146427	0.417640	0.444320	0.987985	-0.157424	-0.239401	-0.197998	0.303501	-0.020367	-0.134914	-0.100365	1.482908	0.005946	-0.347135	0.201446	-0.140600	-0.021148	-0.164708	0.039778	-0.152451	-0.105616	0.164237	-0.234657	-0.002826	-0.107374	0.015866	-0.215656	0.677158	-0.298850	0.093110	-0.242232	-0.100586	0.177843	-0.205393	0.975930	-0.104479	0.156662	-0.101739	0.344291	0.017118	-0.194011	-0.195023	-0.272479	-0.215845	-0.265870	-0.170934	-0.110529	0.980101	0.029308	-0.144405	-0.228504	0.034641	0.475885	-0.091377	-0.182425	-0.258726	0.706131	-0.231700	0.124082	0.678741	-0.172420	-0.355664	0.034963	-0.017463	0.236769	0.103296	-0.196564	-0.198271	0.135712	-0.128575	0.063389	0.489992	-0.222812	-0.244596	-0.269080	-0.241004	-0.224376	-0.230699	-0.260003	-0.238205	-0.145512	-0.274702	-0.251965	-0.240032	-0.220291	-0.269800	-0.258900	-0.246427	-0.208428	-0.238351	-0.167134	-0.208058	
-0.029543	0.051994	0.007935	0.067888	0.014424	-0.031063	0.002654	-0.118999	0.008052	-0.070666	0.015201	0.030151	0.001477	0.016372	-0.029030	0.005946	1.017938	-0.022702	-0.021082	0.229814	0.017765	0.011121	-0.018814	-0.019177	-0.036356	0.019669	-0.008817	-0.023484	-0.056903	0.015699	0.001322	0.027365	-0.033694	-0.008690	-0.051958	0.023656	0.014611	0.010274	-0.030000	-0.025963	-0.063340	-0.000399	0.036198	0.051267	-0.021370	0.048645	-0.032437	0.010067	-0.042477	-0.063095	-0.026773	0.109139	0.040696	0.040475	-0.048854	-0.007531	0.053198	-0.035164	-0.040006	-0.013673	-0.040491	-0.042262	0.030451	-0.032397	-0.038400	0.039316	0.032179	-0.057415	0.031420	-0.002774	0.019672	0.022973	0.024080	-0.026013	0.053299	0.016195	-0.048491	-0.029413	-0.070079	-0.032430	-0.039378	-0.017198	-0.030806	-0.071146	-0.060039	-0.029185	0.004370	-0.023281	-0.059276	-0.026642	-0.021293	-0.043384	-0.070020	-0.020476	-0.071258	-0.032897	
-0.031487	-0.033998	-0.011067	-0.045334	-0.023688	-0.119002	-0.083241	-0.220535	-0.083301	0.004043	0.061115	-0.112930	-0.044551	0.080769	-0.057625	-0.347135	-0.022702	1.492223	-0.089631	0.114709	-0.036589	0.007907	-0.070736	-0.034955	-0.062730	-0.059955	-0.036708	0.028373	0.037862	-0.038996	0.009965	-0.057304	0.137504	-0.080622	-0.055721	0.101148	-0.066237	0.035081	-0.060930	-0.034213	-0.065079	0.124112	-0.072128	0.023869	0.022722	0.077064	0.016236	0.069199	0.049572	-0.038395	-0.007362	-0.213297	-0.069106	0.073442	-0.028812	-0.037775	-0.090292	0.015174	-0.023034	-0.006585	-0.040145	-0.011520	0.010812	-0.115513	0.038753	0.059548	-0.122808	0.006921	-0.075103	0.028060	0.078229	0.042793	0.062464	0.103945	0.025495	-0.090923	0.073107	-0.043388	-0.066623	-0.012159	-0.001505	0.064152	-0.029512	0.020802	-0.073733	-0.019886	-0.078274	-0.001332	-0.026656	-0.023219	-0.000174	-0.011420	-0.033063	-0.073736	-0.081836	-0.048598	
0.046917	-0.024768	-0.031425	-0.008780	0.018200	-0.030642	-0.021517	0.062476	-0.003391	-0.028984	0.009356	-0.002062	0.004568	-0.017282	-0.045935	0.201446	-0.021082	-0.089631	0.914641	-0.074994	-0.059080	-0.035388	0.006988	-0.005746	-0.034318	0.055461	-0.045784	-0.026542	-0.012327	-0.044328	0.006581	0.015785	-0.006715	0.030578	-0.008262	-0.028852	0.021091	-0.056976	0.029313	0.006613	-0.012674	-0.022931	0.016364	0.011048	0.019412	-0.070659	-0.028819	-0.023239	0.007482	-0.044485	0.007434	0.110799	-0.007123	-0.025962	-0.038248	0.000697	0.000035	-0.003738	0.019966	-0.047432	0.024759	-0.039768	0.020343	0.001435	-0.035488	-0.016981	-0.006526	0.011776	0.010078	0.000906	-0.016415	-0.016691	0.030903	-0.026159	0.005803	0.002782	0.022460	-0.005076	-0.033851	-0.046668	-0.033310	-0.017181	-0.043589	-0.012799	-0.022958	0.016319	-0.003175	0.006519	-0.032530	-0.028433	0.021370	-0.050690	-0.037466	0.004375	-0.030185	-0.025602	
-0.139320	-0.104263	-0.089404	-0.112939	-0.003888	-0.157593	-0.134870	-0.083047	-0.097275	-0.053153	0.146424	-0.183843	-0.194229	0.205992	-0.144019	-0.140600	0.229814	0.114709	-0.074994	1.207919	-0.118799	-0.125287	0.068655	-0.079081	-0.004318	-0.115483	-0.054312	0.417164	-0.036260	-0.082712	-0.015182	0.237929	-0.112165	-0.076782	-0.046946	0.236141	0.030023	-0.120958	0.067561	-0.065208	0.013962	0.196142	0.132815	0.179597	-0.083606	0.162673	-0.180651	0.262328	0.058782	0.055271	0.028789	-0.244821	-0.060594	0.351257	-0.104452	-0.100273	-0.082463	0.088830	0.049996	-0.017008	-0.177930	-0.068253	0.268981	-0.127138	-0.054574	0.319185	-0.060509	-0.111183	-0.082029	-0.097579	0.259936	0.112052	0.297789	-0.124801	0.294717	-0.165741	-0.125831	-0.084476	-0.070430	-0.119896	-0.121674	-0.090063	-0.064150	-0.124995	-0.138828	-0.044426	-0.052274	-0.006686	0.000058	-0.057786	-0.054116	-0.041542	-0.008724	-0.114595	-0.132740	-0.092832	
-0.044764	0.036235	-0.046547	0.034826	-0.000724	-0.012038	0.037174	0.008816	-0.038836	0.016616	-0.014195	0.036032	0.048120	-0.071769	-0.021117	-0.021148	0.017765	-0.036589	-0.059080	-0.118799	1.092478	-0.037381	-0.003538	-0.020383	-0.048877	-0.030593	0.019634	-0.000916	-0.046466	0.007174	-0.052873	-0.008208	-0.027243	0.001796	-0.000833	-0.035284	-0.052208	0.020368	-0.038109	-0.012616	-0.036165	-0.054796	-0.005721	0.004939	-0.046479	-0.043708	-0.017858	-0.012134	-0.005980	-0.003394	-0.015750	0.149055	0.074036	-0.041986	-0.002747	-0.024785	0.031423	0.006896	-0.022130	0.006622	-0.048431	0.000928	-0.011901	-0.015260	-0.012893	-0.040040	0.039053	-0.046295	0.084655	0.009963	0.000554	0.049457	-0.017650	0.046549	-0.028418	0.022322	-0.021166	-0.023228	-0.055058	-0.017167	-0.033669	-0.021774	-0.030184	-0.033665	0.011506	-0.030191	-0.032391	-0.014462	-0.032210	-0.019269	0.002453	-0.044951	-0.040238	-0.018810	-0.020156	-0.057251	
-0.003998	-0.023301	-0.043155	0.000845	-0.073953	-0.004718	-0.018981	-0.056959	-0.003280	0.033332	-0.005540	-0.012618	-0.037100	0.036908	0.024570	-0.164708	0.011121	0.007907	-0.035388	-0.125287	-0.037381	0.838661	-0.000278	0.002521	0.037668	-0.041666	0.009272	-0.063782	-0.007243	-0.039856	0.001760	-0.022165	0.011765	-0.001381	-0.032410	-0.035214	-0.028286	0.034361	-0.011005	-0.024208	-0.046384	0.035941	-0.004655	-0.022405	0.005603	-0.000692	0.002780	-0.008233	0.029910	0.030619	0.012641	-0.044004	-0.080526	0.017512	0.011828	-0.033770	-0.015967	-0.052014	-0.021005	0.009928	-0.035523	0.003457	-0.009552	-0.029795	0.011883	0.012211	-0.011464	-0.016782	-0.013789	-0.002108	-0.032596	-0.013464	-0.007547	-0.010110	-0.026354	-0.069315	-0.030879	-0.000394	-0.046793	-0.024212	0.037494	0.020196	0.032026	-0.000909	-0.025182	0.006434	-0.015324	-0.010783	-0.011239	0.006162	-0.011970	0.015425	-0.010871	0.011239	0.010803	-0.011286	
-0.028810	0.043989	0.000097	0.029884	0.044445	0.020446	-0.039351	0.159864	-0.027041	-0.019280	-0.027029	-0.013466	-0.030854	-0.007054	-0.003208	0.039778	-0.018814	-0.070736	0.006988	0.068655	-0.003538	-0.000278	0.990851	-0.007216	-0.042752	0.069386	0.000590	-0.009951	-0.038967	-0.004566	-0.015157	0.096437	-0.000006	0.030933	-0.016257	-0.017456	-0.030492	-0.067264	0.027284	-0.017242	0.043109	-0.001078	0.046307	-0.000240	0.003425	-0.048359	-0.044743	-0.032684	-0.076523	0.012649	-0.030733	-0.028092	-0.010829	-0.016072	-0.011798	-0.027639	-0.006661	-0.009201	-0.047860	0.022185	-0.034745	-0.013488	-0.009939	0.023125	-0.026273	-0.019493	0.022933	-0.020831	0.031628	-0.021932	-0.072712	-0.007634	0.037621	-0.023271	0.058239	-0.030836	-0.009581	-0.051772	0.033769	-0.023336	-0.062682	-0.049799	-0.016795	-0.023423	-0.046198	-0.035719	-0.021146	-0.038053	-0.061428	-0.026894	-0.041763	-0.005119	-0.033676	-0.040329	-0.006217	-0.023228	
0.012749	-0.023215	0.001150	0.009048	-0.054404	-0.055681	-0.054188	-0.034463	-0.000775	0.039611	-0.031952	-0.022361	-0.030256	-0.040720	0.012079	-0.152451	-0.019177	-0.034955	-0.005746	-0.079081	-0.020383	0.002521	-0.007216	0.861874	0.011617	-0.017404	-0.001768	-0.040949	0.012057	-0.008203	-0.004654	0.016460	0.000424	-0.022340	-0.017213	-0.020027	-0.012934	0.008911	-0.030601	-0.014275	-0.017074	0.000367	0.009724	-0.021139	0.004512	-0.070812	0.001554	-0.060843	-0.027760	0.036622	0.036561	-0.116736	-0.064307	-0.022275	-0.040826	-0.017428	-0.035444	0.015302	0.004646	-0.004758	0.022703	0.036671	-0.012414	-0.010982	0.008045	-0.071500	-0.010279	-0.015953	-0.055464	0.011426	-0.043869	0.005953	0.007462	-0.009235	0.021254	-0.080318	-0.032025	0.035657	-0.007771	-0.026279	0.008155	-0.020321	0.001283	0.048449	0.020005	0.004468	0.020026	-0.034655	0.039013	0.023269	-0.019854	-0.015786	-0.027133	0.004229	-0.011134	-0.005735	
-0.031773	-0.056487	-0.037602	-0.032828	-0.014223	-0.054400	-0.011899	-0.055483	0.006906	-0.026349	0.004098	-0.031156	0.016562	0.032021	0.001229	-0.105616	-0.036356	-0.062730	-0.034318	-0.004318	-0.048877	0.037668	-0.042752	0.011617	0.968466	-0.018392	0.007122	-0.014299	0.023762	-0.020766	0.017417	-0.069034	-0.011753	0.057782	-0.031358	0.010012	-0.000407	0.003421	-0.038111	-0.009763	0.018470	-0.038749	-0.058197	-0.028067	0.003031	-0.042282	-0.011986	-0.089048	-0.004991	-0.014246	-0.019604	-0.126916	-0.044733	-0.021379	-0.028981	-0.000638	-0.102397	-0.029076	-0.007793	-0.002726	0.005802	-0.006857	-0.004429	-0.066379	0.013029	-0.053340	-0.033611	-0.011469	-0.040958	-0.016132	-0.024677	0.000338	-0.025635	0.005361	-0.002078	-0.039294	0.048134	0.032300	0.020100	-0.020571	-0.011553	0.009672	0.022683	-0.006871	-0.004446	-0.054223	0.018148	0.001877	-0.014519	0.030897	0.034746	0.072357	-0.001799	0.048111	0.029416	0.028555	
-0.032994	-0.000624	0.023231	-0.003901	0.149924	0.106248	-0.032144	0.137505	-0.025310	-0.062343	-0.030500	-0.018664	-0.084158	-0.039827	-0.049271	0.164237	0.019669	-0.059955	0.055461	-0.115483	-0.030593	-0.041666	0.069386	-0.017404	-0.018392	1.095517	-0.013856	0.022571	-0.005787	-0.026459	-0.024248	0.084028	-0.023457	0.102946	0.025437	0.047124	-0.009447	-0.022770	-0.007714	0.001782	0.030749	-0.033965	0.038803	-0.038469	-0.064505	-0.065993	0.057097	0.006907	-0.042132	-0.055014	-0.047380	0.102537	-0.014867	0.024395	0.006833	0.164463	-0.013060	-0.087303	-0.022199	-0.023928	0.013822	-0.045753	0.026068	0.029587	-0.042014	-0.022756	-0.024125	-0.021785	0.007463	-0.011063	-0.012350	0.009611	0.058815	-0.030919	-0.012362	0.032779	-0.067677	-0.044385	-0.102906	-0.059692	-0.055589	-0.057117	-0.042193	-0.094936	-0.034620	-0.034392	-0.073527	-0.034706	-0.032968	-0.017690	-0.031877	-0.040728	-0.022141	-0.023782	-0.026911	-0.091462	
-0.009744	-0.047192	-0.046359	-0.047109	-0.104390	-0.020565	0.006737	-0.098661	0.030556	0.034341	0.010963	-0.014241	-0.058593	0.028857	0.002054	-0.234657	-0.008817	-0.036708	-0.045784	-0.054312	0.019634	0.009272	0.000590	-0.001768	0.007122	-0.013856	0.895405	-0.043133	-0.024961	-0.053086	-0.031082	-0.042739	0.010491	0.028774	-0.009935	-0.059460	-0.007139	0.041300	-0.052868	-0.040826	-0.046335	0.001152	-0.056561	-0.061635	0.011272	-0.006291	0.020722	-0.019042	-0.005564	-0.006956	0.011490	-0.116407	-0.018290	-0.050143	0.006226	0.013886	-0.040162	0.031071	-0.016437	-0.020583	0.006053	-0.006741	-0.001420	-0.023901	0.024261	-0.062648	-0.068743	0.003630	-0.045849	0.008194	-0.018097	-0.023477	-0.043775	-0.046823	-0.060484	-0.100002	0.023400	0.004781	-0.004551	0.036668	0.005689	0.048389	0.039098	-0.002711	0.037220	0.020018	0.014220	-0.011747	0.021461	-0.002809	0.020073	-0.001159	0.004223	0.012681	0.048170	0.014967	
-0.019282	-0.040682	0.047400	-0.024912	0.007907	0.047930	-0.048043	0.037752	-0.014411	-0.042447	0.005274	-0.044255	-0.038216	0.082711	-0.019062	-0.002826	-0.023484	0.028373	-0.026542	0.417164	-0.000916	-0.063782	-0.009951	-0.040949	-0.014299	0.022571	-0.043133	1.068617	-0.016484	-0.014769	-0.063661	-0.012267	-0.074754	-0.006892	-0.011232	0.084726	0.026621	-0.042932	0.057176	-0.008894	0.002632	0.009422	0.028717	0.019191	-0.009961	-0.002043	-0.019775	0.040365	-0.044322	-0.007681	-0.057697	0.009568	0.002022	0.050671	0.010056	0.021009	0.068190	-0.034108	-0.001061	-0.053506	-0.014513	-0.041703	-0.000599	0.020349	-0.048515	0.060542	0.025132	0.021464	-0.013728	-0.033097	0.026424	0.025661	-0.017902	0.001512	0.003923	0.060328	-0.035662	-0.034264	-0.012917	-0.042093	-0.066204	-0.050595	-0.040099	-0.061964	-0.066729	-0.055857	-0.043046	-0.055640	-0.063310	-0.035751	-0.015038	0.007053	-0.040849	-0.052981	-0.050027	-0.026631	
0.003952	-0.034193	-0.035599	-0.036291	-0.013491	-0.015401	-0.020238	-0.052389	-0.025478	0.021443	-0.048700	-0.050458	-0.040313	-0.040262	-0.015812	-0.107374	-0.056903	0.037862	-0.012327	-0.036260	-0.046466	-0.007243	-0.038967	0.012057	0.023762	-0.005787	-0.024961	-0.016484	0.925258	-0.039758	-0.025974	-0.010797	-0.031047	-0.008996	0.000080	-0.064703	-0.030333	-0.034541	-0.081734	-0.031884	-0.012107	-0.025594	-0.008642	0.002007	-0.009610	-0.043199	-0.004183	-0.061452	-0.011835	-0.007722	-0.024523	-0.093418	-0.012043	-0.039262	0.034658	0.012647	-0.009127	-0.026975	0.031436	0.048680	-0.025208	0.035141	-0.050164	-0.026505	0.010529	-0.045271	-0.061763	-0.034148	-0.038642	0.006202	-0.028703	-0.040237	-0.023170	0.034218	0.022316	-0.064784	-0.000915	0.000495	0.017569	0.028656	0.017352	0.009130	0.023387	0.052103	0.049402	0.071340	-0.013670	0.042856	0.047328	-0.003970	0.021113	0.018490	-0.001748	-0.015632	0.038179	0.004404	
-0.030081	0.031703	-0.019895	0.048336	0.128077	0.012774	-0.002567	-0.017141	-0.020105	-0.024871	-0.036496	-0.026646	0.000952	-0.066075	-0.022023	0.015866	0.015699	-0.038996	-0.044328	-0.082712	0.007174	-0.039856	-0.004566	-0.008203	-0.020766	-0.026459	-0.053086	-0.014769	-0.039758	0.985963	-0.053549	0.032023	0.035952	-0.040868	-0.030641	-0.019154	0.002985	-0.064128	-0.024240	0.000984	0.015952	-0.027465	0.035302	0.023912	-0.029317	0.001494	0.013829	0.008337	-0.012597	0.003934	0.030318	0.118880	0.008573	-0.004959	-0.036273	-0.044250	-0.038842	-0.013033	0.017464	-0.020416	-0.043375	0.012990	0.010646	-0.049560	0.015045	-0.043424	0.075957	0.046496	0.104349	-0.012109	-0.005660	0.001468	0.001896	0.044627	0.028236	0.028407	-0.027174	-0.019994	-0.004449	-0.018656	-0.024182	-0.051268	-0.050571	-0.059380	-0.035680	-0.035707	-0.047604	-0.021715	-0.047470	-0.039956	-0.063735	-0.021828	-0.022507	-0.031802	-0.031137	-0.073406	
-0.024121	-0.042821	-0.019460	-0.008583	-0.051038	-0.020229	-0.032462	-0.026503	0.021208	-0.000219	-0.010387	-0.026638	-0.028725	-0.006794	-0.006423	-0.215656	0.001322	0.009965	0.006581	-0.015182	-0.052873	0.001760	-0.015157	-0.004654	0.017417	-0.024248	-0.031082	-0.063661	-0.025974	-0.053549	0.819918	-0.047187	0.033619	-0.008282	-0.009168	-0.035916	-0.039462	0.011473	0.009149	0.010679	-0.017659	-0.016970	-0.018514	-0.011425	-0.007618	-0.036419	-0.034489	-0.046799	-0.005338	0.032012	0.046976	-0.113760	-0.018972	-0.029257	0.014881	-0.042700	-0.056742	-0.016463	0.017138	0.044355	-0.060860	0.011378	-0.004658	-0.008437	-0.021006	-0.003150	-0.027363	-0.010204	-0.038609	0.034458	-0.018140	-0.035718	0.021528	-0.031147	-0.001659	0.004369	0.025218	0.013388	-0.016766	0.045443	-0.000117	0.106773	0.016067	-0.006670	-0.009541	-0.004912	0.017162	0.001449	-0.029033	0.009495	-0.025423	-0.002406	-0.023237	0.038322	-0.012919	0.000425	
0.017306	0.024908	0.001097	0.004819	0.087653	0.057255	0.012517	0.329299	-0.038340	-0.044319	-0.058692	0.056352	-0.029643	-0.025201	-0.013579	0.677158	0.027365	-0.057304	0.015785	0.237929	-0.008208	-0.022165	0.096437	0.016460	-0.069034	0.084028	-0.042739	-0.012267	-0.010797	0.032023	-0.047187	1.107232	-0.041285	0.011894	-0.019149	-0.060540	-0.005278	0.027893	0.070548	-0.018465	0.010671	-0.098245	0.119356	-0.007577	-0.028030	-0.083938	-0.037214	-0.013873	-0.041748	-0.020731	-0.034904	0.285704	0.005230	0.051450	-0.052442	-0.046097	0.016176	-0.028030	-0.025114	-0.039911	0.024436	-0.074436	0.011546	0.119018	-0.035618	-0.113795	0.042811	0.008618	-0.014656	-0.044807	-0.053943	-0.056467	0.086467	-0.026831	0.011488	0.030706	-0.079808	-0.034391	-0.068703	-0.050367	-0.075573	0.002346	-0.066369	-0.031605	-0.079865	-0.033195	-0.075947	-0.055171	-0.026649	-0.068772	-0.070074	-0.061135	-0.071263	-0.055921	-0.061615	-0.030049	
-0.022072	-0.032387	0.004199	-0.004540	-0.113987	-0.018919	-0.048570	-0.067733	-0.027047	0.010947	0.025601	0.024591	-0.013350	-0.012226	-0.011940	-0.298850	-0.033694	0.137504	-0.006715	-0.112165	-0.027243	0.011765	-0.000006	0.000424	-0.011753	-0.023457	0.010491	-0.074754	-0.031047	0.035952	0.033619	-0.041285	0.915685	0.018315	-0.022841	-0.055651	-0.010614	0.003531	-0.033181	-0.017521	-0.012844	-0.003091	-0.029810	0.012365	0.010442	0.031471	-0.007174	-0.014238	0.033563	0.045472	-0.014055	-0.110290	-0.041251	-0.044491	0.001549	-0.028724	-0.069224	0.027436	0.013201	0.012284	-0.004535	0.000820	-0.048374	-0.036516	0.003355	0.002858	-0.039074	-0.027969	0.013140	-0.023776	-0.066368	-0.006289	-0.035055	-0.015338	-0.027004	-0.043204	0.007212	-0.009472	-0.004733	0.036742	0.032102	-0.015941	0.006702	0.011434	-0.011418	0.009892	-0.021469	-0.006526	0.003587	-0.018676	-0.033072	-0.006141	-0.029939	0.015272	-0.009173	-0.012544	
-0.004353	-0.033056	-0.007281	0.018715	-0.015665	0.029021	-0.012530	0.001284	-0.019196	0.016946	-0.002006	0.002496	0.012730	-0.064136	-0.042877	0.093110	-0.008690	-0.080622	0.030578	-0.076782	0.001796	-0.001381	0.030933	-0.022340	0.057782	0.102946	0.028774	-0.006892	-0.008996	-0.040868	-0.008282	0.011894	0.018315	0.881542	-0.024905	0.027612	-0.038160	0.001525	-0.032584	0.015799	-0.014444	-0.002631	0.000385	-0.041364	-0.007311	-0.003531	-0.026052	-0.067650	-0.017840	-0.024807	-0.003212	0.003293	0.004159	0.004759	0.004613	0.033716	-0.021944	-0.032787	-0.029592	-0.009350	-0.041876	-0.025791	-0.018088	0.000567	-0.021727	-0.055496	-0.003102	-0.006362	0.049718	-0.009683	-0.009786	-0.035345	0.021465	-0.024427	-0.008789	-0.043379	-0.028482	-0.011509	-0.057447	-0.041608	-0.032844	-0.005217	-0.007013	-0.033286	-0.012993	-0.013696	-0.031585	-0.027708	-0.004705	-0.044349	-0.011242	0.021940	0.007538	-0.047289	-0.001671	-0.029093	
0.012662	-0.020398	-0.009756	-0.016196	-0.089717	-0.052492	0.024968	-0.089356	0.026469	-0.007393	-0.031070	-0.000417	-0.072332	-0.020151	0.040215	-0.242232	-0.051958	-0.055721	-0.008262	-0.046946	-0.000833	-0.032410	-0.016257	-0.017213	-0.031358	0.025437	-0.009935	-0.011232	0.000080	-0.030641	-0.009168	-0.019149	-0.022841	-0.024905	0.973137	-0.016144	0.002473	0.011065	-0.010082	-0.009455	-0.036259	-0.040285	-0.040940	0.011713	0.036213	-0.029580	-0.021681	-0.001212	0.006680	0.024565	-0.025622	-0.133453	-0.004303	-0.022114	-0.011198	-0.002579	0.011282	0.038828	0.010169	-0.027634	-0.040698	0.010357	-0.023205	-0.000904	0.044953	-0.030636	-0.061241	-0.019921	-0.074667	-0.018966	0.005048	-0.051979	-0.030539	-0.019267	-0.056444	-0.052947	-0.028153	-0.045711	0.052256	-0.017747	0.038171	0.032801	-0.009780	-0.015439	-0.019825	0.051560	0.018284	0.009336	0.004859	0.018150	0.011531	-0.037462	0.026176	-0.018262	-0.023258	0.008967	
-0.030878	-0.043309	0.013259	0.008226	0.012149	-0.018886	-0.037054	-0.105662	-0.048298	0.015040	0.015466	-0.009473	-0.019730	0.010561	-0.044580	-0.100586	0.023656	0.101148	-0.028852	0.236141	-0.035284	-0.035214	-0.017456	-0.020027	0.010012	0.047124	-0.059460	0.084726	-0.064703	-0.019154	-0.035916	-0.060540	-0.055651	0.027612	-0.016144	1.182021	0.050718	-0.035758	0.014604	-0.004854	-0.001545	0.013097	0.002374	0.026269	0.002721	0.049548	0.001242	-0.011597	-0.015371	-0.038871	0.022416	-0.062541	-0.042611	0.022803	-0.027665	-0.000264	-0.040742	-0.001585	-0.008917	-0.058057	-0.013024	0.027897	-0.005673	-0.028839	-0.071080	0.010847	-0.037705	0.003228	0.006367	-0.008261	-0.008472	0.003487	0.011979	-0.012150	0.006542	-0.043536	-0.033024	-0.021199	-0.036374	-0.045279	-0.046561	-0.030774	-0.040317	-0.020986	-0.036206	-0.040510	-0.039224	-0.023213	-0.033302	-0.030897	-0.022350	-0.009635	0.000850	-0.043751	0.013792	-0.013839	
0.001785	-0.022397	0.069427	-0.022621	-0.007103	0.044418	0.041193	0.051783	0.010456	-0.043027	-0.049634	-0.019198	-0.027345	-0.006336	0.005640	0.177843	0.014611	-0.066237	0.021091	0.030023	-0.052208	-0.028286	-0.030492	-0.012934	-0.000407	-0.009447	-0.007139	0.026621	-0.030333	0.002985	-0.039462	-0.005278	-0.010614	-0.038160	0.002473	0.050718	1.075495	-0.053752	0.033913	-0.001567	0.022492	0.006016	-0.033908	-0.019254	-0.031903	0.032266	-0.055063	0.014292	-0.010488	-0.012141	-0.028179	0.064286	0.003941	0.009809	-0.015141	-0.022044	0.123286	0.014590	-0.014582	-0.049723	-0.007607	-0.060042	0.013748	0.013179	-0.051739	-0.033397	-0.010219	-0.003213	-0.007481	-0.016263	-0.001508	-0.005709	-0.006711	-0.012834	0.044626	-0.008438	-0.027703	0.011607	-0.058637	-0.052072	-0.079043	-0.018483	-0.070652	-0.051174	-0.051712	0.000093	-0.061754	-0.011469	-0.041119	-0.049378	-0.048508	-0.033113	-0.009523	-0.025069	-0.030944	-0.041743	
-0.026612	-0.017670	-0.062141	-0.041146	-0.053739	-0.002458	-0.048363	-0.158520	0.030236	0.067253	-0.019052	0.037140	0.024976	0.027449	-0.056029	-0.205393	0.010274	0.035081	-0.056976	-0.120958	0.020368	0.034361	-0.067264	0.008911	0.003421	-0.022770	0.041300	-0.042932	-0.034541	-0.064128	0.011473	0.027893	0.003531	0.001525	0.011065	-0.035758	-0.053752	1.153618	-0.063376	-0.012069	-0.024364	-0.032229	-0.060933	-0.015811	-0.010989	-0.031726	-0.017687	0.009427	0.009150	-0.028296	-0.018127	-0.100663	-0.014323	-0.035641	-0.054551	-0.033535	-0.018442	-0.036519	0.002269	0.034945	-0.046865	0.021238	-0.050332	0.020889	-0.028323	-0.013630	-0.007224	-0.048873	-0.001951	-0.011410	-0.013791	0.016419	-0.000214	0.057435	-0.060383	-0.087666	-0.038961	-0.028745	-0.027861	0.032589	-0.023124	-0.028937	0.027597	-0.030805	0.041365	0.005668	-0.018733	-0.012817	0.004535	0.033804	-0.036768	-0.047178	-0.033317	0.109676	-0.003006	-0.024709	
0.059637	0.054264	0.095131	-0.016079	0.007437	0.090656	0.074157	0.398532	-0.041660	-0.085684	-0.014074	0.057597	-0.034210	0.019779	-0.040909	0.975930	-0.030000	-0.060930	0.029313	0.067561	-0.038109	-0.011005	0.027284	-0.030601	-0.038111	-0.007714	-0.052868	0.057176	-0.081734	-0.024240	0.009149	0.070548	-0.033181	-0.032584	-0.010082	0.014604	0.033913	-0.063376	1.081287	-0.027999	0.001507	-0.045223	0.034406	-0.024982	-0.005117	-0.063163	-0.063540	-0.022292	-0.038229	-0.064277	-0.029156	0.356422	-0.009803	-0.021541	-0.006850	-0.008266	0.117894	-0.072854	-0.023537	-0.080339	0.113946	-0.048657	-0.034315	0.120595	-0.044816	-0.000002	-0.006624	0.017011	-0.000599	-0.034210	-0.037959	-0.021857	0.036741	-0.015789	0.013385	0.141378	-0.047182	-0.019064	-0.048230	-0.064977	-0.069962	-0.092362	-0.037772	-0.038771	-0.044495	-0.090332	-0.035314	-0.091594	-0.100315	-0.085654	-0.071729	-0.039359	-0.075890	-0.033571	-0.076936	-0.030147	
0.011828	-0.003104	-0.002610	0.003311	0.074922	0.054799	-0.001270	-0.022268	0.000557	0.030134	0.012651	-0.022649	-0.011602	-0.023299	0.001159	-0.104479	-0.025963	-0.034213	0.006613	-0.065208	-0.012616	-0.024208	-0.017242	-0.014275	-0.009763	0.001782	-0.040826	-0.008894	-0.031884	0.000984	0.010679	-0.018465	-0.017521	0.015799	-0.009455	-0.004854	-0.001567	-0.012069	-0.027999	0.863918	0.001810	-0.043928	-0.047672	-0.020271	-0.019156	-0.047085	-0.037389	0.006743	-0.021259	-0.023202	-0.005578	0.027735	-0.021141	-0.013235	0.004209	-0.001790	-0.041959	-0.037918	0.042237	-0.014221	-0.028557	0.008730	0.019449	-0.017173	-0.011868	-0.048849	0.009588	0.016343	-0.003733	-0.001910	-0.005084	0.024266	-0.007213	0.046388	-0.046435	-0.001167	-0.026765	-0.031960	-0.031003	-0.034799	-0.028693	0.008391	-0.023836	-0.011926	-0.006748	-0.028228	-0.019620	-0.015278	0.008755	-0.004297	0.003695	-0.049231	0.002121	0.006744	-0.048948	-0.039153	
-0.025951	-0.015778	0.018545	-0.035579	-0.006358	-0.010706	-0.019782	0.122831	0.005349	-0.068614	-0.022815	-0.038515	0.017087	-0.025917	-0.031486	0.156662	-0.063340	-0.065079	-0.012674	0.013962	-0.036165	-0.046384	0.043109	-0.017074	0.018470	0.030749	-0.046335	0.002632	-0.012107	0.015952	-0.017659	0.010671	-0.012844	-0.014444	-0.036259	-0.001545	0.022492	-0.024364	0.001507	0.001810	1.030419	-0.056009	-0.025160	0.035725	0.006632	-0.011858	-0.003117	-0.050365	-0.020122	0.002429	-0.029679	0.103529	-0.017217	-0.016731	-0.018362	-0.026507	-0.007417	0.042582	-0.003643	0.002121	-0.008894	-0.051978	0.021022	-0.001616	-0.038459	-0.056387	0.042915	0.003346	-0.057185	-0.018606	-0.006925	-0.003281	0.006140	-0.038460	0.016439	0.045784	-0.035800	0.002535	0.023078	0.005849	-0.021959	-0.019643	0.015716	-0.024647	-0.023381	-0.020117	-0.050496	0.005271	-0.034106	-0.051544	-0.010445	-0.023143	-0.041947	-0.044500	-0.025332	0.014143	
0.008839	-0.024199	-0.037003	-0.025024	-0.072912	0.008990	-0.024051	-0.119321	-0.035615	-0.057765	0.013916	-0.049252	-0.005324	0.014215	0.006821	-0.101739	-0.000399	0.124112	-0.022931	0.196142	-0.054796	0.035941	-0.001078	0.000367	-0.038749	-0.033965	0.001152	0.009422	-0.025594	-0.027465	-0.016970	-0.098245	-0.003091	-0.002631	-0.040285	0.013097	0.006016	-0.032229	-0.045223	-0.043928	-0.056009	0.977511	0.003986	0.021845	0.033111	0.074073	-0.027533	0.017753	-0.003671	-0.010591	0.027072	-0.103185	0.001508	0.037558	-0.027768	0.008152	-0.016813	-0.013687	0.002765	-0.038725	0.000412	-0.009041	0.050365	-0.014954	0.022035	0.103886	-0.049623	-0.011390	0.020812	-0.049655	0.030446	0.017452	-0.002791	-0.019634	-0.035612	-0.065774	-0.000524	-0.026783	-0.012401	-0.026141	0.000597	-0.051169	-0.033105	-0.017842	-0.018816	-0.032985	-0.005925	-0.022966	-0.023494	0.051038	-0.042790	-0.029872	0.028808	-0.042492	-0.049412	0.011618	
-0.006140	-0.037094	0.055439	-0.001288	0.029445	-0.005711	-0.001362	0.085639	-0.056050	-0.048571	-0.009417	-0.010217	-0.005437	-0.002560	-0.058927	0.344291	0.036198	-0.072128	0.016364	0.132815	-0.005721	-0.004655	0.046307	0.009724	-0.058197	0.038803	-0.056561	0.028717	-0.008642	0.035302	-0.018514	0.119356	-0.029810	0.000385	-0.040940	0.002374	-0.033908	-0.060933	0.034406	-0.047672	-0.025160	0.003986	1.104315	0.021630	-0.074104	-0.018071	-0.031087	0.001586	-0.033153	-0.033584	-0.005890	0.050615	0.005229	0.005296	-0.053669	0.010692	0.001303	-0.018418	-0.033722	-0.038074	-0.015072	-0.073468	0.043283	0.001197	-0.031607	-0.002361	0.038933	-0.019808	-0.000738	0.027553	-0.021315	-0.024675	0.098521	-0.048366	0.077641	0.001092	-0.048498	-0.014169	-0.073391	-0.068492	-0.026525	-0.040941	-0.015224	-0.038772	-0.036174	-0.055838	-0.041960	-0.071387	-0.032701	-0.013269	-0.026224	-0.007815	-0.003119	-0.060511	-0.039434	-0.082232	
