0.000000	0.186111	0.191672	0.189353	0.245575	0.199118	0.181488	0.271186	0.169730	0.176755	0.194598	0.165655	0.205634	0.199390	0.180774	0.252747	0.203317	0.221014	0.178659	0.309735	0.204007	0.176796	0.197433	0.177253	0.195965	0.209131	0.185862	0.205335	0.183624	0.192471	0.188406	0.194062	0.185835	0.190741	0.182295	0.215040	0.192471	0.196804	0.198441	0.177331	0.190840	0.189320	0.202208	0.203192	0.168010	0.214806	0.191772	0.207317	0.184242	0.181212	0.191114	0.216319	0.198856	0.205505	0.190854	0.202854	0.210206	0.203030	0.180825	0.193803	0.178398	0.195181	0.201461	0.193333	0.195493	0.230254	0.210754	0.189519	0.208361	0.190103	0.212325	0.195018	0.206707	0.205882	0.204848	0.201595	0.196721	0.173077	0.203277	0.198302	0.177146	0.193568	0.189927	0.196245	0.179626	0.187085	0.186441	0.188292	0.196731	0.190821	0.180606	0.182588	0.188292	0.195402	0.208106	0.188714	
0.186111	0.000000	0.201113	0.175499	0.221954	0.200429	0.191197	0.276952	0.186897	0.203716	0.196379	0.182507	0.196486	0.215128	0.190247	0.319728	0.186275	0.250000	0.205841	0.333333	0.183829	0.199167	0.185160	0.203997	0.195043	0.207563	0.202356	0.218003	0.208618	0.186639	0.202610	0.198020	0.207899	0.203497	0.200442	0.223088	0.209511	0.210019	0.204564	0.192946	0.200436	0.209689	0.217011	0.193728	0.179632	0.217781	0.195714	0.209431	0.207443	0.190214	0.196959	0.150905	0.155111	0.203883	0.192788	0.199722	0.210481	0.216552	0.200690	0.205517	0.208966	0.207534	0.215470	0.198068	0.209286	0.246201	0.189020	0.207443	0.198071	0.198494	0.221607	0.191431	0.211953	0.212903	0.228866	0.163215	0.204264	0.200546	0.219462	0.222299	0.206731	0.205376	0.217481	0.216495	0.200274	0.222222	0.200412	0.208791	0.200825	0.207275	0.201098	0.215808	0.194938	0.211975	0.230928	0.209766	
0.191672	0.201113	0.000000	0.207524	0.238411	0.204918	0.193099	0.231293	0.197044	0.199515	0.197667	0.194039	0.213627	0.209884	0.190909	0.226744	0.200983	0.213504	0.208308	0.293023	0.210110	0.202934	0.195719	0.201701	0.203291	0.214864	0.206960	0.195774	0.215190	0.206079	0.202662	0.221657	0.199351	0.198885	0.204694	0.213084	0.192961	0.225126	0.200849	0.197561	0.203551	0.211456	0.204828	0.209588	0.197139	0.213504	0.196474	0.222290	0.201818	0.195876	0.205847	0.213208	0.202290	0.216993	0.202076	0.225666	0.200000	0.217233	0.202916	0.208964	0.205455	0.210495	0.204629	0.186780	0.219245	0.246980	0.212121	0.216677	0.218978	0.201330	0.227578	0.196721	0.211009	0.222222	0.228952	0.213150	0.218845	0.195783	0.224924	0.215282	0.201330	0.210942	0.209218	0.218921	0.206273	0.211864	0.210654	0.214502	0.209570	0.210781	0.204848	0.207627	0.198792	0.208838	0.229836	0.217629	
0.189353	0.175499	0.207524	0.000000	0.218478	0.194497	0.195444	0.271667	0.195864	0.191477	0.191141	0.187011	0.200140	0.214976	0.193529	0.274194	0.181984	0.228417	0.190217	0.278761	0.191079	0.186626	0.181488	0.185474	0.190249	0.206846	0.201330	0.203931	0.202147	0.178271	0.192951	0.210489	0.192655	0.183824	0.195709	0.205900	0.204928	0.212552	0.224719	0.186747	0.202643	0.199638	0.203830	0.194039	0.183661	0.220818	0.191463	0.205190	0.200240	0.198198	0.180832	0.203297	0.181132	0.194797	0.194444	0.202454	0.208742	0.220420	0.182091	0.202288	0.209386	0.207164	0.202288	0.201802	0.211225	0.238985	0.190476	0.187349	0.193443	0.191045	0.224773	0.190734	0.208585	0.195896	0.209358	0.201723	0.210210	0.191185	0.217548	0.218619	0.196525	0.204450	0.210811	0.208283	0.191159	0.202751	0.194961	0.201555	0.198679	0.184542	0.206111	0.207660	0.200597	0.207558	0.215357	0.203604	
0.245575	0.221954	0.238411	0.218478	0.000000	0.213483	0.221739	0.225064	0.257778	0.246220	0.248071	0.232609	0.250316	0.271131	0.241081	0.320261	0.244493	0.311615	0.228729	0.385185	0.253025	0.248062	0.226269	0.246171	0.227348	0.218629	0.266520	0.248053	0.246486	0.214677	0.246220	0.255875	0.250927	0.236080	0.255448	0.247758	0.240000	0.279032	0.261364	0.219058	0.230331	0.247277	0.240291	0.245077	0.250000	0.253568	0.270492	0.259825	0.262987	0.254367	0.248087	0.209677	0.219842	0.248913	0.217724	0.220866	0.248991	0.272035	0.232026	0.240964	0.253275	0.266811	0.245077	0.230098	0.284934	0.329384	0.210352	0.227322	0.210024	0.252165	0.254945	0.223799	0.247546	0.259472	0.267391	0.209877	0.269357	0.238403	0.269063	0.275900	0.261105	0.271538	0.276087	0.283224	0.267316	0.257297	0.253247	0.250542	0.269772	0.249187	0.250000	0.277657	0.245385	0.269063	0.275299	0.273420	
0.199118	0.200429	0.204918	0.194497	0.213483	0.000000	0.206488	0.235702	0.192649	0.223265	0.229114	0.208647	0.233138	0.227816	0.199875	0.229508	0.220952	0.271719	0.215995	0.348214	0.207784	0.204560	0.203902	0.214018	0.215278	0.195455	0.211321	0.205769	0.211443	0.203008	0.211347	0.205621	0.208643	0.195791	0.210847	0.230032	0.205385	0.209201	0.204924	0.191075	0.206172	0.209404	0.221826	0.205957	0.205769	0.233040	0.216057	0.230479	0.222292	0.210757	0.210790	0.196970	0.223244	0.215006	0.202771	0.206897	0.222482	0.237320	0.209768	0.225361	0.197112	0.229763	0.212539	0.190983	0.222642	0.259104	0.220382	0.206030	0.216884	0.196885	0.239117	0.209011	0.224323	0.221073	0.217364	0.201342	0.224796	0.211670	0.230288	0.219650	0.212594	0.217064	0.215221	0.220836	0.216283	0.220836	0.216604	0.223331	0.211970	0.214732	0.220763	0.219863	0.208593	0.217989	0.229375	0.218182	
0.181488	0.191197	0.193099	0.195444	0.221739	0.206488	0.000000	0.232558	0.195864	0.194844	0.210686	0.182802	0.217239	0.216657	0.179149	0.258065	0.196841	0.250909	0.199879	0.312217	0.193373	0.193939	0.203748	0.206359	0.196955	0.216000	0.194813	0.217178	0.206198	0.197115	0.200359	0.215054	0.204780	0.192897	0.179104	0.226183	0.194478	0.220736	0.203366	0.188782	0.204403	0.203012	0.212534	0.201216	0.183159	0.215745	0.197871	0.217129	0.202395	0.192930	0.200000	0.199634	0.200879	0.199032	0.186482	0.212140	0.195783	0.204327	0.194478	0.203369	0.185586	0.215394	0.204928	0.193161	0.211446	0.245684	0.201100	0.194696	0.210768	0.200957	0.233837	0.204450	0.210876	0.216905	0.221823	0.208034	0.208884	0.197141	0.224625	0.217287	0.197848	0.214200	0.206235	0.215569	0.202147	0.202274	0.200839	0.207164	0.200839	0.204790	0.203116	0.210306	0.205021	0.211031	0.220491	0.205529	
0.271186	0.276952	0.231293	0.271667	0.225064	0.235702	0.232558	0.000000	0.295726	0.280788	0.291457	0.240464	0.331450	0.300336	0.279534	0.136646	0.306667	0.411215	0.258883	0.394161	0.288625	0.274443	0.247492	0.291874	0.272523	0.259887	0.298658	0.257095	0.268092	0.265781	0.277592	0.229907	0.282051	0.265517	0.279441	0.297114	0.255390	0.323204	0.222441	0.263682	0.231183	0.305000	0.277467	0.277592	0.276042	0.301325	0.296226	0.310403	0.279070	0.281457	0.283082	0.204461	0.275132	0.266442	0.288625	0.275578	0.253759	0.279264	0.259197	0.290970	0.246206	0.284072	0.285714	0.210963	0.295302	0.379538	0.306759	0.249584	0.262477	0.278418	0.290970	0.277592	0.242881	0.280488	0.297162	0.246679	0.295302	0.289256	0.308848	0.305648	0.287375	0.297521	0.289298	0.277961	0.290429	0.290909	0.296849	0.297209	0.276206	0.305000	0.280066	0.299669	0.272727	0.276033	0.293046	0.289735	
0.169730	0.186897	0.197044	0.195864	0.257778	0.192649	0.195864	0.295726	0.000000	0.170628	0.197910	0.177547	0.211278	0.197795	0.168287	0.335329	0.196792	0.212727	0.185049	0.260870	0.199145	0.172520	0.190942	0.172561	0.168297	0.202663	0.172287	0.204729	0.187651	0.192800	0.168491	0.206442	0.184021	0.181988	0.173177	0.214241	0.191087	0.181513	0.205548	0.177153	0.181354	0.191932	0.214434	0.200617	0.160948	0.202192	0.180214	0.189718	0.176614	0.172141	0.182263	0.225564	0.192994	0.197417	0.168608	0.192045	0.214231	0.200732	0.181818	0.184484	0.190854	0.180606	0.201100	0.194157	0.181151	0.213049	0.202213	0.194258	0.211881	0.175758	0.209430	0.185479	0.205034	0.207202	0.208637	0.202772	0.182927	0.167271	0.195493	0.185140	0.171828	0.177115	0.179659	0.181265	0.175758	0.181432	0.177724	0.177077	0.177616	0.181928	0.171637	0.187234	0.178290	0.175396	0.195137	0.174603	
0.176755	0.203716	0.199515	0.191477	0.246220	0.223265	0.194844	0.280788	0.170628	0.000000	0.179612	0.194111	0.215686	0.195770	0.159976	0.344086	0.205721	0.182482	0.191657	0.237885	0.183735	0.166667	0.185342	0.162065	0.181125	0.215686	0.167976	0.209588	0.173628	0.190619	0.177951	0.212230	0.176585	0.180147	0.175439	0.197166	0.203848	0.166667	0.224319	0.172810	0.205402	0.197590	0.201094	0.206939	0.166667	0.211666	0.180905	0.210876	0.169369	0.171772	0.183575	0.262774	0.205790	0.198788	0.173019	0.193252	0.231698	0.200842	0.175375	0.177215	0.197954	0.162582	0.202051	0.195678	0.178033	0.215608	0.210398	0.194813	0.219448	0.168163	0.209921	0.186522	0.211259	0.201995	0.221489	0.225090	0.185921	0.156734	0.187726	0.176188	0.170863	0.174096	0.167668	0.169970	0.172537	0.177139	0.168769	0.171053	0.169664	0.166767	0.176153	0.179257	0.170455	0.174775	0.186938	0.175586	
0.194598	0.196379	0.197667	0.191141	0.248071	0.229114	0.210686	0.291457	0.197910	0.179612	0.000000	0.196222	0.215046	0.181319	0.189812	0.357143	0.199385	0.206960	0.190098	0.209821	0.203297	0.183774	0.195719	0.195255	0.178468	0.216236	0.186544	0.198507	0.203380	0.202925	0.194293	0.231105	0.185621	0.191806	0.200000	0.207112	0.210110	0.215620	0.224591	0.182540	0.202161	0.186316	0.212751	0.207257	0.177750	0.202916	0.197460	0.205613	0.191864	0.182260	0.182540	0.250000	0.204965	0.187002	0.190098	0.211538	0.223835	0.194275	0.184531	0.193902	0.207903	0.197583	0.206223	0.197816	0.196341	0.212651	0.219195	0.209501	0.225914	0.196126	0.189602	0.179659	0.203794	0.210460	0.206436	0.225689	0.198056	0.180229	0.200243	0.203771	0.188599	0.202069	0.193921	0.205579	0.202051	0.194915	0.193803	0.196126	0.193685	0.188107	0.191141	0.205579	0.194310	0.199029	0.212856	0.194039	
0.165655	0.182507	0.194039	0.187011	0.232609	0.208647	0.182802	0.240464	0.177547	0.194111	0.196222	0.000000	0.201687	0.216233	0.186675	0.256684	0.196951	0.257299	0.197217	0.345291	0.189124	0.187195	0.192844	0.193976	0.187977	0.210680	0.196126	0.215252	0.205496	0.200844	0.193277	0.197549	0.188716	0.190681	0.182410	0.212346	0.202051	0.198821	0.205903	0.194075	0.204403	0.211829	0.208077	0.201220	0.185459	0.218335	0.202014	0.214631	0.194344	0.188327	0.188029	0.173042	0.195460	0.213115	0.197942	0.205286	0.201058	0.205422	0.200241	0.196138	0.198193	0.196290	0.216053	0.188929	0.202662	0.258367	0.202454	0.199879	0.196182	0.208508	0.230955	0.198193	0.215282	0.216822	0.224428	0.194544	0.209765	0.191527	0.217601	0.202410	0.187762	0.206397	0.193257	0.206731	0.202751	0.200839	0.200120	0.201917	0.193510	0.193393	0.197598	0.200000	0.202994	0.201443	0.210811	0.201084	
0.205634	0.196486	0.213627	0.200140	0.250316	0.233138	0.217239	0.331450	0.211278	0.215686	0.215046	0.201687	0.000000	0.209040	0.211781	0.341463	0.210564	0.250000	0.212421	0.322275	0.207627	0.209402	0.219391	0.216350	0.183921	0.253219	0.220339	0.234409	0.226166	0.209155	0.216292	0.235589	0.206147	0.200428	0.221045	0.242227	0.229958	0.209552	0.243464	0.208039	0.214128	0.218310	0.228340	0.202703	0.194224	0.233193	0.212766	0.217361	0.219803	0.213138	0.208598	0.224622	0.201923	0.223404	0.207600	0.232425	0.234579	0.215590	0.209859	0.222065	0.226375	0.221060	0.219495	0.228992	0.222065	0.256489	0.224373	0.220578	0.236068	0.216935	0.231638	0.208421	0.242766	0.228426	0.237561	0.205983	0.218552	0.205164	0.232444	0.234715	0.201117	0.231853	0.203092	0.227528	0.219972	0.212736	0.216292	0.222689	0.210822	0.216292	0.213633	0.215933	0.223933	0.214185	0.230554	0.219649	
0.199390	0.215128	0.209884	0.214976	0.271131	0.227816	0.216657	0.300336	0.197795	0.195770	0.181319	0.216233	0.209040	0.000000	0.199638	0.360656	0.204044	0.202532	0.203040	0.180617	0.226667	0.182875	0.203410	0.207855	0.190751	0.229075	0.195745	0.194187	0.210084	0.217444	0.192887	0.225923	0.204398	0.211207	0.202350	0.214020	0.208838	0.203673	0.219323	0.203636	0.212429	0.190418	0.214973	0.215422	0.176361	0.196245	0.206700	0.194310	0.203983	0.196860	0.197089	0.287054	0.213021	0.192566	0.191606	0.215432	0.239329	0.207502	0.195402	0.210303	0.216102	0.210463	0.194663	0.214372	0.206667	0.213158	0.235077	0.214545	0.241083	0.205174	0.205954	0.197456	0.200243	0.208647	0.216657	0.231541	0.205687	0.191362	0.215236	0.215106	0.195783	0.203390	0.196979	0.209415	0.202281	0.198675	0.203983	0.216606	0.207251	0.197948	0.187802	0.211098	0.203492	0.202173	0.216526	0.193841	
0.180774	0.190247	0.190909	0.193529	0.241081	0.199875	0.179149	0.279534	0.168287	0.159976	0.189812	0.186675	0.211781	0.199638	0.000000	0.333333	0.195745	0.202899	0.194093	0.264317	0.189157	0.166464	0.180060	0.171959	0.172053	0.207122	0.172101	0.197917	0.183819	0.195796	0.172744	0.205312	0.175065	0.189982	0.166126	0.208974	0.192308	0.201342	0.218881	0.177002	0.197864	0.184717	0.209843	0.210207	0.165746	0.195312	0.181078	0.200121	0.172062	0.165567	0.176506	0.248629	0.204274	0.192494	0.176932	0.196450	0.217031	0.196761	0.178271	0.175692	0.188101	0.174821	0.200120	0.192446	0.177711	0.225033	0.207339	0.187613	0.213255	0.183771	0.205669	0.185474	0.203625	0.202359	0.213901	0.217609	0.182583	0.161406	0.175165	0.173965	0.168862	0.171274	0.173965	0.186451	0.176611	0.174043	0.162874	0.174821	0.174356	0.164170	0.162275	0.175134	0.174537	0.172765	0.186603	0.178271	
0.252747	0.319728	0.226744	0.274194	0.320261	0.229508	0.258065	0.136646	0.335329	0.344086	0.357143	0.256684	0.341463	0.360656	0.333333	0.000000	0.313514	0.465347	0.262295	0.378378	0.318182	0.335294	0.309392	0.335165	0.304054	0.288235	0.347826	0.294118	0.301075	0.301075	0.342246	0.196629	0.387387	0.302326	0.336207	0.331522	0.262295	0.407407	0.129412	0.311828	0.273885	0.320652	0.270968	0.308108	0.348101	0.353261	0.375940	0.368984	0.355191	0.320652	0.312849	0.220690	0.327485	0.331461	0.350000	0.295082	0.271186	0.322404	0.326087	0.352273	0.220994	0.344086	0.254054	0.202186	0.331461	0.430380	0.341615	0.266304	0.248322	0.278075	0.358696	0.377049	0.301136	0.327778	0.310160	0.254438	0.335135	0.342246	0.364130	0.338710	0.331551	0.338710	0.352941	0.336898	0.360215	0.367568	0.349462	0.352941	0.331551	0.363636	0.358289	0.345946	0.327957	0.349462	0.376344	0.345946	
0.203317	0.186275	0.200983	0.181984	0.244493	0.220952	0.196841	0.306667	0.196792	0.205721	0.199385	0.196951	0.210564	0.204044	0.195745	0.313514	0.000000	0.223230	0.205018	0.208145	0.203670	0.188424	0.201104	0.196711	0.189638	0.209524	0.197546	0.212951	0.214891	0.195971	0.193078	0.211063	0.204977	0.199005	0.210283	0.207735	0.202810	0.209362	0.229241	0.196691	0.216921	0.204281	0.202637	0.182994	0.188785	0.200732	0.204459	0.206242	0.204629	0.212325	0.200368	0.226766	0.189776	0.191149	0.201958	0.210592	0.200917	0.220463	0.203895	0.198534	0.215375	0.210781	0.194258	0.215328	0.210623	0.221167	0.197638	0.217870	0.208250	0.196841	0.216299	0.195122	0.198160	0.216488	0.210207	0.206074	0.210847	0.193470	0.229878	0.217550	0.205829	0.206707	0.212805	0.220937	0.211131	0.207650	0.194766	0.205455	0.214373	0.200000	0.200608	0.216413	0.220000	0.205471	0.234185	0.211104	
0.221014	0.250000	0.213504	0.228417	0.311615	0.271719	0.250909	0.411215	0.212727	0.182482	0.206960	0.257299	0.250000	0.202532	0.202899	0.465347	0.223230	0.000000	0.242202	0.207547	0.216912	0.188991	0.233151	0.192727	0.218837	0.243243	0.210811	0.233456	0.215827	0.235727	0.208711	0.262931	0.185259	0.231481	0.204819	0.209472	0.253623	0.184466	0.258333	0.206960	0.227451	0.189781	0.250996	0.209472	0.181308	0.178506	0.204239	0.206897	0.196364	0.205455	0.211573	0.376238	0.261036	0.196660	0.211111	0.250929	0.270510	0.207650	0.200000	0.207650	0.243636	0.215440	0.192308	0.261029	0.203971	0.197080	0.257944	0.232176	0.260000	0.206148	0.209945	0.193784	0.204082	0.217069	0.241818	0.290650	0.182482	0.188406	0.230909	0.204007	0.190217	0.192727	0.202186	0.214156	0.216998	0.197842	0.215190	0.223022	0.223230	0.187726	0.191336	0.202166	0.212341	0.214414	0.235081	0.205036	
0.178659	0.205841	0.208308	0.190217	0.228729	0.215995	0.199879	0.258883	0.185049	0.191657	0.190098	0.197217	0.212421	0.203040	0.194093	0.262295	0.205018	0.242202	0.000000	0.248848	0.214199	0.193884	0.190621	0.193353	0.191900	0.187225	0.201338	0.210624	0.192677	0.200847	0.191451	0.207642	0.190785	0.184843	0.190104	0.216501	0.199153	0.213087	0.200000	0.185680	0.196474	0.193568	0.202610	0.201593	0.170581	0.228017	0.197995	0.209599	0.193470	0.203267	0.186173	0.203008	0.202660	0.205488	0.200486	0.205065	0.218085	0.206771	0.181654	0.204973	0.196364	0.199158	0.197576	0.192145	0.201579	0.223841	0.211692	0.188828	0.214570	0.189271	0.214851	0.195521	0.198297	0.218261	0.209541	0.212428	0.194075	0.185851	0.208711	0.209316	0.199638	0.199153	0.202057	0.204943	0.193161	0.190849	0.190937	0.191937	0.197098	0.190103	0.185611	0.206522	0.202890	0.194931	0.211829	0.200485	
0.309735	0.333333	0.293023	0.278761	0.385185	0.348214	0.312217	0.394161	0.260870	0.237885	0.209821	0.345291	0.322275	0.180617	0.264317	0.378378	0.208145	0.207547	0.248848	0.000000	0.309735	0.259434	0.243363	0.244444	0.234375	0.314721	0.235556	0.187215	0.223684	0.263393	0.228700	0.297980	0.252427	0.305556	0.276836	0.200000	0.250000	0.278146	0.295918	0.258772	0.246445	0.191964	0.275510	0.217195	0.222727	0.200000	0.302198	0.207207	0.204444	0.212389	0.199115	0.437086	0.279279	0.159292	0.248869	0.283784	0.367647	0.223214	0.209091	0.217593	0.350000	0.210526	0.173333	0.312775	0.216216	0.156250	0.331731	0.278027	0.331633	0.237885	0.191111	0.200000	0.212389	0.268182	0.181416	0.376190	0.248889	0.250000	0.230088	0.244444	0.237885	0.256637	0.235808	0.244444	0.253333	0.231111	0.232456	0.246696	0.224670	0.232143	0.220264	0.225664	0.216814	0.245536	0.244444	0.248889	
0.204007	0.183829	0.210110	0.191079	0.253025	0.207784	0.193373	0.288625	0.199145	0.183735	0.203297	0.189124	0.207627	0.226667	0.189157	0.318182	0.203670	0.216912	0.214199	0.309735	0.000000	0.201711	0.192471	0.199275	0.205769	0.215959	0.186780	0.203704	0.206235	0.204230	0.202646	0.219565	0.197147	0.187808	0.184825	0.221398	0.214372	0.193495	0.222849	0.193333	0.203518	0.210526	0.211975	0.202810	0.190123	0.225982	0.197500	0.215366	0.199759	0.188520	0.200728	0.215094	0.186473	0.213764	0.190765	0.213317	0.208207	0.213422	0.194562	0.191889	0.214976	0.198560	0.214416	0.196622	0.204973	0.242424	0.204308	0.211515	0.197507	0.190619	0.219794	0.186707	0.220803	0.197377	0.225709	0.208483	0.203748	0.191732	0.219203	0.204710	0.199880	0.203267	0.200483	0.208434	0.192793	0.200241	0.197226	0.200960	0.199759	0.193742	0.197471	0.207831	0.200120	0.203012	0.214458	0.208459	
0.176796	0.199167	0.202934	0.186626	0.248062	0.204560	0.193939	0.274443	0.172520	0.166667	0.183774	0.187195	0.209402	0.182875	0.166464	0.335294	0.188424	0.188991	0.193884	0.259434	0.201711	0.000000	0.187500	0.179440	0.177498	0.212546	0.175031	0.213441	0.178960	0.198902	0.177077	0.206118	0.179221	0.184358	0.187867	0.209738	0.199269	0.187553	0.211127	0.187653	0.200383	0.188875	0.204719	0.196792	0.169576	0.196951	0.184111	0.202686	0.175684	0.166565	0.180208	0.216165	0.216783	0.191176	0.167789	0.204475	0.209801	0.207065	0.184915	0.179005	0.202801	0.182093	0.195732	0.199878	0.177262	0.230352	0.203212	0.195851	0.210178	0.181708	0.212103	0.190244	0.196571	0.203657	0.213374	0.222707	0.191606	0.170981	0.200852	0.193313	0.166869	0.176005	0.167173	0.183475	0.187802	0.175971	0.183090	0.186441	0.182260	0.175471	0.179939	0.188943	0.189091	0.178116	0.188599	0.185749	
0.197433	0.185160	0.195719	0.181488	0.226269	0.203902	0.203748	0.247492	0.190942	0.185342	0.195719	0.192844	0.219391	0.203410	0.180060	0.309392	0.201104	0.233151	0.190621	0.243363	0.192471	0.187500	0.000000	0.183525	0.191715	0.189427	0.194275	0.209418	0.195430	0.194057	0.190821	0.191474	0.184535	0.182491	0.189136	0.211407	0.203883	0.212963	0.204240	0.187120	0.180089	0.195745	0.188058	0.200490	0.174210	0.219394	0.198734	0.218845	0.206897	0.180387	0.189058	0.231776	0.197335	0.200855	0.189173	0.212832	0.216073	0.203636	0.195388	0.183475	0.209951	0.192192	0.201701	0.185275	0.197456	0.236242	0.206790	0.199757	0.201725	0.187952	0.227910	0.195995	0.198418	0.213659	0.203625	0.213718	0.198182	0.189790	0.189353	0.200363	0.202899	0.203400	0.194192	0.194915	0.195063	0.196019	0.189728	0.195783	0.198912	0.188896	0.193958	0.190217	0.195063	0.201452	0.212560	0.194192	
0.177253	0.203997	0.201701	0.185474	0.246171	0.214018	0.206359	0.291874	0.172561	0.162065	0.195255	0.193976	0.216350	0.207855	0.171959	0.335165	0.196711	0.192727	0.193353	0.244444	0.199275	0.179440	0.183525	0.000000	0.170314	0.208151	0.175937	0.212047	0.184258	0.201205	0.183343	0.195559	0.184804	0.190942	0.187906	0.208872	0.203492	0.192469	0.221599	0.182861	0.190025	0.190821	0.198770	0.199026	0.164308	0.217810	0.182390	0.218731	0.188702	0.168870	0.171998	0.242537	0.216131	0.199394	0.190563	0.208845	0.225490	0.193859	0.178808	0.188668	0.192655	0.177525	0.195416	0.192423	0.182861	0.236388	0.211397	0.192517	0.226378	0.179533	0.224638	0.189157	0.196850	0.205974	0.201080	0.227730	0.196514	0.163983	0.193257	0.193393	0.178336	0.189759	0.183293	0.177671	0.181004	0.179748	0.177177	0.188995	0.171772	0.172269	0.183183	0.186451	0.190419	0.182583	0.200240	0.182201	
0.195965	0.195043	0.203291	0.190249	0.227348	0.215278	0.196955	0.272523	0.168297	0.181125	0.178468	0.187977	0.183921	0.190751	0.172053	0.304054	0.189638	0.218837	0.191900	0.234375	0.205769	0.177498	0.191715	0.170314	0.000000	0.199058	0.173410	0.204656	0.182938	0.190613	0.176974	0.220994	0.180294	0.167812	0.186422	0.200000	0.197708	0.185695	0.218478	0.174832	0.175510	0.196172	0.215316	0.193016	0.156746	0.211429	0.188391	0.224254	0.175287	0.178095	0.176864	0.251781	0.190524	0.196343	0.184793	0.190430	0.239437	0.202290	0.170314	0.185646	0.199427	0.171103	0.202495	0.210076	0.176583	0.230143	0.213307	0.189605	0.216441	0.184061	0.206930	0.188337	0.208214	0.200602	0.211429	0.215576	0.173372	0.153264	0.189293	0.185714	0.169363	0.177820	0.175740	0.181125	0.177926	0.196955	0.168571	0.180780	0.170639	0.170314	0.160799	0.178707	0.175637	0.166192	0.192748	0.180780	
0.209131	0.207563	0.214864	0.206846	0.218629	0.195455	0.216000	0.259887	0.202663	0.215686	0.216236	0.210680	0.253219	0.229075	0.207122	0.288235	0.209524	0.243243	0.187225	0.314721	0.215959	0.212546	0.189427	0.208151	0.199058	0.000000	0.211988	0.212211	0.214595	0.211790	0.207849	0.213787	0.203791	0.188930	0.195909	0.206278	0.215543	0.218816	0.226700	0.202782	0.206264	0.213763	0.208604	0.224024	0.206538	0.232286	0.201982	0.219138	0.210488	0.217423	0.210102	0.229759	0.214556	0.216176	0.204545	0.189836	0.246112	0.239416	0.207726	0.221570	0.214442	0.231663	0.203663	0.201895	0.217168	0.244168	0.223294	0.214130	0.214002	0.201888	0.234559	0.209795	0.203377	0.229372	0.228134	0.222126	0.228032	0.207370	0.239241	0.224326	0.221014	0.217549	0.221007	0.239651	0.209993	0.221981	0.222384	0.214804	0.211063	0.198113	0.215116	0.225455	0.214493	0.210603	0.226017	0.236324	
0.185862	0.202356	0.206960	0.201330	0.266520	0.211321	0.194813	0.298658	0.172287	0.167976	0.186544	0.196126	0.220339	0.195745	0.172101	0.347826	0.197546	0.210811	0.201338	0.235556	0.186780	0.175031	0.194275	0.175937	0.173410	0.211988	0.000000	0.214595	0.194595	0.206186	0.185654	0.215686	0.178571	0.180136	0.185621	0.214773	0.200969	0.183811	0.226761	0.192822	0.204560	0.189550	0.214335	0.211880	0.167698	0.201090	0.186987	0.207043	0.180338	0.176649	0.177576	0.255556	0.195570	0.206098	0.177724	0.197279	0.218939	0.196612	0.189812	0.193568	0.200242	0.188815	0.201579	0.202539	0.182757	0.221629	0.222428	0.193313	0.217449	0.182530	0.212766	0.195639	0.211585	0.219161	0.217523	0.237166	0.178356	0.168168	0.198187	0.180774	0.182257	0.169994	0.172518	0.186103	0.174279	0.176719	0.177039	0.189303	0.177039	0.179024	0.173309	0.190591	0.183846	0.178744	0.194210	0.180993	
0.205335	0.218003	0.195774	0.203931	0.248053	0.205769	0.217178	0.257095	0.204729	0.209588	0.198507	0.215252	0.234409	0.194187	0.197917	0.294118	0.212951	0.233456	0.210624	0.187215	0.203704	0.213441	0.209418	0.212047	0.204656	0.212211	0.214595	0.000000	0.211104	0.209360	0.212010	0.218796	0.217651	0.206250	0.202128	0.195076	0.203077	0.222509	0.210489	0.191358	0.203608	0.199383	0.211485	0.207090	0.188525	0.217498	0.204121	0.203337	0.211172	0.196187	0.209231	0.248134	0.211810	0.193688	0.197157	0.208150	0.215761	0.225846	0.193350	0.217150	0.211337	0.214548	0.206408	0.198773	0.219001	0.203804	0.217364	0.211598	0.221774	0.210784	0.213003	0.197287	0.218092	0.224555	0.220588	0.204846	0.221266	0.201220	0.218808	0.223862	0.218616	0.218193	0.214637	0.226044	0.216860	0.212623	0.204420	0.217125	0.213276	0.207975	0.204057	0.211656	0.209658	0.217445	0.228361	0.214505	
0.183624	0.208618	0.215190	0.202147	0.246486	0.211443	0.206198	0.268092	0.187651	0.173628	0.203380	0.205496	0.226166	0.210084	0.183819	0.301075	0.214891	0.215827	0.192677	0.223684	0.206235	0.178960	0.195430	0.184258	0.182938	0.214595	0.194595	0.211104	0.000000	0.202873	0.191185	0.211991	0.195890	0.189781	0.194068	0.220183	0.207288	0.196831	0.232915	0.193046	0.195747	0.200599	0.202987	0.206522	0.176039	0.213987	0.195883	0.219892	0.193914	0.183881	0.197124	0.257770	0.211743	0.209386	0.175375	0.201220	0.207646	0.206691	0.179104	0.181220	0.211596	0.181009	0.208034	0.201671	0.186563	0.235837	0.224453	0.203947	0.227006	0.187760	0.219424	0.202032	0.208058	0.199011	0.211688	0.226013	0.194860	0.174171	0.194860	0.187351	0.179762	0.188995	0.182687	0.178998	0.175074	0.167162	0.189737	0.178741	0.177208	0.180572	0.176506	0.186310	0.190844	0.190817	0.194395	0.191756	
0.192471	0.186639	0.206079	0.178271	0.214677	0.203008	0.197115	0.265781	0.192800	0.190619	0.202925	0.200844	0.209155	0.217444	0.195796	0.301075	0.195971	0.235727	0.200847	0.263393	0.204230	0.198902	0.194057	0.201205	0.190613	0.211790	0.206186	0.209360	0.202873	0.000000	0.205159	0.204464	0.180349	0.202088	0.200000	0.213095	0.199638	0.217172	0.223472	0.183797	0.188882	0.203625	0.195205	0.190360	0.182994	0.206397	0.190057	0.208106	0.200120	0.193490	0.186933	0.212569	0.196721	0.199029	0.195876	0.210559	0.231818	0.212779	0.182640	0.199759	0.210970	0.197605	0.193958	0.208910	0.201087	0.236074	0.191789	0.193587	0.192383	0.196043	0.218314	0.187085	0.202063	0.197631	0.213470	0.196839	0.203737	0.189367	0.206502	0.205051	0.198560	0.213639	0.208910	0.214071	0.204913	0.202160	0.199759	0.200960	0.199880	0.199038	0.209135	0.206130	0.201917	0.207456	0.212267	0.209765	
0.188406	0.202610	0.202662	0.192951	0.246220	0.211347	0.200359	0.277592	0.168491	0.177951	0.194293	0.193277	0.216292	0.192887	0.172744	0.342246	0.193078	0.208711	0.191451	0.228700	0.202646	0.177077	0.190821	0.183343	0.176974	0.207849	0.185654	0.212010	0.191185	0.205159	0.000000	0.214388	0.178065	0.188034	0.184535	0.216697	0.207083	0.191115	0.209384	0.180012	0.200879	0.195063	0.206967	0.202063	0.170448	0.204204	0.196742	0.209988	0.184321	0.172662	0.176612	0.235727	0.193974	0.201935	0.172101	0.204782	0.226827	0.208158	0.174775	0.170174	0.208408	0.177804	0.196997	0.195444	0.188815	0.200798	0.211585	0.193257	0.217705	0.172640	0.218731	0.195312	0.194444	0.209418	0.207909	0.209551	0.178271	0.164881	0.196279	0.173261	0.176435	0.164161	0.175659	0.188623	0.184368	0.186005	0.170761	0.181493	0.186938	0.173835	0.183343	0.186977	0.189254	0.174251	0.196290	0.183073	
0.194062	0.198020	0.221657	0.210489	0.255875	0.205621	0.215054	0.229907	0.206442	0.212230	0.231105	0.197549	0.235589	0.225923	0.205312	0.196629	0.211063	0.262931	0.207642	0.297980	0.219565	0.206118	0.191474	0.195559	0.220994	0.213787	0.215686	0.218796	0.211991	0.204464	0.214388	0.000000	0.218507	0.207506	0.215517	0.235856	0.206623	0.220120	0.220115	0.202888	0.196992	0.234319	0.194489	0.221335	0.195266	0.248559	0.215199	0.231936	0.212843	0.209654	0.208514	0.200000	0.214882	0.210603	0.219724	0.232405	0.231588	0.225180	0.210640	0.219178	0.210983	0.224928	0.211400	0.185212	0.216040	0.276461	0.211722	0.208966	0.231678	0.213314	0.245119	0.221583	0.201016	0.231744	0.216080	0.217014	0.230769	0.204432	0.236691	0.225504	0.221664	0.205479	0.220705	0.215363	0.226753	0.218234	0.221583	0.221745	0.211925	0.218862	0.215827	0.220546	0.226199	0.230216	0.236899	0.215007	
0.185835	0.207899	0.199351	0.192655	0.250927	0.208643	0.204780	0.282051	0.184021	0.176585	0.185621	0.188716	0.206147	0.204398	0.175065	0.387387	0.204977	0.185259	0.190785	0.252427	0.197147	0.179221	0.184535	0.184804	0.180294	0.203791	0.178571	0.217651	0.195890	0.180349	0.178065	0.218507	0.000000	0.186928	0.194875	0.221116	0.205711	0.192668	0.222388	0.186364	0.199187	0.192208	0.210297	0.203279	0.172280	0.200517	0.190571	0.206494	0.180995	0.177003	0.189242	0.255507	0.202300	0.210973	0.183172	0.208196	0.236799	0.195610	0.176928	0.185448	0.195736	0.188424	0.212573	0.199871	0.190538	0.228849	0.211082	0.198830	0.214437	0.192407	0.231818	0.189521	0.208469	0.210561	0.220427	0.213615	0.191586	0.173299	0.194822	0.190939	0.175902	0.189242	0.186693	0.191338	0.188424	0.183516	0.190045	0.185852	0.187218	0.180233	0.191338	0.188023	0.194462	0.179056	0.202581	0.190291	
0.190741	0.203497	0.198885	0.183824	0.236080	0.195791	0.192897	0.265517	0.181988	0.180147	0.191806	0.190681	0.200428	0.211207	0.189982	0.302326	0.199005	0.231481	0.184843	0.305556	0.187808	0.184358	0.182491	0.190942	0.167812	0.188930	0.180136	0.206250	0.189781	0.202088	0.188034	0.207506	0.186928	0.000000	0.190414	0.201258	0.206262	0.195559	0.215208	0.178571	0.195498	0.197667	0.202778	0.209187	0.173317	0.207235	0.196190	0.219212	0.197674	0.189338	0.190154	0.234043	0.194355	0.195062	0.176290	0.191609	0.213570	0.209174	0.188957	0.189073	0.211043	0.192448	0.202952	0.189454	0.192379	0.244953	0.204247	0.194103	0.199866	0.185479	0.215783	0.199387	0.196792	0.215599	0.211880	0.215859	0.197425	0.180109	0.212883	0.205270	0.194988	0.192142	0.188610	0.203670	0.189634	0.191697	0.192778	0.193529	0.181040	0.189718	0.190330	0.197312	0.187805	0.203670	0.204156	0.196691	
0.182295	0.200442	0.204694	0.195709	0.255448	0.210847	0.179104	0.279441	0.173177	0.175439	0.200000	0.182410	0.221045	0.202350	0.166126	0.336207	0.210283	0.204819	0.190104	0.276836	0.184825	0.187867	0.189136	0.187906	0.186422	0.195909	0.185621	0.202128	0.194068	0.200000	0.184535	0.215517	0.194875	0.190414	0.000000	0.205745	0.192433	0.198268	0.216073	0.182887	0.195418	0.194263	0.206973	0.200000	0.160396	0.211964	0.196881	0.202086	0.183117	0.172615	0.191781	0.241379	0.206403	0.202100	0.181759	0.202658	0.203292	0.191932	0.181051	0.192732	0.205462	0.190291	0.206401	0.194156	0.191503	0.224404	0.218873	0.199478	0.221989	0.189242	0.212557	0.205462	0.212081	0.209818	0.225471	0.222397	0.195964	0.186735	0.186485	0.193884	0.176280	0.188274	0.191808	0.187378	0.186287	0.182113	0.178038	0.182935	0.182705	0.178456	0.172526	0.194679	0.179288	0.194932	0.202729	0.189048	
0.215040	0.223088	0.213084	0.205900	0.247758	0.230032	0.226183	0.297114	0.214241	0.197166	0.207112	0.212346	0.242227	0.214020	0.208974	0.331522	0.207735	0.209472	0.216501	0.200000	0.221398	0.209738	0.211407	0.208872	0.200000	0.206278	0.214773	0.195076	0.220183	0.213095	0.216697	0.235856	0.221116	0.201258	0.205745	0.000000	0.201970	0.224403	0.226879	0.201238	0.212862	0.206192	0.217787	0.210855	0.194690	0.208513	0.207097	0.220916	0.202095	0.212832	0.199753	0.238722	0.221722	0.207453	0.204588	0.218652	0.240982	0.218519	0.200986	0.219889	0.221605	0.210784	0.209389	0.218115	0.224010	0.238621	0.231784	0.216718	0.230769	0.208974	0.229102	0.201359	0.217877	0.224762	0.226462	0.231447	0.214947	0.207339	0.227357	0.219963	0.206642	0.216533	0.214682	0.210591	0.210914	0.208359	0.210947	0.207721	0.211823	0.204923	0.210721	0.209588	0.206622	0.216749	0.214637	0.209877	
0.192471	0.209511	0.192961	0.204928	0.240000	0.205385	0.194478	0.255390	0.191087	0.203848	0.210110	0.202051	0.229958	0.208838	0.192308	0.262295	0.202810	0.253623	0.199153	0.250000	0.214372	0.199269	0.203883	0.203492	0.197708	0.215543	0.200969	0.203077	0.207288	0.199638	0.207083	0.206623	0.205711	0.206262	0.192433	0.201970	0.000000	0.221477	0.214487	0.191052	0.195584	0.196979	0.221688	0.208410	0.189772	0.200844	0.212579	0.207376	0.200241	0.194227	0.204230	0.220588	0.209962	0.196483	0.197456	0.219767	0.194717	0.214587	0.195783	0.210749	0.207354	0.213645	0.199396	0.201322	0.214502	0.238286	0.221337	0.204834	0.221565	0.200360	0.219601	0.201929	0.205811	0.218964	0.204327	0.215868	0.209162	0.191045	0.220951	0.215274	0.214628	0.207104	0.217470	0.215616	0.205988	0.200839	0.214672	0.206340	0.207332	0.205405	0.208659	0.209484	0.206111	0.207933	0.219219	0.208434	
0.196804	0.210019	0.225126	0.212552	0.279032	0.209201	0.220736	0.323204	0.181513	0.166667	0.215620	0.198821	0.209552	0.203673	0.201342	0.407407	0.209362	0.184466	0.213087	0.278146	0.193495	0.187553	0.212963	0.192469	0.185695	0.218816	0.183811	0.222509	0.196831	0.217172	0.191115	0.220120	0.192668	0.195559	0.198268	0.224403	0.221477	0.000000	0.241541	0.195286	0.207498	0.207215	0.222120	0.214225	0.183122	0.220168	0.210034	0.214945	0.193467	0.196653	0.202190	0.264984	0.212281	0.214346	0.204545	0.216354	0.238743	0.227540	0.191953	0.193172	0.212427	0.185679	0.217100	0.203347	0.206868	0.216846	0.222034	0.220911	0.220324	0.185154	0.225042	0.193603	0.208122	0.210390	0.237856	0.235410	0.198826	0.185216	0.210570	0.200669	0.191472	0.199330	0.189438	0.200168	0.180683	0.189167	0.196309	0.200833	0.185464	0.183639	0.194281	0.210175	0.204849	0.168896	0.205193	0.204526	
0.198441	0.204564	0.200849	0.224719	0.261364	0.204924	0.203366	0.222441	0.205548	0.224319	0.224591	0.205903	0.243464	0.219323	0.218881	0.129412	0.229241	0.258333	0.200000	0.295918	0.222849	0.211127	0.204240	0.221599	0.218478	0.226700	0.226761	0.210489	0.232915	0.223472	0.209384	0.220115	0.222388	0.215208	0.216073	0.226879	0.214487	0.241541	0.000000	0.214235	0.213763	0.226920	0.214509	0.228592	0.205128	0.239972	0.232967	0.233968	0.219888	0.227145	0.214638	0.194384	0.223451	0.225761	0.215039	0.223580	0.217235	0.240364	0.222612	0.234507	0.192551	0.228890	0.225829	0.186144	0.229137	0.255917	0.235505	0.215645	0.226923	0.214685	0.238500	0.217300	0.216407	0.234432	0.231092	0.195563	0.232281	0.210417	0.244023	0.231955	0.230608	0.238397	0.219101	0.237027	0.224860	0.234430	0.215137	0.236567	0.236861	0.234758	0.222456	0.228831	0.237430	0.227528	0.256140	0.230444	
0.177331	0.192946	0.197561	0.186747	0.219058	0.191075	0.188782	0.263682	0.177153	0.172810	0.182540	0.194075	0.208039	0.203636	0.177002	0.311828	0.196691	0.206960	0.185680	0.258772	0.193333	0.187653	0.187120	0.182861	0.174832	0.202782	0.192822	0.191358	0.193046	0.183797	0.180012	0.202888	0.186364	0.178571	0.182887	0.201238	0.191052	0.195286	0.214235	0.000000	0.185443	0.197703	0.208247	0.194614	0.173160	0.209794	0.196338	0.200726	0.187952	0.184560	0.186286	0.203670	0.197343	0.191722	0.182482	0.194821	0.222138	0.202417	0.171809	0.189467	0.199758	0.186675	0.185118	0.195048	0.191399	0.224734	0.199385	0.189728	0.212541	0.186635	0.206079	0.184019	0.197809	0.191370	0.214587	0.211095	0.197583	0.186339	0.197703	0.197464	0.184005	0.180665	0.191682	0.195783	0.181164	0.190619	0.188554	0.191221	0.182257	0.181709	0.180941	0.201084	0.187011	0.186145	0.211098	0.196741	
0.190840	0.200436	0.203551	0.202643	0.230331	0.206172	0.204403	0.231183	0.181354	0.205402	0.202161	0.204403	0.214128	0.212429	0.197864	0.273885	0.216921	0.227451	0.196474	0.246445	0.203518	0.200383	0.180089	0.190025	0.175510	0.206264	0.204560	0.203608	0.195747	0.188882	0.200879	0.196992	0.199187	0.195498	0.195418	0.212862	0.195584	0.207498	0.213763	0.185443	0.000000	0.204301	0.204741	0.194780	0.179768	0.211623	0.199870	0.227473	0.197227	0.189666	0.197094	0.189349	0.211881	0.207702	0.192527	0.212219	0.218874	0.205790	0.184393	0.192672	0.199118	0.208647	0.193182	0.197360	0.210626	0.242424	0.202046	0.201771	0.225120	0.192718	0.225111	0.201262	0.204288	0.211176	0.212712	0.198050	0.201893	0.186366	0.202524	0.202141	0.194724	0.205047	0.195091	0.208307	0.203125	0.200753	0.200503	0.191343	0.199748	0.199749	0.192574	0.206918	0.200627	0.207678	0.212083	0.194199	
0.189320	0.209689	0.211456	0.199638	0.247277	0.209404	0.203012	0.305000	0.191932	0.197590	0.186316	0.211829	0.218310	0.190418	0.184717	0.320652	0.204281	0.189781	0.193568	0.191964	0.210526	0.188875	0.195745	0.190821	0.196172	0.213763	0.189550	0.199383	0.200599	0.203625	0.195063	0.234319	0.192208	0.197667	0.194263	0.206192	0.196979	0.207215	0.226920	0.197703	0.204301	0.000000	0.208362	0.197312	0.170882	0.184179	0.201511	0.196126	0.190361	0.188668	0.177576	0.273897	0.204172	0.184802	0.191748	0.195813	0.223147	0.205190	0.181544	0.203144	0.211004	0.195561	0.180883	0.201569	0.192611	0.197861	0.219422	0.201574	0.209763	0.203125	0.205222	0.184290	0.204490	0.213392	0.216265	0.224460	0.191657	0.187425	0.200844	0.203502	0.192655	0.206647	0.201448	0.201448	0.192561	0.200120	0.191079	0.195195	0.194210	0.183624	0.196504	0.206130	0.181873	0.200121	0.219615	0.188179	
0.202208	0.217011	0.204828	0.203830	0.240291	0.221826	0.212534	0.277467	0.214434	0.201094	0.212751	0.208077	0.228340	0.214973	0.209843	0.270968	0.202637	0.250996	0.202610	0.275510	0.211975	0.204719	0.188058	0.198770	0.215316	0.208604	0.214335	0.211485	0.202987	0.195205	0.206967	0.194489	0.210297	0.202778	0.206973	0.217787	0.221688	0.222120	0.214509	0.208247	0.204741	0.208362	0.000000	0.207207	0.209047	0.222603	0.212705	0.218707	0.218579	0.209446	0.209334	0.241525	0.216332	0.213452	0.213499	0.219054	0.242133	0.228982	0.209733	0.208362	0.226027	0.216565	0.200274	0.207109	0.215216	0.231111	0.208189	0.210707	0.221973	0.192517	0.231934	0.208904	0.192730	0.231812	0.209159	0.220790	0.221918	0.192804	0.227397	0.224812	0.207509	0.215901	0.210130	0.218579	0.214140	0.213460	0.214627	0.225323	0.215164	0.197548	0.201916	0.212287	0.208731	0.215164	0.228454	0.221918	
0.203192	0.193728	0.209588	0.194039	0.245077	0.205957	0.201216	0.277592	0.200617	0.206939	0.207257	0.201220	0.202703	0.215422	0.210207	0.308108	0.182994	0.209472	0.201593	0.217195	0.202810	0.196792	0.200490	0.199026	0.193016	0.224024	0.211880	0.207090	0.206522	0.190360	0.202063	0.221335	0.203279	0.209187	0.200000	0.210855	0.208410	0.214225	0.228592	0.194614	0.194780	0.197312	0.207207	0.000000	0.186683	0.215113	0.203692	0.213325	0.207776	0.214112	0.203182	0.217228	0.203185	0.194853	0.211268	0.220634	0.219923	0.218027	0.190505	0.214155	0.232317	0.211259	0.208181	0.213025	0.213806	0.229947	0.208411	0.208791	0.209055	0.185342	0.225964	0.189255	0.206009	0.209464	0.207547	0.219884	0.210366	0.209063	0.222763	0.206456	0.200728	0.215591	0.206939	0.224589	0.208838	0.197576	0.205704	0.214286	0.205829	0.203400	0.212637	0.213939	0.212598	0.210686	0.219453	0.212416	
0.168010	0.179632	0.197139	0.183661	0.250000	0.205769	0.183159	0.276042	0.160948	0.166667	0.177750	0.185459	0.194224	0.176361	0.165746	0.348101	0.188785	0.181308	0.170581	0.222727	0.190123	0.169576	0.174210	0.164308	0.156746	0.206538	0.167698	0.188525	0.176039	0.182994	0.170448	0.195266	0.172280	0.173317	0.160396	0.194690	0.189772	0.183122	0.205128	0.173160	0.179768	0.170882	0.209047	0.186683	0.000000	0.186462	0.172084	0.200495	0.170762	0.163793	0.173564	0.244094	0.194839	0.190447	0.164188	0.203272	0.207327	0.180701	0.166256	0.172626	0.190506	0.169626	0.182324	0.194837	0.167282	0.188503	0.211912	0.185917	0.225371	0.172583	0.202970	0.182769	0.193309	0.209585	0.207385	0.192024	0.165330	0.148261	0.169951	0.184729	0.157152	0.168311	0.167897	0.173726	0.167075	0.159829	0.174340	0.161765	0.171271	0.159509	0.169023	0.162577	0.161765	0.171376	0.187077	0.166461	
0.214806	0.217781	0.213504	0.220818	0.253568	0.233040	0.215745	0.301325	0.202192	0.211666	0.202916	0.218335	0.233193	0.196245	0.195312	0.353261	0.200732	0.178506	0.228017	0.200000	0.225982	0.196951	0.219394	0.217810	0.211429	0.232286	0.201090	0.217498	0.213987	0.206397	0.204204	0.248559	0.200517	0.207235	0.211964	0.208513	0.200844	0.220168	0.239972	0.209794	0.211623	0.184179	0.222603	0.215113	0.186462	0.000000	0.211285	0.202179	0.204928	0.202890	0.207022	0.279412	0.215909	0.200850	0.192494	0.217925	0.226998	0.216135	0.196386	0.215580	0.226643	0.203593	0.200726	0.219688	0.196979	0.221780	0.221608	0.217995	0.232696	0.212485	0.216102	0.203737	0.211772	0.222986	0.211666	0.237752	0.208082	0.190448	0.219880	0.216005	0.192793	0.205546	0.207354	0.219013	0.207660	0.211758	0.191822	0.212702	0.203971	0.204082	0.204094	0.221154	0.209107	0.214071	0.228228	0.211573	
