0.00000000099999999984 0.00000000099999999984 0.00000000099999999984 0.99999999699999997382 
0.61550998963482705939 0.38351458489765133386 0.00000000100000000000 0.00097542446752164511 
0.00000000099999999999 0.00000000099999999999 0.83438445922406023758 0.16561553877593968020 
0.99999999699999997382 0.00000000099999999991 0.00000000099999999991 0.00000000099999999991 
0.99999999699999997382 0.00000000100000000000 0.00000000100000000000 0.00000000100000000000 
0.23599786114351670174 0.00000139326400552573 0.00000000099999999999 0.76400074459247779846 
0.74394591789931752146 0.00000000099999999996 0.00000000099999999996 0.25605408010068247959 
0.99999999700000008485 0.00000000099999999999 0.00000000099999999999 0.00000000099999999999 
0.00000000099999999985 0.99999999700000008485 0.00000000099999999985 0.00000000099999999985 
0.00000000099999999979 0.99999999700000008485 0.00000000099999999979 0.00000000099999999979 
0.00000000099999999994 0.00000000099999999994 0.99999999699999997382 0.00000000099999999994 
0.00000000099999999990 0.00000000099999999990 0.00000000099999999990 0.99999999700000008485 
0.46670956700220800339 0.53008349590606163027 0.00000000100000000000 0.00320693609173036513 
0.00000000099999999979 0.99999999700000008485 0.00000000099999999979 0.00000000099999999979 
0.99999988535050765570 0.00000000100000000000 0.00000011209986351472 0.00000000154962878880 
0.00000000099999999999 0.00000000099999999999 0.91453930732367327838 0.08546069067632661165 
0.00000000099999999999 0.00000000099999999999 0.99999999699999997382 0.00000000099999999999 
0.62729755899614292325 0.00000000099999999998 0.00000000099999999998 0.37270243900385713332 
0.00000000100000000000 0.00000000100000000000 0.99999999699999986280 0.00000000100000000000 
0.00000000099999999981 0.00000000099999999981 0.00000000099999999981 0.99999999700000008485 
0.00000000099999999985 0.99999999700000008485 0.00000000099999999985 0.00000000099999999985 
0.12716043419614553311 0.00000000099999999996 0.00000000099999999996 0.87283956380385452345 
0.00000000099999999978 0.99999999699999997382 0.00000000099999999978 0.00000000099999999978 
0.00000000099999999991 0.00000000099999999991 0.96562337557293176360 0.03437662242706822358 
0.69377975010879300299 0.30621813196995228967 0.00000000100000000000 0.00000211692125468781 
0.00000000099999999979 0.00000000099999999979 0.00000000099999999979 0.99999999700000008485 
0.00000000099999999999 0.00000000099999999999 0.99999999699999997382 0.00000000099999999999 
0.00000000099999999977 0.00000000099999999977 0.00000000099999999977 0.99999999700000008485 
0.99999999700000008485 0.00000000099999999997 0.00000000099999999997 0.00000000099999999997 
0.00000000099999999979 0.99999999700000008485 0.00000000099999999979 0.00000000099999999979 
0.46000488287908075646 0.03309507249359130293 0.00000000100000000000 0.50690004362732787868 
0.00000000099999999995 0.99999999699999997382 0.00000000099999999995 0.00000000099999999995 
0.00000000099999999997 0.00000000099999999997 0.00000000099999999997 0.99999999699999997382 
0.00000000099999999997 0.99999999700000008485 0.00000000099999999997 0.00000000099999999997 
0.46257906472054544089 0.00000000099999999994 0.53742093327945439363 0.00000000099999999994 
0.00000000099999999994 0.00000000099999999994 0.99999999699999986280 0.00000000099999999994 
0.00000000099999999999 0.00000000099999999999 0.99999999699999997382 0.00000000099999999999 
0.67750795314963818683 0.00014257228055449662 0.23479902357773654864 0.08755045099207089954 
0.99999999699999997382 0.00000000099999999987 0.00000000099999999987 0.00000000099999999987 
0.63879870265058003032 0.36041949226170583165 0.00000000099999999999 0.00078180408771424460 
0.00000000099999999998 0.00000000099999999998 0.89059882243000287882 0.10940117556999703896 
0.00000000099999999994 0.00000000099999999994 0.99999999699999997382 0.00000000099999999994 
0.00000000099999999981 0.99999999700000008485 0.00000000099999999981 0.00000000099999999981 
0.00000000099999999994 0.00000000099999999994 0.99999999699999986280 0.00000000099999999994 
0.00000000099999999997 0.00000000099999999997 0.00000000099999999997 0.99999999700000008485 
0.00000000099999999994 0.00000000099999999994 0.99999999699999986280 0.00000000099999999994 
0.00000000099999999989 0.99999999699999997382 0.00000000099999999989 0.00000000099999999989 
0.00000000099999999978 0.00000000099999999978 0.00000000099999999978 0.99999999700000008485 
0.00000000099999999995 0.70937779584436699842 0.29062220215563305814 0.00000000099999999995 
0.99999996837614291145 0.00000000147285329734 0.00000000100000000000 0.00000002915100390587 
0.48656247717711065270 0.51343752082288940386 0.00000000099999999999 0.00000000099999999999 
0.00000000099999999991 0.00000000099999999991 0.99999999699999997382 0.00000000099999999991 
0.00000000099999999995 0.00000000099999999995 0.00000000099999999995 0.99999999700000008485 
0.99999999700000008485 0.00000000099999999998 0.00000000099999999998 0.00000000099999999998 
0.00008207275027969610 0.00000000100000000000 0.99991792524972034073 0.00000000100000000000 
0.00000000099999999996 0.00000000099999999996 0.24793186097774169707 0.75206813702225827623 
0.99999999700000008485 0.00000000099999999984 0.00000000099999999984 0.00000000099999999984 
0.00000000099999999977 0.00000000099999999977 0.00000000099999999977 0.99999999699999997382 
0.00000000099999999993 0.00000000099999999993 0.00000000099999999993 0.99999999699999997382 
0.00000000099999999976 0.00000000099999999976 0.00000000099999999976 0.99999999699999997382 
0.00000000099999999997 0.00000000099999999997 0.99999999699999986280 0.00000000099999999997 
0.00000000099999999997 0.00000000099999999997 0.00000000099999999997 0.99999999699999997382 
0.00000000099999999978 0.99999999700000008485 0.00000000099999999978 0.00000000099999999978 
0.00000015986409682801 0.01085468495990664535 0.98675066213004891669 0.00239449304594746299 
0.67118823371957281321 0.32829202923149919391 0.00000000099999999999 0.00051973604892791112 
0.50521436672722008776 0.00000000099999999998 0.00000000099999999998 0.49478563127278007983 
