0.00000000099999999978 0.00000000099999999978 0.00000000099999999978 0.00000000099999999978 0.99999999599999989108 
0.66157135123736376947 0.00000000099999999999 0.33842825882389698799 0.00000000099999999999 0.00000038793873924353 
0.00000000099999999998 0.00000000099999999998 0.00000000099999999998 0.89390632395255453790 0.10609367304744551919 
0.99999999600000000211 0.00000000099999999986 0.00000000099999999986 0.00000000099999999986 0.00000000099999999986 
0.99999999600000011313 0.00000000099999999999 0.00000000099999999999 0.00000000099999999999 0.00000000099999999999 
0.27231535348021107534 0.00000000099999999999 0.00000018767627195568 0.00000000099999999999 0.72768445684351690250 
0.79565203167117515282 0.00000000099999999994 0.00000000099999999994 0.00000000099999999994 0.20434796532882495979 
0.99999999600000011313 0.00000000099999999999 0.00000000099999999999 0.00000000099999999999 0.00000000099999999999 
0.00000000099999999980 0.00000000099999999980 0.99999999599999989108 0.00000000099999999980 0.00000000099999999980 
0.00000000099999999972 0.00000000099999999972 0.99999999599999989108 0.00000000099999999972 0.00000000099999999972 
0.00000000099999999990 0.00000000099999999990 0.00000000099999999990 0.99999999600000000211 0.00000000099999999990 
0.00000000099999999987 0.00000000099999999987 0.00000000099999999987 0.00000000099999999987 0.99999999599999989108 
0.00000000277772332799 0.51168417882018779608 0.00000018864052897299 0.00000618014195722292 0.48830944961960276451 
0.00000000099999999972 0.00000000099999999972 0.99999999600000000211 0.00000000099999999972 0.00000000099999999972 
0.99998624857166917845 0.00000000100000000000 0.00000000100000000000 0.00001374842833088497 0.00000000100000000000 
0.00000000099999999997 0.00000000099999999997 0.00000000099999999997 0.95849410559337477888 0.04150589140662523657 
0.00000000099999999999 0.00000000099999999999 0.00000000099999999999 0.99999999599999989108 0.00000000099999999999 
0.67074849207408260288 0.00000000099999999998 0.00000000099999999998 0.00000000099999999998 0.32925150492591748197 
0.00000000100000000000 0.00000000100000000000 0.00000000100000000000 0.99999999599999989108 0.00000000100000000000 
0.00000006825824204190 0.00000000099999999983 0.00000001224557938470 0.00000000099999999983 0.99999991749617855863 
0.00000000099999999980 0.00000000099999999980 0.99999999600000000211 0.00000000099999999980 0.00000000099999999980 
0.00000000099999999995 0.00000000099999999995 0.00000000099999999995 0.00000000099999999995 0.99999999599999989108 
0.00000000099999999970 0.00000000099999999970 0.99999999599999989108 0.00000000099999999970 0.00000000099999999970 
0.00000000099999999930 0.99999999600000000211 0.00000000099999999930 0.00000000099999999930 0.00000000099999999930 
0.72091923768119392513 0.00000000174833899409 0.19610302755675426689 0.00000000100000000000 0.08297773201371280716 
0.00000000099999999973 0.00000000099999999973 0.00000000099999999973 0.00000000099999999973 0.99999999600000000211 
0.00000000099999999998 0.00000000099999999998 0.00000000099999999998 0.99999999599999989108 0.00000000099999999998 
0.00000000099999999970 0.00000000099999999970 0.00000000099999999970 0.00000000099999999970 0.99999999599999989108 
0.00000000099999999992 0.99999999600000000211 0.00000000099999999992 0.00000000099999999992 0.00000000099999999992 
0.00000000099999999971 0.00000000099999999971 0.99999999600000000211 0.00000000099999999971 0.00000000099999999971 
0.00000000100000000000 0.00000000100000000000 0.05859568323870827100 0.49711992841868002380 0.44428438634261169238 
0.00000000099999999994 0.00000000099999999994 0.99999999600000000211 0.00000000099999999994 0.00000000099999999994 
0.00000000099999999996 0.00000000099999999996 0.00000000099999999996 0.00000000099999999996 0.99999999599999989108 
0.00000000099999999996 0.00000000099999999996 0.99999999599999989108 0.00000000099999999996 0.00000000099999999996 
0.39223926386089019713 0.00000000099999999992 0.00000000099999999992 0.60776073313910961016 0.00000000099999999992 
0.00000000099999999991 0.00000000099999999991 0.00000000099999999991 0.99999999600000000211 0.00000000099999999991 
0.00000000099999999999 0.99999999600000000211 0.00000000099999999999 0.00000000099999999999 0.00000000099999999999 
0.39369259258816907687 0.00000000100000000000 0.00000017315033709287 0.60252473729156230675 0.00378249596993149436 
0.99999999600000000211 0.00000000099999999984 0.00000000099999999984 0.00000000099999999984 0.00000000099999999984 
0.66131739877358941548 0.00000000099999999999 0.00000080595982107124 0.00000000099999999999 0.33868179326658964801 
0.00000000099999999994 0.00000000099999999994 0.00000000099999999994 0.93095811080835366713 0.06904188619164629281 
0.00000000099999999992 0.00000000099999999992 0.00000000099999999992 0.99999999600000000211 0.00000000099999999992 
0.00000000099999999975 0.00000000099999999975 0.99999999600000000211 0.00000000099999999975 0.00000000099999999975 
0.00000000099999999990 0.00000000099999999990 0.00000000099999999990 0.99999999599999989108 0.00000000099999999990 
0.00000000099999999997 0.00000000099999999997 0.00000000099999999997 0.00000000099999999997 0.99999999599999989108 
0.00000000099999999991 0.00000000099999999991 0.00000000099999999991 0.99999999599999989108 0.00000000099999999991 
0.00000000099999999987 0.00000000099999999987 0.88028609518839118220 0.11971390181160874999 0.00000000099999999987 
0.00000000099999999971 0.00000000099999999971 0.00000000099999999971 0.00000000099999999971 0.99999999599999989108 
0.00000000099999999988 0.00000000099999999988 0.51455518772281239048 0.48544480927718747232 0.00000000099999999988 
0.99999999157405328187 0.00000000100000000000 0.00000000100000000000 0.00000000542594673083 0.00000000100000000000 
0.53779164984059590893 0.00000000099999999999 0.46220834715940417592 0.00000000099999999999 0.00000000099999999999 
0.00000000099999999987 0.00000000099999999987 0.00000000099999999987 0.99999999600000000211 0.00000000099999999987 
0.00000000099999999994 0.00000000099999999994 0.99999999599999989108 0.00000000099999999994 0.00000000099999999994 
0.99999999600000011313 0.00000000099999999998 0.00000000099999999998 0.00000000099999999998 0.00000000099999999998 
0.00000000099999999999 0.00000000099999999999 0.00000000099999999999 0.99999999599999989108 0.00000000099999999999 
0.00000000099999999989 0.00000000099999999989 0.00000000099999999989 0.39861577922873142610 0.60138421777126849221 
0.99999999600000011313 0.00000000099999999977 0.00000000099999999977 0.00000000099999999977 0.00000000099999999977 
0.00000000099999999969 0.00000000099999999969 0.00000000099999999969 0.00000000099999999969 0.99999999600000000211 
0.00000000099999999990 0.00000000099999999990 0.00000000099999999990 0.00000000099999999990 0.99999999599999989108 
0.00000000099999999968 0.00000000099999999968 0.00000000099999999968 0.00000000099999999968 0.99999999600000000211 
0.00000000099999999994 0.00000000099999999994 0.00000000099999999994 0.99999999600000000211 0.00000000099999999994 
0.00000000099999999997 0.00000000099999999997 0.00000000099999999997 0.00000000099999999997 0.99999999600000000211 
0.00000000099999999970 0.00000000099999999970 0.99999999600000000211 0.00000000099999999970 0.00000000099999999970 
0.00000000159151726462 0.00000000100000000000 0.00141282517272610635 0.99315063079670173884 0.00543654143905477998 
0.72431519354601148208 0.00000000099999999999 0.27568479390184491562 0.00000000099999999999 0.00000001055214356239 
0.38084912124635328379 0.23344282341221547772 0.00000000099999999999 0.00000000099999999999 0.38570805334143132281 
