0.000000	0.202773	0.174576	0.217538	0.267261	0.209106	0.197970	0.301887	0.180135	0.182125	0.177066	0.182274	0.189046	0.176471	0.156040	0.304348	0.189280	0.241486	0.197279	0.266187	0.173109	0.165247	0.195616	0.164706	0.137860	0.207143	0.159933	0.196639	0.168350	0.199662	0.164983	0.227431	0.139415	0.177365	0.181356	0.194631	0.196277	0.182495	0.214165	0.215126	0.177554	0.186555	0.224913	0.202020	0.180743	0.192177	0.170608	0.200000	0.192308	0.179700	0.183193	0.241379	0.204082	0.193980	0.165837	0.190878	0.195730	0.180743	0.181818	0.170608	0.164154	0.212730	0.190153	0.184255	0.172297	0.189258	0.227119	0.177665	0.235593	0.173109	0.196277	0.182274	0.228333	0.199662	0.196639	0.200686	
0.202773	0.000000	0.224348	0.225303	0.257541	0.223183	0.223958	0.296417	0.190641	0.202773	0.204861	0.197595	0.192727	0.235702	0.189983	0.452381	0.193103	0.257235	0.241259	0.288889	0.207254	0.210158	0.243056	0.195502	0.184713	0.233028	0.199653	0.244367	0.222414	0.208696	0.211438	0.232143	0.192580	0.207972	0.224739	0.231434	0.221254	0.217308	0.241319	0.229706	0.210708	0.230104	0.265597	0.212803	0.211806	0.242583	0.232236	0.237435	0.244828	0.206838	0.200000	0.217993	0.161179	0.223368	0.203072	0.206239	0.219780	0.220104	0.226644	0.209705	0.207254	0.223570	0.196147	0.225473	0.215278	0.238845	0.209424	0.202091	0.225131	0.221071	0.237347	0.204819	0.266781	0.239583	0.221837	0.201770	
0.174576	0.224348	0.000000	0.222973	0.286036	0.211149	0.206780	0.300319	0.202703	0.206780	0.191851	0.191275	0.224779	0.210438	0.177365	0.318681	0.198653	0.238994	0.226962	0.266187	0.201681	0.193162	0.228041	0.190878	0.192547	0.242857	0.187817	0.199662	0.188870	0.212947	0.198980	0.220870	0.180723	0.206081	0.223169	0.198988	0.191525	0.220561	0.203046	0.235690	0.200000	0.192893	0.232759	0.213559	0.186125	0.212947	0.208122	0.207770	0.220168	0.218698	0.197302	0.232394	0.212947	0.210438	0.200669	0.213198	0.184258	0.189189	0.218855	0.184746	0.178752	0.225042	0.181197	0.196639	0.210169	0.221080	0.217317	0.203735	0.230769	0.213805	0.209184	0.190236	0.249158	0.203735	0.209459	0.203448	
0.217538	0.225303	0.222973	0.000000	0.244344	0.218274	0.225424	0.303797	0.209106	0.210793	0.216216	0.241611	0.240283	0.244519	0.205042	0.369565	0.206723	0.213166	0.218058	0.303704	0.208754	0.213311	0.207770	0.207770	0.204545	0.237077	0.223350	0.236088	0.204047	0.195911	0.199324	0.263432	0.194492	0.227656	0.225806	0.215852	0.235993	0.215613	0.258010	0.218487	0.223154	0.228956	0.254325	0.224662	0.202703	0.250847	0.231810	0.237774	0.224832	0.234219	0.212121	0.212329	0.219388	0.233221	0.225376	0.208122	0.232558	0.225042	0.239057	0.219966	0.228188	0.228041	0.200000	0.234506	0.211864	0.246787	0.213922	0.190153	0.267462	0.215126	0.225806	0.213445	0.236577	0.207131	0.220539	0.239243	
0.267261	0.257541	0.286036	0.244344	0.000000	0.228700	0.256180	0.258475	0.289888	0.266816	0.283784	0.278396	0.303828	0.300226	0.262332	0.360465	0.252232	0.284091	0.254005	0.377358	0.261161	0.259091	0.249438	0.223476	0.265537	0.238771	0.276404	0.297052	0.271910	0.243182	0.257336	0.267898	0.231481	0.235426	0.264706	0.271910	0.287671	0.272959	0.265766	0.263982	0.271715	0.296875	0.264840	0.266968	0.279545	0.292517	0.282167	0.289238	0.300448	0.277162	0.260674	0.223301	0.251701	0.263514	0.286976	0.259009	0.277251	0.276404	0.256696	0.289593	0.274554	0.284116	0.261851	0.270694	0.259009	0.331148	0.247727	0.234234	0.251716	0.239374	0.280899	0.260000	0.272321	0.229025	0.256757	0.252294	
0.209106	0.223183	0.211149	0.218274	0.228700	0.000000	0.230118	0.210863	0.222222	0.230640	0.228426	0.200000	0.232804	0.236975	0.181513	0.217391	0.193980	0.290625	0.219388	0.316176	0.208754	0.183362	0.194958	0.208403	0.206612	0.192513	0.228041	0.210084	0.212121	0.224109	0.196277	0.211438	0.179002	0.190556	0.225424	0.215126	0.241147	0.227612	0.205042	0.230252	0.214405	0.255892	0.224138	0.235690	0.205387	0.245315	0.220911	0.244108	0.237856	0.229236	0.218487	0.166090	0.205782	0.211765	0.209651	0.222597	0.196809	0.219595	0.236577	0.202361	0.186242	0.242017	0.195578	0.203020	0.220911	0.241730	0.193548	0.195946	0.210526	0.208403	0.221284	0.195652	0.249581	0.204392	0.206723	0.194158	
0.197970	0.223958	0.206780	0.225424	0.256180	0.230118	0.000000	0.299363	0.214890	0.213198	0.244482	0.226510	0.238938	0.256757	0.207420	0.215054	0.215488	0.287975	0.232082	0.352518	0.220539	0.211604	0.256324	0.223906	0.209446	0.256272	0.209459	0.223906	0.234007	0.221088	0.192893	0.259130	0.191710	0.225424	0.234694	0.228956	0.210526	0.244860	0.226351	0.237374	0.236577	0.242833	0.256499	0.250423	0.225424	0.258944	0.234797	0.234797	0.244556	0.240401	0.224283	0.208904	0.212947	0.237374	0.218333	0.213198	0.219643	0.219966	0.239057	0.227119	0.183193	0.249578	0.236301	0.228956	0.224109	0.247423	0.233390	0.207131	0.271331	0.232323	0.250000	0.243697	0.238655	0.227119	0.247892	0.220310	
0.301887	0.296417	0.300319	0.303797	0.258475	0.210863	0.299363	0.000000	0.331230	0.352025	0.334385	0.281250	0.356436	0.361635	0.295597	0.189189	0.297806	0.409357	0.320635	0.390000	0.311111	0.304762	0.250000	0.298742	0.300781	0.243421	0.327044	0.287540	0.307692	0.310127	0.301887	0.246006	0.303630	0.259494	0.364217	0.311321	0.279365	0.318519	0.259494	0.318612	0.316456	0.359621	0.320388	0.314465	0.305732	0.403226	0.355556	0.317460	0.341693	0.332298	0.327044	0.198795	0.310127	0.336449	0.320872	0.306962	0.278912	0.314103	0.308176	0.324841	0.271028	0.342767	0.343042	0.265625	0.330189	0.337963	0.257962	0.297125	0.263492	0.287066	0.364217	0.302181	0.291536	0.274448	0.294304	0.252459	
0.180135	0.190641	0.202703	0.209106	0.289888	0.222222	0.214890	0.331230	0.000000	0.155143	0.187184	0.186978	0.186620	0.191275	0.147651	0.428571	0.194305	0.215625	0.206133	0.282609	0.171141	0.166667	0.213805	0.168067	0.148454	0.228980	0.170034	0.226891	0.187919	0.218644	0.153716	0.246101	0.154905	0.179054	0.179357	0.189916	0.226734	0.180297	0.247892	0.194305	0.172529	0.167504	0.221071	0.212121	0.161889	0.198642	0.180135	0.200000	0.188963	0.174709	0.167785	0.263889	0.195578	0.194958	0.161398	0.183811	0.229947	0.180438	0.198319	0.172297	0.197655	0.188235	0.180579	0.198997	0.172297	0.191327	0.231810	0.193929	0.245763	0.179530	0.182432	0.199330	0.249164	0.191201	0.223529	0.202055	
0.182125	0.202773	0.206780	0.210793	0.266816	0.230640	0.213198	0.352025	0.155143	0.000000	0.168919	0.193980	0.204586	0.185497	0.136134	0.445652	0.198319	0.166144	0.207483	0.255319	0.157983	0.153061	0.222597	0.148398	0.139918	0.224599	0.155405	0.213805	0.173986	0.203390	0.160473	0.243056	0.158348	0.187184	0.162162	0.162752	0.206430	0.184358	0.256324	0.211055	0.184564	0.181513	0.233564	0.213805	0.155143	0.205782	0.160473	0.207420	0.174497	0.187086	0.163025	0.255172	0.183051	0.198319	0.159734	0.192243	0.220641	0.158784	0.192953	0.143824	0.180905	0.161074	0.177474	0.209732	0.153976	0.192308	0.241497	0.191525	0.253833	0.168067	0.181664	0.168896	0.222781	0.194585	0.195616	0.219931	
0.177066	0.204861	0.191851	0.216216	0.283784	0.228426	0.244482	0.334385	0.187184	0.168919	0.000000	0.201005	0.213028	0.165261	0.148148	0.483871	0.188552	0.166144	0.204429	0.197080	0.173693	0.158703	0.207770	0.162162	0.175983	0.232975	0.145516	0.217538	0.165261	0.218058	0.181356	0.247387	0.150000	0.203046	0.174873	0.180438	0.200340	0.181648	0.275804	0.217172	0.195286	0.159664	0.249567	0.184122	0.162712	0.186757	0.197635	0.196639	0.184564	0.160000	0.166667	0.278351	0.210884	0.173401	0.160267	0.186441	0.226786	0.163851	0.183811	0.161889	0.198319	0.166667	0.162116	0.213087	0.177966	0.206718	0.222411	0.181356	0.260647	0.198988	0.164407	0.182274	0.226131	0.198642	0.179054	0.233677	
0.182274	0.197595	0.191275	0.241611	0.278396	0.200000	0.226510	0.281250	0.186978	0.193980	0.201005	0.000000	0.200698	0.222037	0.169717	0.362637	0.197674	0.267081	0.209106	0.338129	0.196667	0.185497	0.203673	0.194352	0.171079	0.231449	0.175879	0.230384	0.188963	0.225589	0.172819	0.230241	0.167235	0.192308	0.192630	0.210000	0.232441	0.201479	0.215359	0.220000	0.205638	0.212020	0.234188	0.210351	0.175879	0.226351	0.219634	0.236273	0.204319	0.216172	0.198664	0.187713	0.209106	0.221298	0.181219	0.207358	0.201413	0.181970	0.211667	0.182274	0.189684	0.210000	0.194585	0.184385	0.186242	0.216837	0.221849	0.201005	0.236088	0.181667	0.206723	0.200997	0.250415	0.216080	0.211667	0.177172	
0.189046	0.192727	0.224779	0.240283	0.303828	0.232804	0.238938	0.356436	0.186620	0.204586	0.213028	0.200698	0.000000	0.205624	0.177817	0.388889	0.195079	0.250825	0.216312	0.318519	0.203509	0.190731	0.239437	0.200351	0.166667	0.242026	0.194737	0.238596	0.197531	0.212389	0.178445	0.253165	0.177419	0.213404	0.216696	0.205624	0.227915	0.210526	0.249561	0.216783	0.208406	0.223199	0.260791	0.218310	0.201413	0.242424	0.215789	0.222807	0.209424	0.215652	0.209507	0.265683	0.208185	0.229825	0.208333	0.200000	0.229050	0.219684	0.227113	0.195767	0.203509	0.222222	0.205357	0.227273	0.185512	0.225543	0.236749	0.198230	0.275311	0.221441	0.226148	0.197898	0.253497	0.203540	0.224561	0.217235	
0.176471	0.235702	0.210438	0.244519	0.300226	0.236975	0.256757	0.361635	0.191275	0.185497	0.165261	0.222037	0.205624	0.000000	0.154104	0.483871	0.195326	0.155280	0.227891	0.178571	0.194631	0.173175	0.230640	0.184255	0.189691	0.242857	0.169748	0.211409	0.191597	0.233503	0.192243	0.245675	0.164666	0.219224	0.181049	0.176174	0.212479	0.178439	0.277311	0.227806	0.216080	0.161074	0.203098	0.208403	0.185811	0.171186	0.200675	0.178930	0.205686	0.191030	0.179832	0.328720	0.224109	0.179530	0.181063	0.222973	0.229947	0.185497	0.203361	0.187184	0.224832	0.218487	0.164407	0.234114	0.180743	0.183206	0.245347	0.207420	0.258883	0.212730	0.160745	0.177258	0.224080	0.201014	0.180905	0.249573	
0.156040	0.189983	0.177365	0.205042	0.262332	0.181513	0.207420	0.295597	0.147651	0.136134	0.148148	0.169717	0.177817	0.154104	0.000000	0.365591	0.181970	0.154321	0.189831	0.276596	0.149329	0.128814	0.186242	0.144054	0.150515	0.197861	0.141414	0.194305	0.152685	0.177365	0.144781	0.231834	0.123288	0.164430	0.146712	0.150754	0.210084	0.159259	0.214047	0.192308	0.168333	0.165829	0.204819	0.186242	0.129848	0.176271	0.148148	0.178930	0.154742	0.149007	0.150502	0.226804	0.187817	0.184255	0.129139	0.168067	0.193262	0.154882	0.178930	0.132773	0.158598	0.169179	0.159593	0.185000	0.149329	0.165816	0.191201	0.171717	0.223350	0.168896	0.168634	0.156928	0.230384	0.178752	0.180905	0.200342	
0.304348	0.452381	0.318681	0.369565	0.360465	0.217391	0.215054	0.189189	0.428571	0.445652	0.483871	0.362637	0.388889	0.483871	0.365591	0.000000	0.387097	0.544118	0.365591	0.392157	0.430108	0.387097	0.333333	0.369565	0.397059	0.296703	0.408602	0.266667	0.413043	0.365591	0.423913	0.206522	0.413333	0.329670	0.426966	0.411111	0.255556	0.515625	0.118280	0.430108	0.344086	0.473118	0.337079	0.380435	0.459770	0.451613	0.438202	0.467391	0.423913	0.395604	0.445652	0.126582	0.430233	0.434783	0.419355	0.326087	0.235955	0.428571	0.423913	0.413043	0.172043	0.419355	0.376344	0.225806	0.413043	0.466667	0.315217	0.402174	0.292135	0.411111	0.462366	0.402174	0.351648	0.340909	0.380435	0.159091	
0.189280	0.193103	0.198653	0.206723	0.252232	0.193980	0.215488	0.297806	0.194305	0.198319	0.188552	0.197674	0.195079	0.195326	0.181970	0.387097	0.000000	0.224615	0.210169	0.218310	0.173913	0.172881	0.195980	0.183946	0.155738	0.222025	0.189916	0.217755	0.196309	0.188235	0.183502	0.221071	0.155556	0.206723	0.207420	0.202003	0.231544	0.190388	0.241611	0.219064	0.195000	0.197324	0.206540	0.180301	0.179832	0.222034	0.199664	0.187291	0.198003	0.205298	0.180905	0.228669	0.184122	0.180301	0.201987	0.198319	0.219469	0.193277	0.220367	0.191597	0.195326	0.229481	0.181356	0.217970	0.198653	0.216285	0.195946	0.203361	0.212479	0.195326	0.204698	0.171667	0.216667	0.196970	0.178631	0.196246	
0.241486	0.257235	0.238994	0.213166	0.284091	0.290625	0.287975	0.409357	0.215625	0.166144	0.166144	0.267081	0.250825	0.155280	0.154321	0.544118	0.224615	0.000000	0.237342	0.197802	0.209375	0.174603	0.236760	0.165625	0.187251	0.269360	0.170347	0.231250	0.186120	0.242138	0.201893	0.274510	0.173770	0.216981	0.184713	0.190031	0.235110	0.187279	0.293375	0.216301	0.232198	0.171875	0.228296	0.239748	0.171875	0.168254	0.191824	0.213166	0.183801	0.202492	0.175385	0.398734	0.266026	0.200000	0.195046	0.247619	0.261290	0.181250	0.211838	0.188088	0.280374	0.196875	0.157233	0.270186	0.178683	0.219828	0.281150	0.203175	0.286174	0.204334	0.189274	0.200000	0.224299	0.208202	0.190625	0.301887	
0.197279	0.241259	0.226962	0.218058	0.254005	0.219388	0.232082	0.320635	0.206133	0.207483	0.204429	0.209106	0.216312	0.227891	0.189831	0.365591	0.210169	0.237342	0.000000	0.299270	0.202037	0.201377	0.205782	0.183673	0.179167	0.216606	0.209184	0.234295	0.192177	0.184615	0.175768	0.239016	0.176776	0.215620	0.205479	0.212224	0.246599	0.209040	0.261905	0.202361	0.223729	0.227504	0.231304	0.221088	0.204082	0.232479	0.208475	0.239389	0.228426	0.229866	0.200000	0.205575	0.234589	0.213559	0.216443	0.225641	0.252252	0.197952	0.227119	0.201022	0.213198	0.213922	0.182444	0.218274	0.211244	0.222798	0.250000	0.190476	0.246998	0.194915	0.214041	0.218274	0.243243	0.185374	0.200340	0.242634	
0.266187	0.288889	0.266187	0.303704	0.377358	0.316176	0.352518	0.390000	0.282609	0.255319	0.197080	0.338129	0.318519	0.178571	0.276596	0.392157	0.218310	0.197802	0.299270	0.000000	0.281690	0.278571	0.266187	0.244604	0.281250	0.295455	0.300000	0.246377	0.297101	0.275362	0.306569	0.294118	0.285714	0.253623	0.294118	0.198582	0.241135	0.294574	0.364964	0.338129	0.314286	0.211679	0.228346	0.219858	0.253623	0.173913	0.270073	0.244604	0.304348	0.271429	0.274648	0.390000	0.297101	0.178571	0.271429	0.260870	0.333333	0.239130	0.271429	0.255319	0.335714	0.283688	0.200000	0.319149	0.250000	0.186916	0.311594	0.294118	0.261194	0.307143	0.244604	0.219858	0.266187	0.262411	0.208633	0.364286	
0.173109	0.207254	0.201681	0.208754	0.261161	0.208754	0.220539	0.311111	0.171141	0.157983	0.173693	0.196667	0.203509	0.194631	0.149329	0.430108	0.173913	0.209375	0.202037	0.281690	0.000000	0.164966	0.198653	0.159664	0.165984	0.220249	0.163300	0.231933	0.179530	0.207770	0.168919	0.247834	0.138699	0.184874	0.165821	0.198664	0.222597	0.169460	0.228956	0.198664	0.176667	0.194958	0.244828	0.210084	0.161889	0.207131	0.186242	0.203020	0.200669	0.170813	0.169463	0.268041	0.204738	0.185619	0.162521	0.194958	0.235294	0.164706	0.209732	0.160202	0.194305	0.206376	0.185059	0.206667	0.161889	0.196931	0.215852	0.189189	0.229202	0.177852	0.191525	0.192308	0.245409	0.201014	0.192953	0.221843	
0.165247	0.210158	0.193162	0.213311	0.259091	0.183362	0.211604	0.304762	0.166667	0.153061	0.158703	0.185497	0.190731	0.173175	0.128814	0.387097	0.172881	0.174603	0.201377	0.278571	0.164966	0.000000	0.185690	0.154499	0.150000	0.189189	0.129472	0.208829	0.157627	0.197256	0.140678	0.241681	0.135652	0.172061	0.138225	0.179661	0.210256	0.171698	0.229592	0.203735	0.184746	0.174576	0.226481	0.202381	0.133333	0.197935	0.174061	0.200680	0.160745	0.170854	0.150847	0.274306	0.200686	0.181664	0.156303	0.193162	0.204668	0.164966	0.166384	0.149660	0.167797	0.169205	0.168096	0.203046	0.155290	0.190231	0.220890	0.163823	0.228522	0.179966	0.188034	0.174281	0.234797	0.165812	0.176570	0.213172	
0.195616	0.243056	0.228041	0.207770	0.249438	0.194958	0.256324	0.250000	0.213805	0.222597	0.207770	0.203673	0.239437	0.230640	0.186242	0.333333	0.195980	0.236760	0.205782	0.266187	0.198653	0.185690	0.000000	0.191597	0.192623	0.183929	0.204392	0.228571	0.185497	0.222411	0.179054	0.214905	0.173838	0.173986	0.216216	0.211409	0.255068	0.230483	0.244108	0.243697	0.195980	0.223906	0.204819	0.220911	0.187817	0.243197	0.212838	0.235690	0.224456	0.216306	0.189597	0.271478	0.232993	0.211409	0.192691	0.217905	0.236655	0.213805	0.231156	0.207770	0.206723	0.220539	0.197952	0.219799	0.192893	0.229381	0.224109	0.211506	0.238095	0.196639	0.206780	0.209380	0.226131	0.219966	0.178151	0.241852	
0.164706	0.195502	0.190878	0.207770	0.223476	0.208403	0.223906	0.298742	0.168067	0.148398	0.162162	0.194352	0.200351	0.184255	0.144054	0.369565	0.183946	0.165625	0.183673	0.244604	0.159664	0.154499	0.191597	0.000000	0.149590	0.194296	0.149329	0.216443	0.161345	0.197970	0.154882	0.203125	0.140411	0.173693	0.162162	0.172819	0.209106	0.150838	0.230252	0.197655	0.160267	0.196639	0.208981	0.211409	0.158249	0.181356	0.179832	0.218487	0.186978	0.171096	0.169748	0.232877	0.196610	0.175879	0.167496	0.190556	0.218472	0.173693	0.189597	0.149580	0.189280	0.186242	0.158163	0.195652	0.149832	0.202564	0.226734	0.165261	0.225424	0.170569	0.186125	0.163880	0.219064	0.183502	0.174497	0.207192	
0.137860	0.184713	0.192547	0.204545	0.265537	0.206612	0.209446	0.300781	0.148454	0.139918	0.175983	0.171079	0.166667	0.189691	0.150515	0.397059	0.155738	0.187251	0.179167	0.281250	0.165984	0.150000	0.192623	0.149590	0.000000	0.192560	0.164948	0.216049	0.152263	0.176349	0.154959	0.239915	0.144330	0.169421	0.168399	0.173196	0.213251	0.176734	0.242798	0.187243	0.150206	0.191358	0.209746	0.186335	0.157676	0.208333	0.162551	0.192623	0.175510	0.176471	0.158763	0.219008	0.194154	0.179959	0.156504	0.188797	0.220524	0.174538	0.195876	0.154959	0.181443	0.172485	0.167015	0.204918	0.160825	0.178125	0.216942	0.175983	0.229167	0.168033	0.163900	0.172131	0.229039	0.160164	0.175258	0.198745	
0.207143	0.233028	0.242857	0.237077	0.238771	0.192513	0.256272	0.243421	0.228980	0.224599	0.232975	0.231449	0.242026	0.242857	0.197861	0.296703	0.222025	0.269360	0.216606	0.295455	0.220249	0.189189	0.183929	0.194296	0.192560	0.000000	0.221429	0.237500	0.210714	0.212230	0.212500	0.217949	0.191956	0.205357	0.225806	0.225750	0.231183	0.210736	0.242857	0.252220	0.217699	0.222420	0.217153	0.224199	0.215686	0.252708	0.241503	0.266071	0.237168	0.248239	0.213904	0.241877	0.229803	0.225577	0.218310	0.217082	0.255682	0.223614	0.251337	0.218247	0.213144	0.235294	0.207957	0.220249	0.217235	0.233871	0.247756	0.235189	0.245045	0.197509	0.232558	0.209220	0.234043	0.225806	0.201426	0.222423	
0.159933	0.199653	0.187817	0.223350	0.276404	0.228041	0.209459	0.327044	0.170034	0.155405	0.145516	0.175879	0.194737	0.169748	0.141414	0.408602	0.189916	0.170347	0.209184	0.300000	0.163300	0.129472	0.204392	0.149329	0.164948	0.221429	0.000000	0.219224	0.154882	0.207131	0.152284	0.231304	0.129088	0.175973	0.164686	0.184874	0.201695	0.177570	0.251265	0.206376	0.191275	0.186869	0.222798	0.207071	0.164407	0.194208	0.175973	0.205734	0.169179	0.153078	0.164983	0.273356	0.205433	0.200337	0.151667	0.184433	0.217857	0.173986	0.183502	0.150592	0.200337	0.164983	0.160410	0.204698	0.160745	0.210256	0.237691	0.164129	0.252971	0.163025	0.185059	0.194305	0.229481	0.200675	0.200000	0.219178	
0.196639	0.244367	0.199662	0.236088	0.297052	0.210084	0.223906	0.287540	0.226891	0.213805	0.217538	0.230384	0.238596	0.211409	0.194305	0.266667	0.217755	0.231250	0.234295	0.246377	0.231933	0.208829	0.228571	0.216443	0.216049	0.237500	0.219224	0.000000	0.220168	0.243655	0.212838	0.226644	0.200686	0.230640	0.233503	0.222408	0.222597	0.224907	0.230640	0.255034	0.226131	0.201342	0.229706	0.223154	0.213805	0.234295	0.215488	0.214047	0.230000	0.237148	0.216443	0.249135	0.220713	0.219799	0.210963	0.207420	0.209591	0.218121	0.245378	0.209106	0.190955	0.241611	0.206133	0.217028	0.212838	0.230179	0.245763	0.209106	0.265651	0.233221	0.229730	0.217391	0.235786	0.244519	0.223529	0.202401	
0.168350	0.222414	0.188870	0.204047	0.271910	0.212121	0.234007	0.307692	0.187919	0.173986	0.165261	0.188963	0.197531	0.191597	0.152685	0.413043	0.196309	0.186120	0.192177	0.297101	0.179530	0.157627	0.185497	0.161345	0.152263	0.210714	0.154882	0.220168	0.000000	0.216582	0.150084	0.241739	0.134251	0.187184	0.188136	0.191275	0.241963	0.204842	0.245791	0.206030	0.181208	0.204698	0.220690	0.206723	0.155143	0.210169	0.194257	0.226891	0.175292	0.191030	0.173109	0.246575	0.219388	0.192953	0.163062	0.192243	0.228164	0.188552	0.203704	0.170320	0.187919	0.184564	0.189097	0.217391	0.165821	0.211735	0.233503	0.184122	0.244482	0.184564	0.201354	0.197655	0.233723	0.191201	0.200000	0.212329	
0.199662	0.208696	0.212947	0.195911	0.243182	0.224109	0.221088	0.310127	0.218644	0.203390	0.218058	0.225589	0.212389	0.233503	0.177365	0.365591	0.188235	0.242138	0.184615	0.275362	0.207770	0.197256	0.222411	0.197970	0.176349	0.212230	0.207131	0.243655	0.216582	0.000000	0.212585	0.239510	0.197232	0.213922	0.206133	0.215852	0.223729	0.215760	0.252115	0.237774	0.197635	0.219966	0.213913	0.210169	0.195246	0.226027	0.224109	0.219966	0.234401	0.224456	0.203390	0.213793	0.211966	0.219224	0.210351	0.214286	0.230769	0.212224	0.225042	0.187075	0.223350	0.230118	0.173242	0.224283	0.207483	0.250000	0.214286	0.198980	0.243151	0.198988	0.213311	0.204047	0.220539	0.185059	0.204047	0.238754	
0.164983	0.211438	0.198980	0.199324	0.257336	0.196277	0.192893	0.301887	0.153716	0.160473	0.181356	0.172819	0.178445	0.192243	0.144781	0.423913	0.183502	0.201893	0.175768	0.306569	0.168919	0.140678	0.179054	0.154882	0.154959	0.212500	0.152284	0.212838	0.150084	0.212585	0.000000	0.233449	0.132530	0.172589	0.171186	0.192243	0.213922	0.185393	0.234797	0.198988	0.200000	0.202020	0.225694	0.217172	0.150592	0.199659	0.187817	0.185811	0.174790	0.186667	0.163575	0.254296	0.189420	0.187919	0.176667	0.181356	0.194991	0.177066	0.173693	0.170897	0.177852	0.183502	0.186644	0.207071	0.168081	0.195929	0.223169	0.176271	0.223549	0.160202	0.201014	0.189597	0.244147	0.178268	0.204047	0.205479	
0.227431	0.232143	0.220870	0.263432	0.267898	0.211438	0.259130	0.246006	0.246101	0.243056	0.247387	0.230241	0.253165	0.245675	0.231834	0.206522	0.221071	0.274510	0.239016	0.294118	0.247834	0.241681	0.214905	0.203125	0.239915	0.217949	0.231304	0.226644	0.241739	0.239510	0.233449	0.000000	0.225177	0.216638	0.253054	0.248705	0.231707	0.243295	0.230903	0.275087	0.212069	0.250000	0.214920	0.243478	0.248264	0.267951	0.252174	0.266898	0.258621	0.264151	0.244792	0.195730	0.252632	0.221071	0.246998	0.238676	0.246324	0.250865	0.265165	0.250435	0.188256	0.272097	0.221831	0.219344	0.228621	0.271277	0.274956	0.231304	0.245184	0.214533	0.251748	0.242685	0.237931	0.245217	0.235702	0.196113	
0.139415	0.192580	0.180723	0.194492	0.231481	0.179002	0.191710	0.303630	0.154905	0.158348	0.150000	0.167235	0.177419	0.164666	0.123288	0.413333	0.155556	0.173770	0.176776	0.285714	0.138699	0.135652	0.173838	0.140411	0.144330	0.191956	0.129088	0.200686	0.134251	0.197232	0.132530	0.225177	0.000000	0.157804	0.151986	0.166381	0.191050	0.171271	0.231561	0.196581	0.169521	0.164948	0.204947	0.183849	0.142857	0.194444	0.160069	0.195876	0.164103	0.152542	0.149228	0.226277	0.193103	0.177778	0.151104	0.165517	0.205829	0.148973	0.176672	0.149485	0.166096	0.183849	0.172174	0.179487	0.148021	0.193878	0.214905	0.153713	0.223183	0.139932	0.171577	0.172650	0.209898	0.172414	0.161512	0.197898	
0.177365	0.207972	0.206081	0.227656	0.235426	0.190556	0.225424	0.259494	0.179054	0.187184	0.203046	0.192308	0.213404	0.219224	0.164430	0.329670	0.206723	0.216981	0.215620	0.253623	0.184874	0.172061	0.173986	0.173693	0.169421	0.205357	0.175973	0.230640	0.187184	0.213922	0.172589	0.216638	0.157804	0.000000	0.183051	0.185185	0.217905	0.202980	0.239460	0.246231	0.192630	0.210793	0.231034	0.222597	0.175084	0.218644	0.187184	0.228956	0.206030	0.194352	0.189916	0.257840	0.204082	0.221477	0.168053	0.177665	0.216458	0.188870	0.213805	0.185497	0.189597	0.197302	0.187713	0.185930	0.193929	0.226221	0.227119	0.194585	0.229592	0.194631	0.205782	0.187605	0.226131	0.211149	0.210084	0.209983	
0.181356	0.224739	0.223169	0.225806	0.264706	0.225424	0.234694	0.364217	0.179357	0.162162	0.174873	0.192630	0.216696	0.181049	0.146712	0.426966	0.207420	0.184713	0.205479	0.294118	0.165821	0.138225	0.216216	0.162162	0.168399	0.225806	0.164686	0.233503	0.188136	0.206133	0.171186	0.253054	0.151986	0.183051	0.000000	0.180438	0.229202	0.174397	0.254237	0.231419	0.188870	0.180743	0.225694	0.211506	0.166384	0.188356	0.182432	0.208122	0.189916	0.170569	0.160745	0.290210	0.219761	0.202361	0.153846	0.203735	0.245081	0.174281	0.199662	0.167797	0.188870	0.175676	0.186644	0.210793	0.154499	0.214470	0.234694	0.179966	0.244482	0.197302	0.195911	0.190236	0.257576	0.200680	0.216216	0.231034	
0.194631	0.231434	0.198988	0.215852	0.271910	0.215126	0.228956	0.311321	0.189916	0.162752	0.180438	0.210000	0.205624	0.176174	0.150754	0.411111	0.202003	0.190031	0.212224	0.198582	0.198664	0.179661	0.211409	0.172819	0.173196	0.225750	0.184874	0.222408	0.191275	0.215852	0.192243	0.248705	0.166381	0.185185	0.180438	0.000000	0.216807	0.205937	0.262185	0.210351	0.205342	0.184564	0.229310	0.216443	0.183811	0.186757	0.175084	0.187919	0.188333	0.200331	0.186242	0.268041	0.208122	0.193980	0.177152	0.201342	0.234875	0.181513	0.207705	0.170034	0.207358	0.212375	0.171477	0.212375	0.168350	0.193384	0.231419	0.195616	0.244068	0.207705	0.189509	0.178333	0.220367	0.200675	0.175879	0.239796	
0.196277	0.221254	0.191525	0.235993	0.287671	0.241147	0.210526	0.279365	0.226734	0.206430	0.200340	0.232441	0.227915	0.212479	0.210084	0.255556	0.231544	0.235110	0.246599	0.241135	0.222597	0.210256	0.255068	0.209106	0.213251	0.231183	0.201695	0.222597	0.241963	0.223729	0.213922	0.231707	0.191050	0.217905	0.229202	0.216807	0.000000	0.229907	0.237774	0.242424	0.225210	0.226351	0.257785	0.237374	0.223350	0.218803	0.235195	0.225589	0.234899	0.222037	0.206081	0.238754	0.224872	0.220539	0.215359	0.205433	0.198214	0.211506	0.239865	0.210169	0.217172	0.214165	0.196581	0.213445	0.215254	0.232558	0.244068	0.229202	0.255973	0.245791	0.219388	0.199664	0.243289	0.231810	0.228956	0.214408	
0.182495	0.217308	0.220561	0.215613	0.272959	0.227612	0.244860	0.318519	0.180297	0.184358	0.181648	0.201479	0.210526	0.178439	0.159259	0.515625	0.190388	0.187279	0.209040	0.294574	0.169460	0.171698	0.230483	0.150838	0.176734	0.210736	0.177570	0.224907	0.204842	0.215760	0.185393	0.243295	0.171271	0.202980	0.174397	0.205937	0.229907	0.000000	0.249071	0.226766	0.205176	0.202980	0.238095	0.230912	0.176580	0.224105	0.208178	0.221601	0.203327	0.196330	0.179963	0.286920	0.211610	0.209647	0.174632	0.220149	0.230920	0.180633	0.230056	0.171004	0.204461	0.224490	0.195857	0.228200	0.182836	0.235457	0.247655	0.207477	0.266791	0.194444	0.213483	0.212963	0.236599	0.199627	0.218924	0.229602	
0.214165	0.241319	0.203046	0.258010	0.265766	0.205042	0.226351	0.259494	0.247892	0.256324	0.275804	0.215359	0.249561	0.277311	0.214047	0.118280	0.241611	0.293375	0.261905	0.364964	0.228956	0.229592	0.244108	0.230252	0.242798	0.242857	0.251265	0.230640	0.245791	0.252115	0.234797	0.230903	0.231561	0.239460	0.254237	0.262185	0.237774	0.249071	0.000000	0.268007	0.229866	0.272727	0.260345	0.252951	0.228426	0.270408	0.260135	0.271044	0.268007	0.267442	0.244108	0.183391	0.235993	0.255462	0.249169	0.250423	0.212121	0.239865	0.250000	0.248311	0.197987	0.262626	0.226576	0.206376	0.237774	0.277635	0.252971	0.236486	0.246180	0.260434	0.258065	0.239531	0.281407	0.247039	0.258824	0.194158	
0.215126	0.229706	0.235690	0.218487	0.263982	0.230252	0.237374	0.318612	0.194305	0.211055	0.217172	0.220000	0.216783	0.227806	0.192308	0.430108	0.219064	0.216301	0.202361	0.338129	0.198664	0.203735	0.243697	0.197655	0.187243	0.252220	0.206376	0.255034	0.206030	0.237774	0.198988	0.275087	0.196581	0.246231	0.231419	0.210351	0.242424	0.226766	0.268007	0.000000	0.223706	0.228188	0.259897	0.226510	0.190236	0.240271	0.196309	0.236577	0.217028	0.224793	0.198997	0.270548	0.229730	0.217391	0.208264	0.221477	0.262411	0.200000	0.214405	0.198653	0.228715	0.237856	0.215620	0.228333	0.211765	0.227621	0.238176	0.225210	0.272881	0.213333	0.194257	0.230000	0.260434	0.196309	0.227806	0.262351	
0.177554	0.210708	0.200000	0.223154	0.271715	0.214405	0.236577	0.316456	0.172529	0.184564	0.195286	0.205638	0.208406	0.216080	0.168333	0.344086	0.195000	0.232198	0.223729	0.314286	0.176667	0.184746	0.195980	0.160267	0.150206	0.217699	0.191275	0.226131	0.181208	0.197635	0.200000	0.212069	0.169521	0.192630	0.188870	0.205342	0.225210	0.205176	0.229866	0.223706	0.000000	0.189280	0.236301	0.209380	0.177852	0.223729	0.194305	0.230769	0.206323	0.198675	0.197324	0.199313	0.216582	0.198664	0.173554	0.195652	0.226549	0.206376	0.213333	0.179229	0.186356	0.207012	0.185059	0.205000	0.179832	0.242347	0.229342	0.199330	0.255499	0.185619	0.201342	0.186667	0.239601	0.198653	0.198664	0.199659	
0.186555	0.230104	0.192893	0.228956	0.296875	0.255892	0.242833	0.359621	0.167504	0.181513	0.159664	0.212020	0.223199	0.161074	0.165829	0.473118	0.197324	0.171875	0.227504	0.211679	0.194958	0.174576	0.223906	0.196639	0.191358	0.222420	0.186869	0.201342	0.204698	0.219966	0.202020	0.250000	0.164948	0.210793	0.180743	0.184564	0.226351	0.202980	0.272727	0.228188	0.189280	0.000000	0.220690	0.191275	0.182432	0.177665	0.200675	0.183946	0.196667	0.200997	0.179832	0.298969	0.237691	0.177852	0.181063	0.212479	0.222025	0.178451	0.206723	0.188552	0.211055	0.208054	0.173765	0.230384	0.179054	0.176020	0.245763	0.207420	0.258883	0.204698	0.176768	0.187291	0.231281	0.221284	0.191275	0.244863	
0.224913	0.265597	0.232759	0.254325	0.264840	0.224138	0.256499	0.320388	0.221071	0.233564	0.249567	0.234188	0.260791	0.203098	0.204819	0.337079	0.206540	0.228296	0.231304	0.228346	0.244828	0.226481	0.204819	0.208981	0.209746	0.217153	0.222798	0.229706	0.220690	0.213913	0.225694	0.214920	0.204947	0.231034	0.225694	0.229310	0.257785	0.238095	0.260345	0.259897	0.236301	0.220690	0.000000	0.217241	0.215889	0.228621	0.221071	0.241379	0.246998	0.244027	0.224138	0.258182	0.235602	0.221649	0.223169	0.254766	0.251825	0.237024	0.268041	0.223570	0.230241	0.253886	0.210158	0.237113	0.247834	0.248042	0.245217	0.230903	0.256545	0.222031	0.227431	0.218213	0.215753	0.227431	0.204819	0.234155	
0.202020	0.212803	0.213559	0.224662	0.266968	0.235690	0.250423	0.314465	0.212121	0.213805	0.184122	0.210351	0.218310	0.208403	0.186242	0.380435	0.180301	0.239748	0.221088	0.219858	0.210084	0.202381	0.220911	0.211409	0.186335	0.224199	0.207071	0.223154	0.206723	0.210169	0.217172	0.243478	0.183849	0.222597	0.211506	0.216443	0.237374	0.230912	0.252951	0.226510	0.209380	0.191275	0.217241	0.000000	0.202361	0.212947	0.225970	0.191597	0.226131	0.224252	0.193603	0.244828	0.215620	0.191275	0.202995	0.215488	0.240642	0.215488	0.223906	0.214527	0.226510	0.236577	0.182283	0.238731	0.229730	0.237975	0.222034	0.214527	0.246599	0.209732	0.197635	0.198664	0.216667	0.197635	0.183193	0.224315	
0.180743	0.211806	0.186125	0.202703	0.279545	0.205387	0.225424	0.305732	0.161889	0.155143	0.162712	0.175879	0.201413	0.185811	0.129848	0.459770	0.179832	0.171875	0.204082	0.253623	0.161889	0.133333	0.187817	0.158249	0.157676	0.215686	0.164407	0.213805	0.155143	0.195246	0.150592	0.248264	0.142857	0.175084	0.166384	0.183811	0.223350	0.176580	0.228426	0.190236	0.177852	0.182432	0.215889	0.202361	0.000000	0.194539	0.157095	0.203704	0.171429	0.174709	0.153199	0.296167	0.207836	0.203361	0.150250	0.191525	0.213262	0.150592	0.183502	0.158784	0.193277	0.177066	0.188034	0.201681	0.159322	0.176020	0.231687	0.201695	0.238501	0.180135	0.181664	0.156303	0.233221	0.172881	0.170320	0.223752	
0.192177	0.242583	0.212947	0.250847	0.292517	0.245315	0.258944	0.403226	0.198642	0.205782	0.186757	0.226351	0.242424	0.171186	0.176271	0.451613	0.222034	0.168254	0.232479	0.173913	0.207131	0.197935	0.243197	0.181356	0.208333	0.252708	0.194208	0.234295	0.210169	0.226027	0.199659	0.267951	0.194444	0.218644	0.188356	0.186757	0.218803	0.224105	0.270408	0.240271	0.223729	0.177665	0.228621	0.212947	0.194539	0.000000	0.222789	0.214890	0.208754	0.187919	0.199662	0.296552	0.222603	0.186441	0.192953	0.213311	0.251799	0.197952	0.208829	0.190801	0.240678	0.217687	0.163511	0.238176	0.192177	0.184896	0.252560	0.213311	0.269297	0.217905	0.194872	0.185811	0.265651	0.216354	0.185059	0.249567	
0.170608	0.232236	0.208122	0.231810	0.282167	0.220911	0.234797	0.355556	0.180135	0.160473	0.197635	0.219634	0.215789	0.200675	0.148148	0.438202	0.199664	0.191824	0.208475	0.270073	0.186242	0.174061	0.212838	0.179832	0.162551	0.241503	0.175973	0.215488	0.194257	0.224109	0.187817	0.252174	0.160069	0.187184	0.182432	0.175084	0.235195	0.208178	0.260135	0.196309	0.194305	0.200675	0.221071	0.225970	0.157095	0.222789	0.000000	0.220168	0.181208	0.191348	0.176768	0.294118	0.219015	0.214765	0.168333	0.207770	0.232558	0.187184	0.201681	0.170897	0.213087	0.200337	0.192833	0.222781	0.159052	0.206186	0.252971	0.192568	0.242373	0.206723	0.212838	0.182886	0.251256	0.216582	0.212479	0.238422	
0.200000	0.237435	0.207770	0.237774	0.289238	0.244108	0.234797	0.317460	0.200000	0.207420	0.196639	0.236273	0.222807	0.178930	0.178930	0.467391	0.187291	0.213166	0.239389	0.244604	0.203020	0.200680	0.235690	0.218487	0.192623	0.266071	0.205734	0.214047	0.226891	0.219966	0.185811	0.266898	0.195876	0.228956	0.208122	0.187919	0.225589	0.221601	0.271044	0.236577	0.230769	0.183946	0.241379	0.191597	0.203704	0.214890	0.220168	0.000000	0.213689	0.220564	0.189916	0.326460	0.230900	0.192630	0.207641	0.214165	0.231729	0.193277	0.216443	0.204047	0.238255	0.221849	0.183362	0.253333	0.212479	0.161538	0.243655	0.214165	0.245347	0.214765	0.204047	0.195000	0.233333	0.221284	0.187919	0.245283	
0.192308	0.244828	0.220168	0.224832	0.300448	0.237856	0.244556	0.341693	0.188963	0.174497	0.184564	0.204319	0.209424	0.205686	0.154742	0.423913	0.198003	0.183801	0.228426	0.304348	0.200669	0.160745	0.224456	0.186978	0.175510	0.237168	0.169179	0.230000	0.175292	0.234401	0.174790	0.258621	0.164103	0.206030	0.189916	0.188333	0.234899	0.203327	0.268007	0.217028	0.206323	0.196667	0.246998	0.226131	0.171429	0.208754	0.181208	0.213689	0.000000	0.185124	0.190635	0.264605	0.228956	0.210000	0.186777	0.187605	0.242478	0.172529	0.214047	0.185930	0.203673	0.202341	0.194915	0.226290	0.157983	0.214834	0.259696	0.199664	0.268128	0.198333	0.218855	0.201331	0.234219	0.223154	0.188648	0.231687	
0.179700	0.206838	0.218698	0.234219	0.277162	0.229236	0.240401	0.332298	0.174709	0.187086	0.160000	0.216172	0.215652	0.191030	0.149007	0.395604	0.205298	0.202492	0.229866	0.271429	0.170813	0.170854	0.216306	0.171096	0.176471	0.248239	0.153078	0.237148	0.191030	0.224456	0.186667	0.264151	0.152542	0.194352	0.170569	0.200331	0.222037	0.196330	0.267442	0.224793	0.198675	0.200997	0.244027	0.224252	0.174709	0.187919	0.191348	0.220564	0.185124	0.000000	0.180763	0.279863	0.210702	0.208264	0.174056	0.195000	0.242958	0.180000	0.207297	0.166667	0.206954	0.185738	0.194958	0.214876	0.171667	0.210127	0.232831	0.196995	0.248322	0.180464	0.197655	0.184818	0.254545	0.208681	0.194352	0.242373	
0.183193	0.200000	0.197302	0.212121	0.260674	0.218487	0.224283	0.327044	0.167785	0.163025	0.166667	0.198664	0.209507	0.179832	0.150502	0.445652	0.180905	0.175385	0.200000	0.274648	0.169463	0.150847	0.189597	0.169748	0.158763	0.213904	0.164983	0.216443	0.173109	0.203390	0.163575	0.244792	0.149228	0.189916	0.160745	0.186242	0.206081	0.179963	0.244108	0.198997	0.197324	0.179832	0.224138	0.193603	0.153199	0.199662	0.176768	0.189916	0.190635	0.180763	0.000000	0.282759	0.188136	0.192630	0.144040	0.205734	0.210619	0.158516	0.197324	0.173401	0.199664	0.194958	0.154499	0.204013	0.170034	0.193878	0.230508	0.185811	0.220713	0.192953	0.177966	0.180301	0.229097	0.185497	0.178151	0.219554	
0.241379	0.217993	0.232394	0.212329	0.223301	0.166090	0.208904	0.198795	0.263889	0.255172	0.278351	0.187713	0.265683	0.328720	0.226804	0.126582	0.228669	0.398734	0.205575	0.390000	0.268041	0.274306	0.271478	0.232877	0.219008	0.241877	0.273356	0.249135	0.246575	0.213793	0.254296	0.195730	0.226277	0.257840	0.290210	0.268041	0.238754	0.286920	0.183391	0.270548	0.199313	0.298969	0.258182	0.244828	0.296167	0.296552	0.294118	0.326460	0.264605	0.279863	0.282759	0.000000	0.224913	0.267123	0.268707	0.237931	0.203448	0.276817	0.280277	0.270833	0.202749	0.295533	0.227586	0.197279	0.248252	0.339506	0.214789	0.246528	0.189474	0.244828	0.302083	0.258621	0.287671	0.247387	0.263889	0.150000	
0.204082	0.161179	0.212947	0.219388	0.251701	0.205782	0.212947	0.310127	0.195578	0.183051	0.210884	0.209106	0.208185	0.224109	0.187817	0.430233	0.184122	0.266026	0.234589	0.297101	0.204738	0.200686	0.232993	0.196610	0.194154	0.229803	0.205433	0.220713	0.219388	0.211966	0.189420	0.252632	0.193103	0.204082	0.219761	0.208122	0.224872	0.211610	0.235993	0.229730	0.216582	0.237691	0.235602	0.215620	0.207836	0.222603	0.219015	0.230900	0.228956	0.210702	0.188136	0.224913	0.000000	0.231810	0.199664	0.193878	0.228417	0.212947	0.234295	0.204429	0.208475	0.244482	0.197595	0.194257	0.214651	0.219072	0.200000	0.203072	0.230769	0.217538	0.220890	0.195616	0.246622	0.212947	0.227504	0.194107	
0.193980	0.223368	0.210438	0.233221	0.263514	0.211765	0.237374	0.336449	0.194958	0.198319	0.173401	0.221298	0.229825	0.179530	0.184255	0.434783	0.180301	0.200000	0.213559	0.178571	0.185619	0.181664	0.211409	0.175879	0.179959	0.225577	0.200337	0.219799	0.192953	0.219224	0.187919	0.221071	0.177778	0.221477	0.202361	0.193980	0.220539	0.209647	0.255462	0.217391	0.198664	0.177852	0.221649	0.191275	0.203361	0.186441	0.214765	0.192630	0.210000	0.208264	0.192630	0.267123	0.231810	0.000000	0.202322	0.219224	0.231317	0.194305	0.223154	0.196970	0.214047	0.216080	0.169779	0.245000	0.186869	0.204082	0.234797	0.198988	0.247458	0.184255	0.186125	0.195326	0.235880	0.215488	0.167785	0.235094	
0.165837	0.203072	0.200669	0.225376	0.286976	0.209651	0.218333	0.320872	0.161398	0.159734	0.160267	0.181219	0.208333	0.181063	0.129139	0.419355	0.201987	0.195046	0.216443	0.271429	0.162521	0.156303	0.192691	0.167496	0.156504	0.218310	0.151667	0.210963	0.163062	0.210351	0.176667	0.246998	0.151104	0.168053	0.153846	0.177152	0.215359	0.174632	0.249169	0.208264	0.173554	0.181063	0.223169	0.202995	0.150250	0.192953	0.168333	0.207641	0.186777	0.174056	0.144040	0.268707	0.199664	0.202322	0.000000	0.186356	0.224561	0.168333	0.195688	0.155000	0.197020	0.179104	0.186869	0.185430	0.165000	0.181818	0.217391	0.168614	0.239933	0.185430	0.195980	0.188119	0.249587	0.200000	0.194352	0.206430	
0.190878	0.206239	0.213198	0.208122	0.259009	0.222597	0.213198	0.306962	0.183811	0.192243	0.186441	0.207358	0.200000	0.222973	0.168067	0.326087	0.198319	0.247619	0.225641	0.260870	0.194958	0.193162	0.217905	0.190556	0.188797	0.217082	0.184433	0.207420	0.192243	0.214286	0.181356	0.238676	0.165517	0.177665	0.203735	0.201342	0.205433	0.220149	0.250423	0.221477	0.195652	0.212479	0.254766	0.215488	0.191525	0.213311	0.207770	0.214165	0.187605	0.195000	0.205734	0.237931	0.193878	0.219224	0.186356	0.000000	0.218247	0.208122	0.218487	0.188136	0.200000	0.209106	0.193493	0.178151	0.181664	0.218830	0.217687	0.206430	0.238501	0.200675	0.215254	0.204698	0.253782	0.227504	0.217905	0.203098	
0.195730	0.219780	0.184258	0.232558	0.277251	0.196809	0.219643	0.278912	0.229947	0.220641	0.226786	0.201413	0.229050	0.229947	0.193262	0.235955	0.219469	0.261290	0.252252	0.333333	0.235294	0.204668	0.236655	0.218472	0.220524	0.255682	0.217857	0.209591	0.228164	0.230769	0.194991	0.246324	0.205829	0.216458	0.245081	0.234875	0.198214	0.230920	0.212121	0.262411	0.226549	0.222025	0.251825	0.240642	0.213262	0.251799	0.232558	0.231729	0.242478	0.242958	0.210619	0.203448	0.228417	0.231317	0.224561	0.218247	0.000000	0.230357	0.237589	0.233096	0.193606	0.265957	0.201439	0.193606	0.228164	0.259053	0.213645	0.212880	0.225225	0.227353	0.224014	0.220848	0.261484	0.239714	0.216312	0.189091	
0.180743	0.220104	0.189189	0.225042	0.276404	0.219595	0.219966	0.314103	0.180438	0.158784	0.163851	0.181970	0.219684	0.185497	0.154882	0.428571	0.193277	0.181250	0.197952	0.239130	0.164706	0.164966	0.213805	0.173693	0.174538	0.223614	0.173986	0.218121	0.188552	0.212224	0.177066	0.250865	0.148973	0.188870	0.174281	0.181513	0.211506	0.180633	0.239865	0.200000	0.206376	0.178451	0.237024	0.215488	0.150592	0.197952	0.187184	0.193277	0.172529	0.180000	0.158516	0.276817	0.212947	0.194305	0.168333	0.208122	0.230357	0.000000	0.195616	0.168350	0.197987	0.189916	0.176068	0.214405	0.183051	0.169231	0.241963	0.196277	0.243612	0.191597	0.182741	0.199330	0.226667	0.191201	0.180438	0.243151	
