0.739100	-0.044043	0.028371	-0.060503	-0.104976	-0.028074	0.031386	-0.050690	0.004658	-0.039131	-0.034901	-0.012226	-0.015055	0.026403	-0.003619	0.151482	-0.036433	-0.106670	-0.025787	-0.048528	-0.003020	-0.002582	-0.014027	0.003790	0.069880	-0.014900	0.013821	0.033490	0.009243	-0.027132	0.011750	-0.033080	0.047662	-0.000130	-0.015452	-0.036169	0.029360	0.001586	0.022952	-0.037761	0.006068	-0.007695	-0.041223	-0.018192	-0.042164	-0.012232	0.079686	-0.013869	-0.031430	-0.003627	-0.051865	-0.040266	-0.057001	-0.035795	0.024066	-0.013051	0.046021	-0.020623	0.028869	-0.003975	0.085411	-0.072869	-0.040282	0.018574	-0.003635	-0.000823	-0.071386	0.023163	-0.055055	0.020170	-0.011901	-0.015311	-0.020232	-0.047127	-0.049101	-0.017937	
-0.044043	1.224959	-0.057645	-0.014849	0.059347	-0.032507	0.035676	0.042283	0.039404	-0.027021	-0.014513	0.023309	0.099866	-0.094834	-0.039553	-0.103151	0.086951	-0.069366	-0.051026	-0.013211	0.001710	-0.027778	-0.093554	-0.006026	0.001707	-0.007975	0.004383	-0.077694	-0.078324	0.026002	-0.059070	-0.010298	-0.050649	-0.028915	-0.092422	-0.087364	0.045341	-0.056048	0.015241	0.028518	-0.010633	-0.054432	-0.104507	0.037848	-0.059933	-0.048307	-0.096774	-0.037019	-0.095381	0.045701	0.036208	0.092342	0.249183	-0.053764	-0.010636	-0.031577	0.010361	-0.082270	-0.007597	-0.060521	-0.019127	-0.017133	0.036574	-0.043885	-0.062530	-0.060916	0.112697	0.021091	0.067333	-0.073929	-0.079478	0.008949	-0.123396	-0.090343	-0.051081	0.055836	
0.028371	-0.057645	1.037582	0.014407	-0.144656	0.003590	0.015896	0.034744	-0.040164	-0.066758	-0.017885	0.015867	-0.043854	-0.030035	-0.026419	0.215918	-0.039255	-0.076207	-0.062926	0.098071	-0.052608	-0.049054	-0.067520	-0.039481	0.015170	-0.095356	-0.020917	0.054357	0.009838	-0.004386	-0.065975	0.025801	-0.007437	-0.031551	-0.093372	-0.035236	0.078120	-0.062727	0.094291	-0.063636	0.002598	0.037660	-0.041355	-0.032583	-0.010543	-0.028921	-0.045639	-0.014193	-0.067232	-0.073880	-0.011039	0.046158	-0.015108	-0.024997	-0.034604	-0.055201	0.102054	0.049671	-0.015195	-0.000622	0.066497	-0.045814	0.050534	0.027399	-0.059631	-0.002085	0.042151	-0.028367	0.056318	-0.009678	-0.021514	-0.008911	-0.086041	0.016946	-0.038319	0.024842	
-0.060503	-0.014849	0.014407	1.181268	0.147096	-0.014246	0.046014	-0.006125	-0.020742	-0.012600	-0.026581	-0.103557	-0.010608	-0.085265	-0.070069	-0.020405	-0.000124	0.025416	-0.005706	0.024967	-0.029313	-0.069010	0.024951	-0.018925	0.009634	-0.068572	-0.064459	0.003329	0.012539	0.078313	-0.032643	-0.083026	-0.036311	-0.066892	-0.050222	-0.014175	-0.032369	0.071921	-0.053047	0.033300	-0.049149	-0.024278	-0.064109	-0.014060	0.005170	-0.058880	-0.054031	-0.065274	-0.024489	-0.062947	-0.005468	0.041869	0.002616	-0.070511	-0.058917	0.046580	-0.005968	-0.038786	-0.025791	-0.069113	-0.054152	-0.010562	0.015880	-0.037424	-0.022013	-0.033213	0.127804	0.094744	-0.052771	-0.027054	-0.012040	0.011642	0.063739	0.009219	-0.013174	-0.036506	
-0.104976	0.059347	-0.144656	0.147096	1.621089	0.148688	0.005866	0.268272	-0.169939	-0.075113	-0.111998	-0.044230	-0.125378	-0.182208	-0.127162	0.064392	-0.031764	0.073271	0.081187	-0.083772	-0.072143	-0.095952	0.008073	0.011723	-0.121455	0.174724	-0.121303	-0.049406	-0.046226	0.076175	-0.057750	0.105084	-0.039667	0.090589	-0.050363	-0.074570	-0.075716	-0.099420	0.035113	0.008158	-0.106719	-0.098243	0.077959	0.003970	-0.145949	-0.076143	-0.086906	-0.105234	-0.137024	-0.066832	-0.029516	0.211287	-0.008923	-0.024470	-0.134504	0.009879	0.027582	-0.144560	0.145839	-0.104690	-0.100283	-0.099829	-0.093550	-0.045543	-0.047391	-0.176926	0.200632	0.068747	0.228083	0.036304	-0.031532	-0.017735	-0.031506	0.127347	-0.063821	0.112204	
-0.028074	-0.032507	0.003590	-0.014246	0.148688	0.892326	-0.003455	0.291549	-0.054188	-0.102714	-0.083055	0.013280	-0.053958	-0.076208	-0.015851	0.599205	0.015552	-0.131530	-0.011580	-0.029777	-0.052164	0.035166	0.062589	-0.080160	-0.053352	0.112294	-0.112973	0.015474	-0.036575	-0.039556	-0.030829	0.059443	-0.027829	0.026936	-0.023883	-0.043122	-0.053706	-0.069110	0.094903	-0.041837	-0.011173	-0.153528	0.030841	-0.053560	-0.049832	-0.076906	-0.041939	-0.097586	-0.080423	-0.075757	-0.080354	0.271280	-0.002795	-0.012265	0.009406	-0.049174	0.097990	-0.063756	-0.059643	0.000210	0.051416	-0.060339	0.003575	0.037273	-0.090989	-0.035291	0.131992	0.020623	0.086268	-0.026723	-0.024920	0.002836	-0.044006	0.043615	-0.026384	0.062346	
0.031386	0.035676	0.015896	0.046014	0.005866	-0.003455	1.104473	0.059753	0.013928	-0.041971	-0.114082	-0.012175	-0.060016	-0.094589	-0.035644	0.652420	0.009862	-0.134634	-0.013569	-0.133191	-0.025334	-0.036940	-0.071713	-0.063266	-0.022250	-0.081403	-0.007851	0.073265	-0.084301	0.048388	0.044341	-0.042544	0.008236	-0.027545	-0.046102	-0.037084	0.081636	-0.090019	0.125356	0.041913	-0.049125	-0.067948	-0.044965	-0.067918	-0.051418	-0.094357	-0.050752	0.005654	-0.059394	-0.048500	-0.033132	0.222232	0.044218	-0.040255	-0.007544	0.035559	0.050921	-0.047988	0.059257	-0.072663	0.131933	-0.060060	-0.095919	0.001229	-0.032608	-0.025284	0.031680	0.028222	-0.071720	-0.057304	-0.083254	-0.102808	0.093300	-0.026545	-0.088270	0.031381	
-0.050690	0.042283	0.034744	-0.006125	0.268272	0.291549	0.059753	1.526060	-0.098574	-0.253374	-0.158082	0.036186	-0.135878	-0.214687	-0.087463	1.062922	-0.090852	-0.254341	-0.085581	0.007183	-0.100410	-0.080140	0.133067	-0.137463	-0.141260	0.263081	-0.046705	0.102283	-0.136283	-0.088540	-0.046134	0.299306	-0.115200	0.113293	-0.251895	-0.093602	0.145892	-0.089697	0.324360	-0.052992	-0.145259	-0.148196	0.053684	-0.051052	-0.147166	-0.300448	-0.160832	0.015378	-0.157128	-0.165452	-0.146788	0.591565	-0.050356	-0.100481	-0.144186	-0.061215	0.205586	-0.063035	0.059328	-0.154194	0.127786	-0.019676	-0.168391	0.135540	-0.133446	-0.069885	0.128077	-0.021906	0.209436	0.031038	-0.191285	-0.061860	0.075761	-0.021307	-0.054739	0.193869	
0.004658	0.039404	-0.040164	-0.020742	-0.169939	-0.054188	0.013928	-0.098574	0.868294	0.041926	-0.027404	-0.005888	0.097040	0.036862	0.015370	-0.272963	0.000000	-0.077231	-0.050631	-0.128475	0.018430	0.007883	-0.033892	-0.015499	0.031083	-0.057118	-0.015151	-0.060790	-0.041508	-0.030055	0.063281	-0.087032	0.014681	0.026251	-0.016838	-0.006468	-0.065492	-0.003920	-0.050659	0.055334	0.043648	0.072659	-0.026711	-0.040512	0.028241	-0.015840	0.006092	-0.001920	0.006157	0.034422	0.018174	-0.134833	-0.002469	-0.042025	0.039153	0.040302	-0.076151	-0.004621	0.005574	0.004600	-0.042769	0.015210	-0.016063	-0.010257	0.004398	-0.015162	-0.047638	-0.028902	-0.052925	0.010455	0.030112	-0.052990	-0.085576	0.004021	-0.092372	-0.031654	
-0.039131	-0.027021	-0.066758	-0.012600	-0.075113	-0.102714	-0.041971	-0.253374	0.041926	0.900633	0.035743	-0.033671	-0.030725	0.053090	0.048774	-0.366064	-0.056610	0.046530	-0.047641	-0.096940	0.039701	0.025258	-0.101829	0.017585	0.059375	-0.068468	0.039334	-0.016624	0.001689	-0.041946	0.010326	-0.104613	-0.020758	-0.039942	0.023959	0.122789	-0.005931	-0.000989	-0.131154	-0.049102	-0.027655	0.015529	-0.074862	-0.022302	0.028532	-0.016814	0.144576	-0.031053	0.017941	-0.025904	0.009409	-0.090033	0.041099	-0.020296	0.045680	-0.025809	-0.042171	0.048004	0.010670	0.058761	0.023863	0.104381	-0.019938	-0.061902	0.031817	-0.011428	-0.110469	-0.045761	-0.093115	0.047539	0.020761	0.015383	-0.045533	-0.040669	-0.020457	-0.050604	
-0.034901	-0.014513	-0.017885	-0.026581	-0.111998	-0.083055	-0.114082	-0.158082	-0.027404	0.035743	0.978584	-0.029295	-0.067117	0.054549	0.011988	-0.378433	-0.021396	0.193692	0.056522	0.110440	-0.005289	0.006174	-0.047407	0.046919	-0.047278	-0.083399	0.059412	-0.056478	0.028396	-0.082171	-0.038448	-0.098680	0.015366	-0.058033	0.010810	0.021550	0.004420	-0.010241	-0.168925	-0.031537	-0.046242	0.080637	-0.105333	0.044254	0.022750	0.009261	-0.019818	0.008663	0.001959	0.060986	0.007567	-0.173035	-0.069263	0.030110	0.016482	0.040093	-0.058061	0.029058	0.056752	0.030933	-0.038011	0.126478	0.036942	-0.037474	-0.026733	-0.003184	-0.024978	-0.007305	-0.113998	-0.054674	0.111557	-0.009512	-0.026418	-0.048416	0.023870	-0.089872	
-0.012226	0.023309	0.015867	-0.103557	-0.044230	0.013280	-0.012175	0.036186	-0.005888	-0.033671	-0.029295	0.809089	0.002905	-0.066943	-0.004749	0.058555	-0.024773	-0.139588	0.012124	-0.130173	-0.036148	-0.020388	0.038327	-0.044197	0.006948	-0.055455	0.015711	-0.060827	-0.002407	-0.066119	0.015557	0.006095	-0.006404	0.036491	-0.008775	-0.046341	-0.030128	-0.013836	0.087040	-0.044052	-0.018293	-0.029383	-0.006142	-0.031482	0.017965	-0.026545	-0.091893	-0.083405	0.002056	-0.064908	-0.051683	0.181488	-0.035836	-0.059709	0.051106	-0.045857	0.050436	0.034742	-0.022042	0.014954	0.028285	0.025152	-0.029266	0.065185	0.013334	0.026621	-0.011806	-0.017264	-0.028991	0.034739	0.029881	-0.034612	-0.052243	-0.055112	-0.037777	0.098087	
-0.015055	0.099866	-0.043854	-0.010608	-0.125378	-0.053958	-0.060016	-0.135878	0.097040	-0.030725	-0.067117	0.002905	1.188703	0.018633	0.003269	-0.178010	0.025780	-0.083134	0.013323	-0.157900	-0.005112	0.011078	-0.045957	-0.055485	0.034167	-0.038899	-0.014020	-0.057023	0.013364	0.028986	0.021776	-0.027787	0.004374	-0.028707	-0.072148	0.040938	0.013635	-0.028567	-0.030742	0.062891	-0.011759	-0.030874	-0.069447	0.020438	-0.021624	-0.030647	-0.010038	-0.023730	0.028269	-0.024175	-0.053930	-0.071075	0.031365	-0.059892	-0.067666	0.024399	-0.006855	-0.056629	-0.048430	-0.009382	0.013479	-0.020476	-0.035188	-0.012830	0.068658	-0.029472	-0.027752	0.011234	-0.128477	-0.080053	-0.043849	0.018938	-0.022357	0.046681	-0.043829	-0.019746	
0.026403	-0.094834	-0.030035	-0.085265	-0.182208	-0.076208	-0.094589	-0.214687	0.036862	0.053090	0.054549	-0.066943	0.018633	1.013752	0.028771	-0.387801	0.008035	0.108781	-0.078175	0.300175	0.003059	0.013235	-0.071676	-0.045595	-0.045377	-0.095920	0.037823	0.034182	0.020412	-0.086461	-0.027900	-0.038664	-0.001105	-0.090143	0.026285	0.039578	-0.005819	0.074376	-0.100657	-0.064803	-0.059690	0.107979	0.100197	-0.001625	-0.017860	0.100898	-0.012618	0.109256	-0.031272	0.026861	-0.005389	-0.234090	-0.027223	0.044216	-0.002440	-0.034993	-0.041653	0.002746	-0.002078	-0.038890	-0.076121	-0.067200	0.064246	-0.092792	0.037518	0.063345	-0.089819	-0.056577	-0.054960	-0.064696	0.141630	0.028587	0.037743	-0.021107	0.038206	-0.117265	
-0.003619	-0.039553	-0.026419	-0.070069	-0.127162	-0.015851	-0.035644	-0.087463	0.015370	0.048774	0.011988	-0.004749	0.003269	0.028771	0.545090	-0.168997	-0.032683	0.079198	-0.050726	-0.150513	0.011536	0.043636	-0.026874	0.003631	-0.019503	-0.021684	0.011115	-0.039204	0.016570	-0.018367	0.018408	-0.090424	0.058665	-0.004770	0.024503	0.026472	-0.080107	0.022921	-0.018815	-0.049268	-0.020631	-0.007383	-0.061630	0.006525	0.052237	-0.005740	0.045823	0.001975	0.022154	0.054860	0.015263	0.016834	-0.030975	-0.041608	0.055511	-0.001373	-0.003179	0.025143	-0.015971	0.083559	0.019978	-0.014967	-0.015632	-0.037016	0.015825	0.037340	-0.009378	-0.029436	-0.049677	0.001236	0.022870	0.018255	-0.103410	-0.039097	-0.043962	-0.048651	
0.151482	-0.103151	0.215918	-0.020405	0.064392	0.599205	0.652420	1.062922	-0.272963	-0.366064	-0.378433	0.058555	-0.178010	-0.387801	-0.168997	2.329915	-0.158951	-0.485367	-0.113684	0.006862	-0.318119	-0.268824	-0.018179	-0.095401	-0.187123	0.128769	-0.318912	0.474374	-0.268573	-0.110998	-0.331492	0.662859	-0.333652	-0.076665	-0.333409	-0.259744	0.419176	-0.352557	1.210305	-0.204227	0.031729	-0.418408	0.157872	-0.130660	-0.385313	-0.383959	-0.304413	-0.377690	-0.302571	-0.303093	-0.341027	1.173293	-0.171258	-0.262519	-0.328952	0.197720	0.810245	-0.355805	-0.343066	-0.296379	0.774539	-0.326851	-0.015446	0.733335	-0.329820	-0.322798	0.198308	-0.251886	0.199893	-0.234840	-0.345629	-0.227552	-0.003199	-0.207578	-0.159663	0.864851	
-0.036433	0.086951	-0.039255	-0.000124	-0.031764	0.015552	0.009862	-0.090852	0.000000	-0.056610	-0.021396	-0.024773	0.025780	0.008035	-0.032683	-0.158951	0.824899	-0.062653	-0.018098	0.120746	0.011190	-0.004613	0.001790	-0.011749	0.044313	-0.033573	-0.036054	0.019232	-0.030626	0.015495	-0.026438	-0.016234	0.010080	-0.067733	-0.058903	-0.047395	-0.081797	0.004962	-0.063337	-0.026860	-0.024476	-0.012367	0.030078	0.052367	0.023575	-0.045784	-0.025761	0.103402	0.042812	-0.037670	-0.016366	-0.016249	0.116481	0.020873	-0.060714	-0.020335	-0.018651	-0.019968	-0.048666	-0.045378	-0.008451	-0.088080	-0.016723	-0.057137	-0.063449	-0.041760	0.075265	-0.058264	0.014416	-0.034435	-0.027917	0.045158	0.008739	-0.037078	0.026007	-0.009171	
-0.106670	-0.069366	-0.076207	0.025416	0.073271	-0.131530	-0.134634	-0.254341	-0.077231	0.046530	0.193692	-0.139588	-0.083134	0.108781	0.079198	-0.485367	-0.062653	1.104395	-0.108631	0.115763	-0.007550	0.016924	-0.062712	0.106029	-0.042511	-0.116769	0.165893	0.006942	0.021313	-0.080079	-0.034897	0.014329	-0.011858	-0.056198	0.034434	0.054450	-0.029243	0.001097	-0.122709	0.004622	-0.053736	0.135888	0.078818	-0.068443	-0.004224	0.074418	0.043099	0.025813	0.024239	-0.008825	0.042597	-0.245045	-0.107416	0.060272	-0.038559	-0.071782	-0.053032	0.019391	0.065450	0.005042	-0.122498	0.000890	0.109872	-0.148325	0.089667	-0.049327	-0.147140	0.020166	-0.074839	-0.001904	0.040169	0.028573	-0.025834	-0.040819	0.051215	-0.130386	
-0.025787	-0.051026	-0.062926	-0.005706	0.081187	-0.011580	-0.013569	-0.085581	-0.050631	-0.047641	0.056522	0.012124	0.013323	-0.078175	-0.050726	-0.113684	-0.018098	-0.108631	1.236645	-0.163197	0.012578	-0.047287	0.012031	0.045516	-0.028986	0.012381	-0.071695	0.000821	0.035255	0.111481	0.053952	0.000341	0.008938	-0.044824	-0.020746	-0.047886	-0.096068	-0.025666	-0.084205	0.153550	-0.074032	-0.066957	-0.019741	-0.036040	-0.048370	-0.045236	0.071538	-0.079633	-0.065008	-0.087293	-0.027690	0.051672	-0.025367	-0.005306	-0.066459	-0.040640	-0.068043	-0.031950	-0.053822	0.029309	-0.055117	0.013722	0.011450	0.014521	-0.052615	-0.038371	-0.061679	0.068900	-0.012896	0.039186	0.000431	-0.020109	-0.028899	0.071022	0.012070	-0.087014	
-0.048528	-0.013211	0.098071	0.024967	-0.083772	-0.029777	-0.133191	0.007183	-0.128475	-0.096940	0.110440	-0.130173	-0.157900	0.300175	-0.150513	0.006862	0.120746	0.115763	-0.163197	1.069942	-0.145444	-0.156579	0.028444	-0.108838	-0.122417	0.018103	-0.139504	0.214106	-0.151265	-0.122294	-0.188230	0.314510	-0.175115	-0.035253	-0.139399	0.135587	0.171982	-0.150467	-0.040494	-0.155744	-0.204231	0.156524	0.304154	0.198954	-0.090506	0.202150	-0.095956	0.184953	-0.126037	-0.121001	-0.092108	-0.092347	-0.022272	0.280252	-0.150857	-0.033764	0.012026	0.022599	-0.112327	-0.121016	-0.136561	-0.149833	0.135938	-0.058073	-0.107144	0.178412	-0.003742	-0.126309	0.084342	-0.181048	0.067437	0.080452	0.253494	-0.087855	0.294329	-0.077200	
-0.003020	0.001710	-0.052608	-0.029313	-0.072143	-0.052164	-0.025334	-0.100410	0.018430	0.039701	-0.005289	-0.036148	-0.005112	0.003059	0.011536	-0.318119	0.011190	-0.007550	0.012578	-0.145444	0.854541	0.001091	0.019274	0.002757	-0.019103	-0.025011	0.014385	-0.077577	0.012482	-0.035638	0.007610	-0.067880	0.044792	-0.004254	0.097262	-0.065276	-0.060035	0.056284	0.016938	0.034506	0.069947	-0.018104	-0.104097	-0.036133	0.020431	0.002171	-0.008995	-0.028939	-0.037686	0.068274	0.009319	-0.110397	-0.032256	0.035655	0.037351	-0.009699	-0.080601	0.055600	-0.063245	0.019757	-0.014737	-0.044516	-0.040809	-0.032955	0.019750	-0.021544	0.000849	-0.000368	-0.045611	0.017652	-0.000838	-0.038332	-0.085628	-0.046162	0.003688	-0.056742	
-0.002582	-0.027778	-0.049054	-0.069010	-0.095952	0.035166	-0.036940	-0.080140	0.007883	0.025258	0.006174	-0.020388	0.011078	0.013235	0.043636	-0.268824	-0.004613	0.016924	-0.047287	-0.156579	0.001091	0.642550	0.002504	-0.006032	0.011440	0.045941	0.144138	-0.057601	0.033434	-0.058918	0.060095	-0.122542	0.021612	0.017393	0.101006	-0.034029	-0.031414	0.032074	-0.044767	-0.036090	-0.035231	-0.014164	-0.080590	-0.036170	0.084356	-0.053229	-0.009041	-0.037253	0.094325	-0.003080	0.033403	-0.173388	-0.063609	-0.014412	0.009675	-0.053138	-0.034189	0.016007	0.030279	0.023442	0.019288	0.050122	-0.010341	-0.039054	0.015749	0.004903	-0.075232	0.017912	-0.025197	-0.037875	-0.044566	-0.006779	-0.077698	0.048597	-0.017870	-0.035093	
-0.014027	-0.093554	-0.067520	0.024951	0.008073	0.062589	-0.071713	0.133067	-0.033892	-0.101829	-0.047407	0.038327	-0.045957	-0.071676	-0.026874	-0.018179	0.001790	-0.062712	0.012031	0.028444	0.019274	0.002504	1.028710	-0.026306	-0.044114	0.124079	-0.051618	-0.038260	0.030886	-0.050611	0.066029	0.116524	-0.018167	0.102676	-0.018069	-0.035234	-0.101347	-0.050866	-0.008861	-0.081491	0.031018	-0.063810	0.069552	-0.058856	0.007698	-0.065273	-0.012514	-0.040892	0.002282	-0.046105	0.026831	-0.057157	-0.098021	0.001038	0.014727	-0.023804	-0.050048	-0.049701	-0.033118	-0.055035	0.003001	-0.008843	-0.001376	-0.035608	0.049287	-0.041509	0.003406	-0.033535	-0.000599	0.006296	-0.018444	-0.017308	0.007730	-0.058921	0.074939	-0.087221	
0.003790	-0.006026	-0.039481	-0.018925	0.011723	-0.080160	-0.063266	-0.137463	-0.015499	0.017585	0.046919	-0.044197	-0.055485	-0.045595	0.003631	-0.095401	-0.011749	0.106029	0.045516	-0.108838	0.002757	-0.006032	-0.026306	0.737163	-0.003621	0.015435	0.091097	-0.016102	0.028164	-0.049421	0.064816	0.042470	0.008942	0.007566	0.044761	0.006842	-0.046509	0.124067	-0.065005	0.005969	0.077486	-0.058502	-0.017744	-0.074591	-0.004504	0.024388	-0.004814	-0.084031	-0.023771	0.001249	-0.026266	-0.029196	-0.047453	0.029759	-0.024767	0.000076	-0.083643	-0.028043	0.004048	0.036938	-0.044519	-0.011740	0.009798	-0.032546	0.029309	-0.064195	-0.073717	0.033774	-0.072222	-0.002644	-0.041748	0.006066	-0.027855	-0.035425	-0.002903	-0.043937	
0.069880	0.001707	0.015170	0.009634	-0.121455	-0.053352	-0.022250	-0.141260	0.031083	0.059375	-0.047278	0.006948	0.034167	-0.045377	-0.019503	-0.187123	0.044313	-0.042511	-0.028986	-0.122417	-0.019103	0.011440	-0.044114	-0.003621	0.738675	-0.017923	-0.027346	-0.060454	0.014363	0.005847	-0.005666	-0.108883	0.006038	-0.001790	-0.019650	0.037236	-0.045212	-0.002392	-0.059339	0.045856	0.058238	-0.022568	-0.024799	0.011610	0.015527	-0.040704	0.029069	0.004893	0.006264	0.004296	0.001648	-0.073589	-0.015230	-0.015263	0.009003	-0.013883	-0.048693	-0.019940	-0.047151	0.032401	-0.022968	0.016274	0.031096	-0.029772	0.018089	0.003516	-0.020548	-0.038812	-0.047729	-0.025374	0.061929	-0.037791	-0.071410	0.040415	-0.002450	-0.047028	
-0.014900	-0.007975	-0.095356	-0.068572	0.174724	0.112294	-0.081403	0.263081	-0.057118	-0.068468	-0.083399	-0.055455	-0.038899	-0.095920	-0.021684	0.128769	-0.033573	-0.116769	0.012381	0.018103	-0.025011	0.045941	0.124079	0.015435	-0.017923	1.085149	-0.006554	-0.020757	0.090753	0.036229	0.013527	0.100061	0.017133	0.064537	-0.028175	-0.048971	0.027581	0.036800	-0.018256	-0.073743	0.007219	0.005734	0.056394	-0.010841	-0.051802	-0.094649	-0.096931	-0.105503	-0.060143	-0.094460	-0.061179	0.128060	-0.023296	-0.034793	-0.048066	0.017485	-0.076913	-0.059287	-0.049570	-0.030835	0.002500	-0.035668	-0.027298	0.000191	-0.031491	-0.056163	-0.065033	-0.077197	-0.015804	0.027393	-0.071380	0.017959	0.005786	-0.044383	0.003047	0.010431	
0.013821	0.004383	-0.020917	-0.064459	-0.121303	-0.112973	-0.007851	-0.046705	-0.015151	0.039334	0.059412	0.015711	-0.014020	0.037823	0.011115	-0.318912	-0.036054	0.165893	-0.071695	-0.139504	0.014385	0.144138	-0.051618	0.091097	-0.027346	-0.006554	0.883427	-0.048809	0.037758	-0.067056	0.050824	-0.013704	0.059134	0.006395	0.033048	-0.042847	0.013795	0.025378	-0.090275	-0.048488	-0.043096	-0.026306	-0.023944	-0.037122	-0.003455	-0.036390	0.017340	-0.034974	0.034805	0.064533	-0.006188	-0.133618	-0.046143	-0.051525	0.039198	-0.004200	-0.050129	-0.012491	0.011366	0.046705	-0.067385	0.100296	0.025277	-0.046578	0.036771	-0.078773	-0.095690	0.015020	-0.106809	0.033655	-0.030601	-0.053968	-0.045094	-0.077039	-0.052668	-0.079693	
0.033490	-0.077694	0.054357	0.003329	-0.049406	0.015474	0.073265	0.102283	-0.060790	-0.016624	-0.056478	-0.060827	-0.057023	0.034182	-0.039204	0.474374	0.019232	0.006942	0.000821	0.214106	-0.077577	-0.057601	-0.038260	-0.016102	-0.060454	-0.020757	-0.048809	1.153884	-0.038710	-0.044527	-0.047532	0.066619	-0.063355	-0.087494	-0.054460	-0.038313	0.009165	-0.070911	0.089890	-0.069077	-0.040096	0.022089	0.059967	-0.016732	-0.053179	0.010821	0.024360	0.053953	-0.057062	-0.060457	-0.063979	0.072648	-0.006443	-0.029574	-0.040770	0.043773	0.063309	-0.039088	-0.066895	-0.037086	0.080205	-0.046435	-0.035016	0.027062	-0.012729	-0.041312	-0.045944	-0.014873	-0.066632	-0.067452	-0.025193	-0.030790	0.007257	-0.085119	-0.052422	0.056120	
0.009243	-0.078324	0.009838	0.012539	-0.046226	-0.036575	-0.084301	-0.136283	-0.041508	0.001689	0.028396	-0.002407	0.013364	0.020412	0.016570	-0.268573	-0.030626	0.021313	0.035255	-0.151265	0.012482	0.033434	0.030886	0.028164	0.014363	0.090753	0.037758	-0.038710	0.860228	-0.065537	0.058229	-0.075514	0.084366	-0.027332	-0.037891	-0.008805	-0.091341	-0.056475	-0.039838	0.041603	0.012023	-0.045562	-0.005953	-0.032880	0.067945	-0.008136	-0.034073	-0.083281	0.072335	-0.031589	0.029815	-0.094939	-0.077500	0.027934	0.035252	-0.013110	-0.092613	-0.043615	-0.034335	0.013708	-0.012298	0.037821	-0.053117	-0.067854	0.051479	-0.013185	-0.045353	-0.024569	-0.017807	-0.014401	-0.042252	-0.036760	-0.013974	-0.008708	-0.027692	-0.008048	
-0.027132	0.026002	-0.004386	0.078313	0.076175	-0.039556	0.048388	-0.088540	-0.030055	-0.041946	-0.082171	-0.066119	0.028986	-0.086461	-0.018367	-0.110998	0.015495	-0.080079	0.111481	-0.122294	-0.035638	-0.058918	-0.050611	-0.049421	0.005847	0.036229	-0.067056	-0.044527	-0.065537	1.261890	-0.085839	0.018072	-0.034442	-0.045674	-0.003574	-0.067615	0.004830	0.008752	-0.050752	-0.003115	-0.002356	-0.045240	0.043735	-0.006385	0.016511	0.003221	-0.052961	-0.003149	-0.079621	-0.055719	-0.049672	0.007722	-0.008005	-0.035975	-0.065561	-0.003807	-0.026389	-0.017277	-0.037309	0.056775	-0.059872	-0.059003	0.044245	-0.051175	-0.031189	-0.109184	0.083337	0.029659	-0.043609	-0.011461	-0.019505	0.012957	0.051482	0.069218	-0.030851	-0.077237	
0.011750	-0.059070	-0.065975	-0.032643	-0.057750	-0.030829	0.044341	-0.046134	0.063281	0.010326	-0.038448	0.015557	0.021776	-0.027900	0.018408	-0.331492	-0.026438	-0.034897	0.053952	-0.188230	0.007610	0.060095	0.066029	0.064816	-0.005666	0.013527	0.050824	-0.047532	0.058229	-0.085839	0.760588	-0.062310	0.045651	0.024324	0.002333	-0.042593	-0.049447	0.011189	-0.058746	-0.011346	-0.064504	-0.048842	-0.052729	-0.079278	0.028867	-0.042425	-0.034342	0.042935	0.032244	-0.033386	0.014912	-0.127682	0.049417	0.008950	-0.039491	0.011991	0.015928	-0.011635	0.083058	-0.023040	0.023381	0.006340	-0.058892	-0.063153	0.008991	-0.023315	-0.076603	0.010142	-0.008337	0.054168	-0.045500	-0.030704	-0.103215	0.010668	-0.069406	-0.038834	
-0.033080	-0.010298	0.025801	-0.083026	0.105084	0.059443	-0.042544	0.299306	-0.087032	-0.104613	-0.098680	0.006095	-0.027787	-0.038664	-0.090424	0.662859	-0.016234	0.014329	0.000341	0.314510	-0.067880	-0.122542	0.116524	0.042470	-0.108883	0.100061	-0.013704	0.066619	-0.075514	0.018072	-0.062310	1.299721	-0.083914	0.037141	-0.108253	-0.047822	0.022675	-0.066495	0.091362	-0.104096	0.053526	-0.020774	0.147810	-0.042823	-0.118005	-0.086830	-0.075357	-0.085700	-0.080505	-0.096782	-0.100206	0.334081	-0.080620	0.017883	-0.092440	-0.048375	0.014816	-0.082088	-0.083391	-0.051545	0.115083	-0.121870	-0.017131	0.068804	-0.017185	-0.062111	-0.090429	-0.021082	0.064288	0.028476	-0.101035	-0.087392	0.063298	-0.071558	-0.039284	0.145109	
0.047662	-0.050649	-0.007437	-0.036311	-0.039667	-0.027829	0.008236	-0.115200	0.014681	-0.020758	0.015366	-0.006404	0.004374	-0.001105	0.058665	-0.333652	0.010080	-0.011858	0.008938	-0.175115	0.044792	0.021612	-0.018167	0.008942	0.006038	0.017133	0.059134	-0.063355	0.084366	-0.034442	0.045651	-0.083914	0.593103	0.013409	0.004316	-0.005510	0.024051	-0.004817	-0.078467	-0.056517	-0.000948	0.005216	-0.045848	-0.004349	0.043002	-0.063058	0.013378	-0.058551	-0.007149	0.040154	0.020402	-0.037970	-0.069835	-0.034868	-0.005507	0.039011	-0.053194	0.048597	-0.011407	0.009228	-0.007775	-0.046392	-0.050633	-0.008620	0.024752	-0.053022	-0.064839	0.002334	-0.063876	0.091638	-0.020892	-0.026179	-0.031331	-0.007534	0.006805	-0.049338	
-0.000130	-0.028915	-0.031551	-0.066892	0.090589	0.026936	-0.027545	0.113293	0.026251	-0.039942	-0.058033	0.036491	-0.028707	-0.090143	-0.004770	-0.076665	-0.067733	-0.056198	-0.044824	-0.035253	-0.004254	0.017393	0.102676	0.007566	-0.001790	0.064537	0.006395	-0.087494	-0.027332	-0.045674	0.024324	0.037141	0.013409	0.864274	0.015830	0.023931	-0.019065	0.008382	-0.060284	-0.103352	-0.005321	-0.054018	-0.023127	-0.045528	-0.008252	-0.018252	0.015559	-0.060957	-0.031285	-0.009900	-0.017382	-0.099042	-0.022853	-0.075692	0.090461	0.033977	-0.034811	-0.004485	-0.017591	-0.008792	-0.029080	0.037022	-0.005162	0.089239	-0.032590	-0.084320	-0.023906	-0.013995	0.007180	-0.026391	-0.036323	0.015274	0.020410	-0.044024	-0.065658	-0.029482	
-0.015452	-0.092422	-0.093372	-0.050222	-0.050363	-0.023883	-0.046102	-0.251895	-0.016838	0.023959	0.010810	-0.008775	-0.072148	0.026285	0.024503	-0.333409	-0.058903	0.034434	-0.020746	-0.139399	0.097262	0.101006	-0.018069	0.044761	-0.019650	-0.028175	0.033048	-0.054460	-0.037891	-0.003574	0.002333	-0.108253	0.004316	0.015830	0.933652	0.015728	-0.049189	0.097255	-0.102150	-0.062111	0.016018	0.049806	-0.018106	-0.008155	0.011277	0.076061	-0.002595	-0.020170	-0.013333	0.075969	0.061000	-0.142169	-0.096339	-0.034609	0.081621	-0.035128	-0.116777	0.066797	0.006289	0.039639	-0.006745	0.052981	-0.035587	-0.029415	0.046750	-0.006384	-0.038080	0.024982	-0.047630	-0.034378	0.024184	0.002153	-0.090331	-0.008127	-0.081792	-0.099163	
-0.036169	-0.087364	-0.035236	-0.014175	-0.074570	-0.043122	-0.037084	-0.093602	-0.006468	0.122789	0.021550	-0.046341	0.040938	0.039578	0.026472	-0.259744	-0.047395	0.054450	-0.047886	0.135587	-0.065276	-0.034029	-0.035234	0.006842	0.037236	-0.048971	-0.042847	-0.038313	-0.008805	-0.067615	-0.042593	-0.047822	-0.005510	0.023931	0.015728	0.947865	-0.014960	-0.037099	-0.053324	0.025154	-0.042086	0.051616	-0.039391	-0.054342	-0.040143	0.076357	0.038643	0.030388	0.028263	-0.039763	-0.043088	-0.135166	-0.032171	-0.002603	0.002042	-0.009855	-0.056067	0.035144	-0.022227	0.044272	-0.030902	-0.053211	-0.000861	-0.014924	0.065368	-0.002685	-0.024772	-0.017392	-0.036512	-0.042201	0.001307	0.007560	0.041651	-0.005150	0.050893	-0.111014	
0.029360	0.045341	0.078120	-0.032369	-0.075716	-0.053706	0.081636	0.145892	-0.065492	-0.005931	0.004420	-0.030128	0.013635	-0.005819	-0.080107	0.419176	-0.081797	-0.029243	-0.096068	0.171982	-0.060035	-0.031414	-0.101347	-0.046509	-0.045212	0.027581	0.013795	0.009165	-0.091341	0.004830	-0.049447	0.022675	0.024051	-0.019065	-0.049189	-0.014960	1.025074	-0.017323	0.023362	-0.048153	-0.012861	-0.037371	-0.083083	-0.064512	-0.081146	0.003157	-0.056363	0.026340	-0.061772	-0.011583	-0.029517	0.039410	-0.000768	-0.014377	-0.018787	0.023772	0.115364	-0.028224	-0.053279	-0.030884	-0.011621	0.084193	0.063272	0.042509	-0.026540	-0.001014	-0.019625	-0.065185	-0.047158	-0.113683	0.008016	0.022951	-0.001005	-0.069053	-0.047271	0.067875	
0.001586	-0.056048	-0.062727	0.071921	-0.099420	-0.069110	-0.090019	-0.089697	-0.003920	-0.000989	-0.010241	-0.013836	-0.028567	0.074376	0.022921	-0.352557	0.004962	0.001097	-0.025666	-0.150467	0.056284	0.032074	-0.050866	0.124067	-0.002392	0.036800	0.025378	-0.070911	-0.056475	0.008752	0.011189	-0.066495	-0.004817	0.008382	0.097255	-0.037099	-0.017323	1.102691	-0.057043	-0.056511	0.006282	-0.002704	0.013907	-0.056756	0.016406	-0.029380	-0.044861	-0.054083	0.034865	-0.002508	0.055969	-0.156871	0.016503	-0.055068	0.038468	-0.085750	-0.011152	0.045296	-0.092635	0.052022	-0.033403	-0.045182	0.002367	-0.069053	-0.002013	-0.066076	-0.082405	-0.069758	-0.034544	-0.019490	-0.057887	-0.067260	0.068050	0.056050	-0.074319	-0.041271	
0.022952	0.015241	0.094291	-0.053047	0.035113	0.094903	0.125356	0.324360	-0.050659	-0.131154	-0.168925	0.087040	-0.030742	-0.100657	-0.018815	1.210305	-0.063337	-0.122709	-0.084205	-0.040494	0.016938	-0.044767	-0.008861	-0.065005	-0.059339	-0.018256	-0.090275	0.089890	-0.039838	-0.050752	-0.058746	0.091362	-0.078467	-0.060284	-0.102150	-0.053324	0.023362	-0.057043	1.334132	-0.059156	0.002107	-0.131747	0.017051	-0.035274	-0.044537	-0.073668	-0.098192	-0.108376	-0.089504	-0.103106	-0.083530	0.423195	-0.004520	-0.037274	-0.093224	-0.035875	0.131160	0.004880	-0.036511	-0.092668	0.122533	-0.027158	-0.030078	0.095532	-0.045607	-0.006258	0.022396	-0.054367	0.050266	-0.105216	-0.062830	-0.065806	-0.037353	-0.047535	-0.117323	0.219995	
-0.037761	0.028518	-0.063636	0.033300	0.008158	-0.041837	0.041913	-0.052992	0.055334	-0.049102	-0.031537	-0.044052	0.062891	-0.064803	-0.049268	-0.204227	-0.026860	0.004622	0.153550	-0.155744	0.034506	-0.036090	-0.081491	0.005969	0.045856	-0.073743	-0.048488	-0.069077	0.041603	-0.003115	-0.011346	-0.104096	-0.056517	-0.103352	-0.062111	0.025154	-0.048153	-0.056511	-0.059156	1.176434	-0.019876	-0.034922	-0.033485	0.051591	0.021183	-0.062723	0.095111	-0.028958	0.003480	-0.036020	0.025895	-0.117404	-0.001240	0.030453	-0.050606	-0.023071	-0.091577	0.042861	0.025273	0.035535	-0.039861	-0.057145	-0.067423	-0.017275	-0.051973	-0.022705	0.075806	-0.014764	-0.095893	0.031815	0.075019	-0.079141	-0.016173	0.129271	-0.058062	-0.125427	
0.006068	-0.010633	0.002598	-0.049149	-0.106719	-0.011173	-0.049125	-0.145259	0.043648	-0.027655	-0.046242	-0.018293	-0.011759	-0.059690	-0.020631	0.031729	-0.024476	-0.053736	-0.074032	-0.204231	0.069947	-0.035231	0.031018	0.077486	0.058238	0.007219	-0.043096	-0.040096	0.012023	-0.002356	-0.064504	0.053526	-0.000948	-0.005321	0.016018	-0.042086	-0.012861	0.006282	0.002107	-0.019876	0.946658	0.054257	-0.079594	-0.026067	0.008964	-0.065629	0.005151	-0.072145	-0.013927	-0.012945	-0.052087	0.095955	-0.051039	0.009784	0.047156	0.013252	-0.034199	-0.021946	-0.028363	0.039416	0.013481	-0.019781	-0.025077	-0.010129	0.036958	-0.090504	-0.035042	0.057024	-0.101756	-0.002127	-0.005577	-0.011434	-0.033093	-0.008863	-0.010011	-0.005987	
-0.007695	-0.054432	0.037660	-0.024278	-0.098243	-0.153528	-0.067948	-0.148196	0.072659	0.015529	0.080637	-0.029383	-0.030874	0.107979	-0.007383	-0.418408	-0.012367	0.135888	-0.066957	0.156524	-0.018104	-0.014164	-0.063810	-0.058502	-0.022568	0.005734	-0.026306	0.022089	-0.045562	-0.045240	-0.048842	-0.020774	0.005216	-0.054018	0.049806	0.051616	-0.037371	-0.002704	-0.131747	-0.034922	0.054257	0.869442	0.005795	0.072908	-0.012019	0.090353	-0.039730	0.068931	-0.004244	-0.019931	-0.001721	-0.180136	-0.117781	0.082948	0.018757	-0.030103	-0.004962	0.027061	0.021403	-0.024338	-0.046089	-0.005519	0.020621	-0.068550	0.074989	0.036045	-0.067211	-0.055742	-0.051340	0.001743	0.057843	0.011024	-0.010587	-0.078259	0.012312	-0.084682	
-0.041223	-0.104507	-0.041355	-0.064109	0.077959	0.030841	-0.044965	0.053684	-0.026711	-0.074862	-0.105333	-0.006142	-0.069447	0.100197	-0.061630	0.157872	0.030078	0.078818	-0.019741	0.304154	-0.104097	-0.080590	0.069552	-0.017744	-0.024799	0.056394	-0.023944	0.059967	-0.005953	0.043735	-0.052729	0.147810	-0.045848	-0.023127	-0.018106	-0.039391	-0.083083	0.013907	0.017051	-0.033485	-0.079594	0.005795	1.160331	0.037053	-0.031336	0.098105	0.022022	-0.026552	-0.028180	-0.045288	-0.054369	-0.010014	-0.003835	-0.001580	-0.048510	-0.096329	-0.050901	-0.053926	-0.087222	-0.021430	-0.059807	-0.031625	-0.047144	-0.012780	-0.098593	-0.030465	-0.008957	-0.049704	-0.029201	-0.033672	0.001734	-0.016222	0.153963	-0.032860	0.026476	-0.045921	
-0.018192	0.037848	-0.032583	-0.014060	0.003970	-0.053560	-0.067918	-0.051052	-0.040512	-0.022302	0.044254	-0.031482	0.020438	-0.001625	0.006525	-0.130660	0.052367	-0.068443	-0.036040	0.198954	-0.036133	-0.036170	-0.058856	-0.074591	0.011610	-0.010841	-0.037122	-0.016732	-0.032880	-0.006385	-0.079278	-0.042823	-0.004349	-0.045528	-0.008155	-0.054342	-0.064512	-0.056756	-0.035274	0.051591	-0.026067	0.072908	0.037053	0.988616	0.017011	-0.000847	-0.035883	0.112069	-0.045005	-0.031025	-0.004061	-0.025217	0.026451	0.032118	0.016703	-0.011970	-0.055736	-0.056321	-0.013851	-0.038963	-0.057589	-0.037405	-0.001812	-0.044317	-0.099686	-0.051896	0.014284	-0.040019	-0.021302	-0.030572	0.039341	0.008674	0.063475	0.033968	0.065305	-0.033379	
-0.042164	-0.059933	-0.010543	0.005170	-0.145949	-0.049832	-0.051418	-0.147166	0.028241	0.028532	0.022750	0.017965	-0.021624	-0.017860	0.052237	-0.385313	0.023575	-0.004224	-0.048370	-0.090506	0.020431	0.084356	0.007698	-0.004504	0.015527	-0.051802	-0.003455	-0.053179	0.067945	0.016511	0.028867	-0.118005	0.043002	-0.008252	0.011277	-0.040143	-0.081146	0.016406	-0.044537	0.021183	0.008964	-0.012019	-0.031336	0.017011	0.716741	-0.029698	0.057796	-0.003442	0.069879	0.002473	0.021463	-0.200174	-0.070239	-0.045295	0.038311	-0.027375	-0.010144	0.095057	0.023401	0.000741	-0.046669	0.030063	-0.068748	-0.042880	0.020612	0.021772	-0.063872	-0.059903	-0.090876	-0.006895	0.012583	0.048845	-0.061560	0.040433	0.060742	-0.079002	
-0.012232	-0.048307	-0.028921	-0.058880	-0.076143	-0.076906	-0.094357	-0.300448	-0.015840	-0.016814	0.009261	-0.026545	-0.030647	0.100898	-0.005740	-0.383959	-0.045784	0.074418	-0.045236	0.202150	0.002171	-0.053229	-0.065273	0.024388	-0.040704	-0.094649	-0.036390	0.010821	-0.008136	0.003221	-0.042425	-0.086830	-0.063058	-0.018252	0.076061	0.076357	0.003157	-0.029380	-0.073668	-0.062723	-0.065629	0.090353	0.098105	-0.000847	-0.029698	1.138117	-0.059725	-0.003357	0.007042	0.084370	-0.029408	-0.187507	0.002124	0.063597	0.003076	0.000342	-0.089659	0.004155	0.015131	0.010618	-0.118427	0.010938	0.079416	-0.074038	0.037289	0.102410	-0.035617	-0.040950	-0.072035	-0.041245	0.046914	0.064713	-0.075837	0.000935	0.067447	-0.056555	
0.079686	-0.096774	-0.045639	-0.054031	-0.086906	-0.041939	-0.050752	-0.160832	0.006092	0.144576	-0.019818	-0.091893	-0.010038	-0.012618	0.045823	-0.304413	-0.025761	0.043099	0.071538	-0.095956	-0.008995	-0.009041	-0.012514	-0.004814	0.029069	-0.096931	0.017340	0.024360	-0.034073	-0.052961	-0.034342	-0.075357	0.013378	0.015559	-0.002595	0.038643	-0.056363	-0.044861	-0.098192	0.095111	0.005151	-0.039730	0.022022	-0.035883	0.057796	-0.059725	1.053702	-0.040178	0.054006	-0.004750	0.047135	-0.184931	-0.067444	0.004875	0.047083	-0.034354	-0.016539	-0.016088	0.010234	0.021931	-0.056151	0.041953	-0.044709	-0.056563	0.104785	-0.048672	-0.092631	0.053490	-0.019360	-0.028573	-0.027985	0.065770	-0.053323	-0.056150	-0.077294	-0.086650	
-0.013869	-0.037019	-0.014193	-0.065274	-0.105234	-0.097586	0.005654	0.015378	-0.001920	-0.031053	0.008663	-0.083405	-0.023730	0.109256	0.001975	-0.377690	0.103402	0.025813	-0.079633	0.184953	-0.028939	-0.037253	-0.040892	-0.084031	0.004893	-0.105503	-0.034974	0.053953	-0.083281	-0.003149	0.042935	-0.085700	-0.058551	-0.060957	-0.020170	0.030388	0.026340	-0.054083	-0.108376	-0.028958	-0.072145	0.068931	-0.026552	0.112069	-0.003442	-0.003357	-0.040178	1.015675	-0.009037	-0.024222	0.032102	-0.180439	-0.019548	0.048409	-0.042676	-0.015707	-0.008405	0.035958	-0.004231	-0.032096	-0.077626	0.028416	0.015167	-0.112786	-0.029746	0.196292	-0.048943	-0.045291	0.050571	0.000778	0.003622	0.027153	0.010984	-0.016325	0.125215	-0.063470	
-0.031430	-0.095381	-0.067232	-0.024489	-0.137024	-0.080423	-0.059394	-0.157128	0.006157	0.017941	0.001959	0.002056	0.028269	-0.031272	0.022154	-0.302571	0.042812	0.024239	-0.065008	-0.126037	-0.037686	0.094325	0.002282	-0.023771	0.006264	-0.060143	0.034805	-0.057062	0.072335	-0.079621	0.032244	-0.080505	-0.007149	-0.031285	-0.013333	0.028263	-0.061772	0.034865	-0.089504	0.003480	-0.013927	-0.004244	-0.028180	-0.045005	0.069879	0.007042	0.054006	-0.009037	0.982537	0.042145	-0.000758	-0.127566	0.002793	-0.025242	-0.022965	0.027051	-0.076455	0.075524	0.007508	-0.003989	-0.041043	-0.002725	-0.019176	-0.069342	0.086477	0.039850	-0.114585	0.009037	-0.036573	-0.004387	-0.068865	-0.012635	0.060155	-0.041478	0.023765	0.006665	
-0.003627	0.045701	-0.073880	-0.062947	-0.066832	-0.075757	-0.048500	-0.165452	0.034422	-0.025904	0.060986	-0.064908	-0.024175	0.026861	0.054860	-0.303093	-0.037670	-0.008825	-0.087293	-0.121001	0.068274	-0.003080	-0.046105	0.001249	0.004296	-0.094460	0.064533	-0.060457	-0.031589	-0.055719	-0.033386	-0.096782	0.040154	-0.009900	0.075969	-0.039763	-0.011583	-0.002508	-0.103106	-0.036020	-0.012945	-0.019931	-0.045288	-0.031025	0.002473	0.084370	-0.004750	-0.024222	0.042145	1.109132	0.004085	-0.139210	-0.003914	-0.025186	0.001139	0.022111	-0.087410	0.031670	-0.023445	0.040301	-0.027102	0.073292	-0.042042	-0.030493	0.020007	0.004614	-0.003552	-0.039855	-0.030819	0.071459	-0.017670	0.041071	-0.047942	-0.021698	0.002015	-0.117950	
-0.051865	0.036208	-0.011039	-0.005468	-0.029516	-0.080354	-0.033132	-0.146788	0.018174	0.009409	0.007567	-0.051683	-0.053930	-0.005389	0.015263	-0.341027	-0.016366	0.042597	-0.027690	-0.092108	0.009319	0.033403	0.026831	-0.026266	0.001648	-0.061179	-0.006188	-0.063979	0.029815	-0.049672	0.014912	-0.100206	0.020402	-0.017382	0.061000	-0.043088	-0.029517	0.055969	-0.083530	0.025895	-0.052087	-0.001721	-0.054369	-0.004061	0.021463	-0.029408	0.047135	0.032102	-0.000758	0.004085	0.951441	-0.175023	-0.018990	-0.000085	0.078908	-0.063571	-0.039602	0.054329	-0.015422	-0.021219	-0.054437	-0.028842	0.044821	-0.041509	0.012730	-0.038066	-0.085159	-0.019612	-0.004708	-0.023491	0.008747	-0.029709	-0.039482	0.040221	0.032706	-0.019485	
-0.040266	0.092342	0.046158	0.041869	0.211287	0.271280	0.222232	0.591565	-0.134833	-0.090033	-0.173035	0.181488	-0.071075	-0.234090	0.016834	1.173293	-0.016249	-0.245045	0.051672	-0.092347	-0.110397	-0.173388	-0.057157	-0.029196	-0.073589	0.128060	-0.133618	0.072648	-0.094939	0.007722	-0.127682	0.334081	-0.037970	-0.099042	-0.142169	-0.135166	0.039410	-0.156871	0.423195	-0.117404	0.095955	-0.180136	-0.010014	-0.025217	-0.200174	-0.187507	-0.184931	-0.180439	-0.127566	-0.139210	-0.175023	1.091908	0.163063	-0.117754	-0.152501	-0.002512	0.223860	-0.141101	-0.178445	-0.127546	0.138263	-0.199498	-0.015727	0.228928	-0.121635	-0.127014	0.102849	-0.068329	0.203935	-0.004410	-0.192216	-0.077484	-0.079510	-0.101722	-0.055201	0.512191	
-0.057001	0.249183	-0.015108	0.002616	-0.008923	-0.002795	0.044218	-0.050356	-0.002469	0.041099	-0.069263	-0.035836	0.031365	-0.027223	-0.030975	-0.171258	0.116481	-0.107416	-0.025367	-0.022272	-0.032256	-0.063609	-0.098021	-0.047453	-0.015230	-0.023296	-0.046143	-0.006443	-0.077500	-0.008005	0.049417	-0.080620	-0.069835	-0.022853	-0.096339	-0.032171	-0.000768	0.016503	-0.004520	-0.001240	-0.051039	-0.117781	-0.003835	0.026451	-0.070239	0.002124	-0.067444	-0.019548	0.002793	-0.003914	-0.018990	0.163063	1.131638	-0.085079	-0.043477	0.024077	-0.062177	-0.086678	-0.074824	-0.063589	-0.011285	-0.103007	-0.023942	0.066512	-0.058959	0.027458	0.146849	-0.032842	0.056039	-0.028108	-0.032329	0.030139	-0.045388	-0.005792	-0.083241	0.140548	
-0.035795	-0.053764	-0.024997	-0.070511	-0.024470	-0.012265	-0.040255	-0.100481	-0.042025	-0.020296	0.030110	-0.059709	-0.059892	0.044216	-0.041608	-0.262519	0.020873	0.060272	-0.005306	0.280252	0.035655	-0.014412	0.001038	0.029759	-0.015263	-0.034793	-0.051525	-0.029574	0.027934	-0.035975	0.008950	0.017883	-0.034868	-0.075692	-0.034609	-0.002603	-0.014377	-0.055068	-0.037274	0.030453	0.009784	0.082948	-0.001580	0.032118	-0.045295	0.063597	0.004875	0.048409	-0.025242	-0.025186	-0.000085	-0.117754	-0.085079	0.921183	-0.061018	-0.063205	-0.010091	0.011148	-0.047896	-0.041249	-0.059286	-0.010252	0.030957	-0.101257	0.040781	0.033356	-0.023924	0.040261	-0.015404	0.052920	0.035045	0.000137	-0.026269	-0.050889	0.091526	-0.105406	
