0.00000000099999999957 0.75944695831326947122 0.24055303568673064296 0.00000000099999999957 0.00000000099999999957 0.00000000099999999957 0.00000000099999999957 0.00000000099999999957 
0.00000000099999999964 0.00000000099999999964 0.00000000099999999964 0.00000000099999999964 0.00000000099999999964 0.99999999300000008695 0.00000000099999999964 0.00000000099999999964 
0.36943598630294893770 0.07183479296367176192 0.28276721261873555280 0.27596184865992418045 0.00000000099999999993 0.00000000099999999993 0.00000015645471964237 0.00000000099999999993 
0.38326791788801867211 0.00000000099999999991 0.00000000099999999991 0.24046011447940215944 0.00000000099999999991 0.18807114277160910665 0.00000000099999999991 0.18820082086097014717 
0.00000000099999999986 0.00000000099999999986 0.00000000099999999986 0.00000000099999999986 0.55271686908620065726 0.44728309302236202161 0.00000000099999999986 0.00000003289143744410 
0.00000000099999999991 0.00000000099999999991 0.47167826925203321098 0.00000000099999999991 0.33451339639064081588 0.00000000099999999991 0.00000000099999999991 0.19380832935732600353 
0.40117245489637920475 0.10394831939184828729 0.49487922071177253835 0.00000000099999999983 0.00000000099999999983 0.00000000099999999983 0.00000000099999999983 0.00000000099999999983 
0.00000000099999999974 0.00000000099999999974 0.78345351369677984632 0.00000000099999999974 0.21654648030322015684 0.00000000099999999974 0.00000000099999999974 0.00000000099999999974 
0.10015007776104403736 0.89984991623895604906 0.00000000099999999969 0.00000000099999999969 0.00000000099999999969 0.00000000099999999969 0.00000000099999999969 0.00000000099999999969 
0.00000000099999999914 0.99999999300000019797 0.00000000099999999914 0.00000000099999999914 0.00000000099999999914 0.00000000099999999914 0.00000000099999999914 0.00000000099999999914 
0.00000000099999999973 0.09074529050380256145 0.00000000099999999973 0.00000000099999999973 0.00000000099999999973 0.00000000099999999973 0.90925470349619741395 0.00000000099999999973 
0.00000000099999999974 0.57293085237693941458 0.34741506670542804391 0.00000000099999999974 0.00000000099999999974 0.07965407591763253026 0.00000000099999999974 0.00000000099999999974 
0.00000000099999999986 0.29035443919837122806 0.00000000099999999986 0.00000000099999999986 0.00000000099999999986 0.00000000099999999986 0.00000000099999999986 0.70964555480162871959 
0.00000000099999999950 0.20474213821666398250 0.00000000099999999950 0.00000000099999999950 0.00000000099999999950 0.00000000099999999950 0.79525785578333596515 0.00000000099999999950 
0.00000000099999999912 0.99999999300000019797 0.00000000099999999912 0.00000000099999999912 0.00000000099999999912 0.00000000099999999912 0.00000000099999999912 0.00000000099999999912 
0.00000000099999999980 0.00000000099999999980 0.99999999300000008695 0.00000000099999999980 0.00000000099999999980 0.00000000099999999980 0.00000000099999999980 0.00000000099999999980 
0.00000000099999999987 0.00000000099999999987 0.00000000099999999987 0.63462861254521363286 0.22760093270856374126 0.00000000099999999987 0.00000000099999999987 0.13777044974622260076 
0.00000000099999999981 0.33327389485846070638 0.00000000099999999981 0.00000000099999999981 0.00000000099999999981 0.00000000099999999981 0.66672609914153913024 0.00000000099999999981 
0.00000000099999999991 0.32203927080383309978 0.10759108477479725763 0.00000000099999999991 0.12646058077423746879 0.00000000099999999991 0.00000000099999999991 0.44390905964713228693 
0.00000000099999999992 0.00000000099999999992 0.00000000099999999992 0.00000000099999999992 0.28276207310134199302 0.00000000099999999992 0.71723792089865789912 0.00000000099999999992 
0.00000000099999999971 0.92648812639489608323 0.00000000099999999971 0.00000000099999999971 0.00000000099999999971 0.00485442884856544191 0.00000000099999999971 0.06865743975653862408 
0.12602100876396163387 0.87397898523603856358 0.00000000099999999967 0.00000000099999999967 0.00000000099999999967 0.00000000099999999967 0.00000000099999999967 0.00000000099999999967 
0.26824762521233991297 0.26733286684212959061 0.00000000099999999986 0.00000000099999999986 0.46441950294553058232 0.00000000099999999986 0.00000000099999999986 0.00000000099999999986 
0.00000000099999999943 0.99999999300000008695 0.00000000099999999943 0.00000000099999999943 0.00000000099999999943 0.00000000099999999943 0.00000000099999999943 0.00000000099999999943 
0.00000000099999999979 0.70643383851523311456 0.00000000099999999979 0.00000000099999999979 0.29356615548476688859 0.00000000099999999979 0.00000000099999999979 0.00000000099999999979 
0.00000000099999999964 0.00000000099999999964 0.00000000099999999964 0.00000000099999999964 0.99999999299999997593 0.00000000099999999964 0.00000000099999999964 0.00000000099999999964 
0.00000000099999999927 0.99999999300000019797 0.00000000099999999927 0.00000000099999999927 0.00000000099999999927 0.00000000099999999927 0.00000000099999999927 0.00000000099999999927 
0.00000000099999999985 0.00000000099999999985 0.27795953471927636880 0.00000000099999999985 0.16672264338877601508 0.00000000099999999985 0.41855045487607400734 0.13676736301587341660 
0.00000000099999999927 0.99999999300000008695 0.00000000099999999927 0.00000000099999999927 0.00000000099999999927 0.00000000099999999927 0.00000000099999999927 0.00000000099999999927 
0.00000000099999999991 0.04629697359729489231 0.00000000099999999991 0.44967401070230605953 0.00000000099999999991 0.32010362119419943916 0.00000000099999999991 0.18392539050619960417 
0.00000000099999999931 0.99999999300000019797 0.00000000099999999931 0.00000000099999999931 0.00000000099999999931 0.00000000099999999931 0.00000000099999999931 0.00000000099999999931 
0.00000000099999999975 0.00000000099999999975 0.38319801700426903146 0.00000000099999999975 0.61680197699573091619 0.00000000099999999975 0.00000000099999999975 0.00000000099999999975 
0.40047660181447747307 0.59952339218552264111 0.00000000099999999966 0.00000000099999999966 0.00000000099999999966 0.00000000099999999966 0.00000000099999999966 0.00000000099999999966 
0.26597076723606866144 0.28384812941970055666 0.00000000099999999986 0.00000000099999999986 0.45018109834423081228 0.00000000099999999986 0.00000000099999999986 0.00000000099999999986 
0.47182967900461164623 0.35141881504894784127 0.00000000099999999981 0.00000000099999999981 0.17675150094644045962 0.00000000099999999981 0.00000000099999999981 0.00000000099999999981 
0.00000000099999999990 0.00000000099999999990 0.00000000099999999990 0.00000000099999999990 0.00000000099999999990 0.00000000099999999990 0.53822637203240752957 0.46177362196759247359 
0.00000000099999999994 0.00000000099999999994 0.36820378358278477160 0.44704744087801484564 0.00000000099999999994 0.00000005140034024880 0.18474872013886012301 0.00000000099999999994 
0.00000000099999999995 0.29144491860036003672 0.00000000099999999995 0.00002280558983691270 0.16810411745636913428 0.24586836430703920553 0.13412449874570317454 0.16043529330069142280 
0.00000000099999999967 0.00000000099999999967 0.99999999299999997593 0.00000000099999999967 0.00000000099999999967 0.00000000099999999967 0.00000000099999999967 0.00000000099999999967 
0.00000000099999999974 0.27147238320380090437 0.00000000099999999974 0.00000000099999999974 0.00000000099999999974 0.00000000099999999974 0.00000000099999999974 0.72852761079619887674 
0.00000000099999999997 0.12346374140058148650 0.35278444217667648264 0.06671779316787684877 0.00000000099999999997 0.00000000099999999997 0.00000000099999999997 0.45703401925486525359 
0.00000000099999999968 0.00000000099999999968 0.00000000099999999968 0.00000000099999999968 0.00000000099999999968 0.00000000099999999968 0.99999999299999986491 0.00000000099999999968 
0.00000000099999999978 0.00000000099999999978 0.00000000099999999978 0.32802401801259051251 0.67197597598740943514 0.00000000099999999978 0.00000000099999999978 0.00000000099999999978 
0.00000000099999999991 0.00000000099999999991 0.00000000099999999991 0.48774025510072693823 0.22864010031222539721 0.00000000099999999991 0.00000000099999999991 0.28361963958704772271 
0.00000000099999999930 0.99999999300000008695 0.00000000099999999930 0.00000000099999999930 0.00000000099999999930 0.00000000099999999930 0.00000000099999999930 0.00000000099999999930 
0.00000000099999999973 0.00000000099999999973 0.00000000099999999973 0.65252685119962416938 0.00000000099999999973 0.00000000099999999973 0.34747314280037588929 0.00000000099999999973 
0.35459791258176853734 0.43191272706852429364 0.00000000099999999981 0.00000000099999999981 0.00000000099999999981 0.00000000099999999981 0.00000000099999999981 0.21348935534970717165 
0.00000000099999999973 0.00000000099999999973 0.00000000099999999973 0.40656378351834238094 0.00000000099999999973 0.00000000099999999973 0.59343621048165740017 0.00000000099999999973 
0.00000000099999999934 0.99999999300000008695 0.00000000099999999934 0.00000000099999999934 0.00000000099999999934 0.00000000099999999934 0.00000000099999999934 0.00000000099999999934 
0.00000000099999999931 0.99999999300000019797 0.00000000099999999931 0.00000000099999999931 0.00000000099999999931 0.00000000099999999931 0.00000000099999999931 0.00000000099999999931 
0.13068937108726230711 0.57222008360650866710 0.00000000099999999972 0.29709054030622911169 0.00000000099999999972 0.00000000099999999972 0.00000000099999999972 0.00000000099999999972 
0.00000000099999999975 0.00000000099999999975 0.60117057892181913203 0.00000000099999999975 0.00000000099999999975 0.39882941507818076010 0.00000000099999999975 0.00000000099999999975 
0.00000000099999999980 0.00000000099999999980 0.00000000099999999980 0.00000000099999999980 0.00000000099999999980 0.99999999300000008695 0.00000000099999999980 0.00000000099999999980 
0.00000000099999999983 0.00000000099999999983 0.00000000099999999983 0.69722735940897673235 0.00000000099999999983 0.00000000099999999983 0.30277263459102327081 0.00000000099999999983 
0.00000000099999999971 0.89521075107486525191 0.00000000099999999971 0.00000000099999999971 0.10478924292513480676 0.00000000099999999971 0.00000000099999999971 0.00000000099999999971 
0.00000000099999999988 0.15384874890802707759 0.00000000099999999988 0.00000000099999999988 0.34349079095446399812 0.00000000099999999988 0.00000000099999999988 0.50266045513750878815 
0.00000000099999999960 0.00000000099999999960 0.99999999299999997593 0.00000000099999999960 0.00000000099999999960 0.00000000099999999960 0.00000000099999999960 0.00000000099999999960 
0.29699348506004880077 0.44771314325681288437 0.00000000099999999969 0.00000000099999999969 0.00000000099999999969 0.00000000099999999969 0.25529336668313840075 0.00000000099999999969 
0.84480316562567159266 0.15519682837432852152 0.00000000099999999967 0.00000000099999999967 0.00000000099999999967 0.00000000099999999967 0.00000000099999999967 0.00000000099999999967 
0.15038573840398852810 0.76272694592943435232 0.00000000099999999981 0.00000000099999999981 0.00000000099999999981 0.00000000099999999981 0.00000000099999999981 0.08688731066657731650 
0.00000000099999999952 0.36155801164865924990 0.63844198235134075325 0.00000000099999999952 0.00000000099999999952 0.00000000099999999952 0.00000000099999999952 0.00000000099999999952 
0.00000000099999999912 0.99999999300000008695 0.00000000099999999912 0.00000000099999999912 0.00000000099999999912 0.00000000099999999912 0.00000000099999999912 0.00000000099999999912 
0.00000000099999999971 0.00000000099999999971 0.00000000099999999971 0.81047891144651762474 0.00000000099999999971 0.00000000099999999971 0.18952108255348246169 0.00000000099999999971 
0.00000000099999999966 0.12344072581040792247 0.87655926818959228886 0.00000000099999999966 0.00000000099999999966 0.00000000099999999966 0.00000000099999999966 0.00000000099999999966 
0.00000000099999999905 0.99999999300000019797 0.00000000099999999905 0.00000000099999999905 0.00000000099999999905 0.00000000099999999905 0.00000000099999999905 0.00000000099999999905 
0.00000000099999999984 0.21345110814534293264 0.00000000099999999984 0.00000000099999999984 0.00000000099999999984 0.00000000099999999984 0.78654888585465698725 0.00000000099999999984 
0.00000000099999999963 0.00000000099999999963 0.00000000099999999963 0.00000000099999999963 0.00000000099999999963 0.99999999300000008695 0.00000000099999999963 0.00000000099999999963 
0.62827073829740198718 0.37172925570259807149 0.00000000099999999987 0.00000000099999999987 0.00000000099999999987 0.00000000099999999987 0.00000000099999999987 0.00000000099999999987 
0.00000000099999999986 0.00000000099999999986 0.00000000099999999986 0.00118617801908331628 0.11973031816784673875 0.87908349881306990792 0.00000000099999999986 0.00000000099999999986 
0.00000000099999999956 0.99999999300000008695 0.00000000099999999956 0.00000000099999999956 0.00000000099999999956 0.00000000099999999956 0.00000000099999999956 0.00000000099999999956 
0.00000000099999999975 0.00000000099999999975 0.00000000099999999975 0.22453632236242435094 0.00000000099999999975 0.00000000099999999975 0.77546367163757556895 0.00000000099999999975 
0.08436657557858719125 0.15220614115111041897 0.00000000099999999980 0.50427362474889636523 0.00000000099999999980 0.00000000099999999980 0.25915365452140598501 0.00000000099999999980 
0.00000000099999999973 0.00000000099999999973 0.00000000099999999973 0.69905192211465727592 0.30094807188534272724 0.00000000099999999973 0.00000000099999999973 0.00000000099999999973 
0.47975501689271687900 0.00000000099999999987 0.00000000099999999987 0.00000000099999999987 0.00000000099999999987 0.00000000099999999987 0.00000000099999999987 0.52024497710728301314 
0.00000000099999999972 0.07668592364607146328 0.00000000099999999972 0.92331407035392865090 0.00000000099999999972 0.00000000099999999972 0.00000000099999999972 0.00000000099999999972 
0.00000000099999999968 0.00000000099999999968 0.74881505218224442277 0.00000000099999999968 0.00000000099999999968 0.00000000099999999968 0.00000000099999999968 0.25118494181775569141 
