0.00000000099999999946 0.00000000099999999946 0.00000000099999999946 0.00000000099999999946 0.00000000099999999946 0.68588828707606475099 0.00000000099999999946 0.31411170592393516943 0.00000000099999999946 
0.00000000099999999959 0.00000000099999999959 0.00000000099999999959 0.00000000099999999959 0.00000000099999999959 0.00000000099999999959 0.99999999199999989319 0.00000000099999999959 0.00000000099999999959 
0.25637914841195397209 0.00000000099999999992 0.00000000099999999992 0.00000000099999999992 0.00000000099999999992 0.00000000541507211567 0.00000000099999999992 0.35375881976167311560 0.38986202141130060772 
0.05225407288531636052 0.00000000099999999987 0.00000000099999999987 0.47298252621790232153 0.00000000099999999987 0.00000000099999999987 0.12662893661052415650 0.00000000099999999987 0.34813445928625713632 
0.00000000099999999981 0.52994079699642493431 0.00000000099999999981 0.14874616977813015506 0.00000000099999999981 0.00000000099999999981 0.32131302722544496930 0.00000000099999999981 0.00000000099999999981 
0.00000000099999999981 0.57867608998716713042 0.00000000226797743457 0.00000000099999999981 0.00000000099999999981 0.00000000099999999981 0.00000000099999999981 0.42132390174485562229 0.00000000099999999981 
0.15662144579376635622 0.00000000099999999983 0.00000000099999999983 0.22519725747334126686 0.00000000099999999983 0.00000000099999999983 0.00000000099999999983 0.61818129073289229680 0.00000000099999999983 
0.00000000099999999958 0.00000000099999999958 0.99999999200000000421 0.00000000099999999958 0.00000000099999999958 0.00000000099999999958 0.00000000099999999958 0.00000000099999999958 0.00000000099999999958 
0.14279179635413155602 0.00000000099999999963 0.00000000099999999963 0.00000000099999999963 0.00000000099999999963 0.85720819664586855868 0.00000000099999999963 0.00000000099999999963 0.00000000099999999963 
0.00000000099999999905 0.00000000099999999905 0.00000000099999999905 0.00000000099999999905 0.00000000099999999905 0.99999999200000011523 0.00000000099999999905 0.00000000099999999905 0.00000000099999999905 
0.12151570956862696449 0.00000000099999999969 0.00000000099999999969 0.00000000099999999969 0.83519707331243719928 0.04328721111893590184 0.00000000099999999969 0.00000000099999999969 0.00000000099999999969 
0.00000000099999999962 0.00000000099999999962 0.00000000099999999962 0.00000000099999999962 0.00000000099999999962 0.47683767356054862496 0.08291617920871174885 0.44024614123073957384 0.00000000099999999962 
0.00000000099999999989 0.00000000099999999989 0.00000000099999999989 0.54829248667008501084 0.08697242968307729305 0.12441704364806908945 0.24031803499876866481 0.00000000099999999989 0.00000000099999999989 
0.00000000099999999943 0.00000000099999999943 0.00000000099999999943 0.00000000099999999943 0.78274735850711862906 0.21725263449288143014 0.00000000099999999943 0.00000000099999999943 0.00000000099999999943 
0.00000000099999999906 0.00000000099999999906 0.00000000099999999906 0.00000000099999999906 0.00000000099999999906 0.99999999200000000421 0.00000000099999999906 0.00000000099999999906 0.00000000099999999906 
0.00000000099999999976 0.00000000099999999976 0.99999999200000000421 0.00000000099999999976 0.00000000099999999976 0.00000000099999999976 0.00000000099999999976 0.00000000099999999976 0.00000000099999999976 
0.00000000099999999982 0.23416656271348434970 0.00000000099999999982 0.00000000099999999982 0.18340467999303358693 0.00000000099999999982 0.11910240861971649329 0.00000000099999999982 0.46332634367376562823 
0.81978504823441367133 0.00000000099999999969 0.00000000099999999969 0.00000000099999999969 0.18021494476558652664 0.00000000099999999969 0.00000000099999999969 0.00000000099999999969 0.00000000099999999969 
0.00000000099999999981 0.15578260985081152090 0.00000000099999999981 0.50632784873989578056 0.00000000099999999981 0.16869001673480113479 0.00000000099999999981 0.16919951967449167740 0.00000000099999999981 
0.00000000099999999993 0.22293967137665565703 0.04574249049618489549 0.00000000099999999993 0.73131783212715961717 0.00000000099999999993 0.00000000099999999993 0.00000000099999999993 0.00000000099999999993 
0.00000000099999999970 0.00000000099999999970 0.00000000099999999970 0.00000000099999999970 0.00000000099999999970 0.94609085741218001964 0.05390913558781999099 0.00000000099999999970 0.00000000099999999970 
0.18168355285060258653 0.00000000099999999950 0.00000000099999999950 0.00000000099999999950 0.00000000099999999950 0.81831644014939730614 0.00000000099999999950 0.00000000099999999950 0.00000000099999999950 
0.00000000099999999988 0.47715677481884488653 0.00000000099999999988 0.00000000099999999988 0.00000000099999999988 0.31951823051889571836 0.00000000099999999988 0.00010293616422495120 0.20322205349803418306 
0.00000000099999999933 0.00000000099999999933 0.00000000099999999933 0.00000000099999999933 0.00000000099999999933 0.99999999200000000421 0.00000000099999999933 0.00000000099999999933 0.00000000099999999933 
0.15949670554952008472 0.16932108670864948197 0.00000000099999999975 0.00000000099999999975 0.00000000099999999975 0.67118220174183040871 0.00000000099999999975 0.00000000099999999975 0.00000000099999999975 
0.00000000099999999959 0.99999999200000011523 0.00000000099999999959 0.00000000099999999959 0.00000000099999999959 0.00000000099999999959 0.00000000099999999959 0.00000000099999999959 0.00000000099999999959 
0.00031876473168444895 0.00000000099999999925 0.00000000099999999925 0.00000000099999999925 0.00000000099999999925 0.99968122826831562477 0.00000000099999999925 0.00000000099999999925 0.00000000099999999925 
0.00000000099999999980 0.25901385583281683056 0.00000160184405376879 0.00000000099999999980 0.48063039262199219737 0.00000000099999999980 0.00000000099999999980 0.26035414470113710239 0.00000000099999999980 
0.00000000099999999916 0.00000000099999999916 0.00000000099999999916 0.00000000099999999916 0.00000000099999999916 0.99999999200000011523 0.00000000099999999916 0.00000000099999999916 0.00000000099999999916 
0.00000000099999999983 0.00000000099999999983 0.05948864618554073475 0.28025692992495720990 0.00000000099999999983 0.00000000099999999983 0.25451507301243542214 0.00000000099999999983 0.40573934587706655952 
0.00000000099999999922 0.00000000099999999922 0.00000000099999999922 0.00000000099999999922 0.00000000099999999922 0.99999999200000000421 0.00000000099999999922 0.00000000099999999922 0.00000000099999999922 
0.00000000099999999974 0.34484702613753498435 0.65515296686246515812 0.00000000099999999974 0.00000000099999999974 0.00000000099999999974 0.00000000099999999974 0.00000000099999999974 0.00000000099999999974 
0.39416200491207581402 0.00000000099999999958 0.00000000099999999958 0.00000000099999999958 0.00000000099999999958 0.60583798808792410640 0.00000000099999999958 0.00000000099999999958 0.00000000099999999958 
0.27376070922338963110 0.44055271199099371726 0.00000000099999999982 0.00000000099999999982 0.00000000099999999982 0.28568657278561676582 0.00000000099999999982 0.00000000099999999982 0.00000000099999999982 
0.42541384067485493725 0.22577243651476525121 0.00000000099999999975 0.00000000099999999975 0.00000000099999999975 0.34881371681037987020 0.00000000099999999975 0.00000000099999999975 0.00000000099999999975 
0.00000000099999999984 0.11180896751275733181 0.00000000099999999984 0.33486006249973448989 0.55333096398750825085 0.00000000099999999984 0.00000000099999999984 0.00000000099999999984 0.00000000099999999984 
0.21475778799992281676 0.00000000099999999987 0.41712910727341717676 0.00000000099999999987 0.08154630698164107294 0.00000000099999999987 0.00000000099999999987 0.00000000099999999987 0.28656679274501900556 
0.35299193744959489472 0.20021980407765380128 0.00000000099999999986 0.00000000099999999986 0.00000000099999999986 0.22148305011749827576 0.22530520335525297537 0.00000000099999999986 0.00000000099999999986 
0.00000000099999999969 0.00000000099999999969 0.56190402629492075537 0.00000000099999999969 0.00000000099999999969 0.00000000099999999969 0.00000000099999999969 0.43809596670507938709 0.00000000099999999969 
0.00000000099999999966 0.00000000099999999966 0.00000000099999999966 0.92025201434150949442 0.00000000099999999966 0.07974797865849059253 0.00000000099999999966 0.00000000099999999966 0.00000000099999999966 
0.00000000099999999997 0.11848432766853887743 0.00000009831251359382 0.38423323665647307612 0.00000000099999999997 0.00000000099999999997 0.03793944142362848382 0.34114067078497400942 0.11820222215387189701 
0.00000000099999999962 0.00000000099999999962 0.00000000099999999962 0.00000000099999999962 0.99994724341794216649 0.00005274958205775781 0.00000000099999999962 0.00000000099999999962 0.00000000099999999962 
0.00000000099999999980 0.65198236850112145646 0.00000000099999999980 0.00000000099999999980 0.00000000099999999980 0.00000000099999999980 0.00000000099999999980 0.00000000099999999980 0.34801762449887879702 
0.00000000099999999985 0.29868485755804580206 0.00000000099999999985 0.21627456196913760755 0.00000000099999999985 0.00000000099999999985 0.00000000099999999985 0.00000000099999999985 0.48504057447281673232 
0.00000000099999999925 0.00000000099999999925 0.00000000099999999925 0.00000000099999999925 0.00000000099999999925 0.99999999200000000421 0.00000000099999999925 0.00000000099999999925 0.00000000099999999925 
0.12992133962750801457 0.00000000099999999969 0.00000000099999999969 0.00000000099999999969 0.23758408721292451071 0.00000000099999999969 0.00000000099999999969 0.00000000099999999969 0.63249456715956731134 
0.27196517262319624963 0.00000000099999999973 0.00000000099999999973 0.35233668588359307039 0.00000000099999999973 0.37569813549321051660 0.00000000099999999973 0.00000000099999999973 0.00000000099999999973 
0.17609343842455596474 0.00000000099999999970 0.00000000099999999970 0.00000000099999999970 0.44402134853937025305 0.00000000099999999970 0.00000000099999999970 0.00000000099999999970 0.37988520703607381312 
0.00000000099999999928 0.00000000099999999928 0.00000000099999999928 0.00000000099999999928 0.00000000099999999928 0.99999999200000000421 0.00000000099999999928 0.00000000099999999928 0.00000000099999999928 
0.00000000099999999928 0.00000000099999999928 0.00000000099999999928 0.00000000099999999928 0.00000000099999999928 0.99999999200000011523 0.00000000099999999928 0.00000000099999999928 0.00000000099999999928 
0.14196369394391128438 0.00000000099999999966 0.00000000099999999966 0.00000000099999999966 0.00000000099999999966 0.55625964898032187467 0.00000000099999999966 0.00000000099999999966 0.30177665107576701065 
0.00000000099999999975 0.00000000099999999975 0.65034614675677404616 0.00000000099999999975 0.00000000099999999975 0.00000000099999999975 0.34964239384718681647 0.00001145339603911026 0.00000000099999999975 
0.00000000099999999973 0.00000000099999999973 0.00000000099999999973 0.00000000099999999973 0.00000000099999999973 0.00000000099999999973 0.99999999199999989319 0.00000000099999999973 0.00000000099999999973 
0.00000000099999999975 0.00000000099999999975 0.00000000099999999975 0.00000000099999999975 0.32978567229950467299 0.00000000099999999975 0.00000000099999999975 0.00000000099999999975 0.67021432070049535845 
0.00000000099999999966 0.00000000099999999966 0.00000000099999999966 0.00000000099999999966 0.00000000099999999966 0.83158642205023125538 0.00000000099999999966 0.16841357094976883157 0.00000000099999999966 
0.00000000099999999985 0.47867949512702290260 0.00000000099999999985 0.46119299366139671070 0.00000000099999999985 0.06012750521158034128 0.00000000099999999985 0.00000000099999999985 0.00000000099999999985 
0.00000000099999999965 0.00000000099999999965 0.52770385560532107050 0.00000000099999999965 0.00000000099999999965 0.00000000099999999965 0.00000000099999999965 0.47229613739467901645 0.00000000099999999965 
0.29783221851485458531 0.00000000099999999969 0.00000000099999999969 0.00000000099999999969 0.23926488375901222572 0.46290289172613319213 0.00000000099999999969 0.00000000099999999969 0.00000000099999999969 
0.37722640708521387731 0.00000000099999999970 0.00000000099999999970 0.49847998632919221507 0.00000000099999999970 0.12429360058559393853 0.00000000099999999970 0.00000000099999999970 0.00000000099999999970 
0.00000000099999999968 0.00000000099999999968 0.00000000099999999968 0.26039435293371054891 0.00000000099999999968 0.73960564006628948253 0.00000000099999999968 0.00000000099999999968 0.00000000099999999968 
0.00000000099999999935 0.00000000099999999935 0.00000000099999999935 0.00000000099999999935 0.00000000099999999935 0.17200381197903857888 0.00000000099999999935 0.82799618102096150807 0.00000000099999999935 
0.00000000099999999901 0.00000000099999999901 0.00000000099999999901 0.00000000099999999901 0.00000000099999999901 0.99999999200000011523 0.00000000099999999901 0.00000000099999999901 0.00000000099999999901 
0.00000000099999999968 0.00000000099999999968 0.00000000099999999968 0.00000000099999999968 0.17167588949098966378 0.00000000099999999968 0.00000000099999999968 0.00000000099999999968 0.82832410350901020113 
0.00000000099999999938 0.00000000099999999938 0.00000000099999999938 0.00000000099999999938 0.00000000099999999938 0.00000000099999999938 0.00000000099999999938 0.99999999199999989319 0.00000000099999999938 
0.00000000099999999897 0.00000000099999999897 0.00000000099999999897 0.00000000099999999897 0.00000000099999999897 0.99999999199999989319 0.00000000099999999897 0.00000000099999999897 0.00000000099999999897 
0.00000000099999999984 0.00000000099999999984 0.00001042763071561444 0.00000000099999999984 0.77478365450272490556 0.22520591186655947169 0.00000000099999999984 0.00000000099999999984 0.00000000099999999984 
0.00000000099999999956 0.00000000099999999956 0.00000000099999999956 0.00000000099999999956 0.00000000099999999956 0.00000000099999999956 0.99999999200000000421 0.00000000099999999956 0.00000000099999999956 
0.26394880421603167386 0.00000000099999999984 0.00000000099999999984 0.25600752193774523047 0.00000000099999999984 0.35309497962254693393 0.00000000099999999984 0.00000000099999999984 0.12694868922367610886 
0.00000000099999999982 0.10206070764385898053 0.00000000099999999982 0.00000000099999999982 0.00000000099999999982 0.00000000099999999982 0.77771158490858982582 0.00000000099999999982 0.12022770144755123845 
0.00000000099999999946 0.00000000099999999946 0.00000000099999999946 0.00000000099999999946 0.00000000099999999946 0.99999999200000011523 0.00000000099999999946 0.00000000099999999946 0.00000000099999999946 
0.00000000099999999968 0.00000000099999999968 0.00000000099999999968 0.00000000099999999968 0.78362985504318616314 0.00000000099999999968 0.00000000099999999968 0.00000000099999999968 0.21637013795681397932 
0.02870252352540870674 0.00000000099999999975 0.00000000099999999975 0.00000000099999999975 0.23934381088028641726 0.16458377102104262968 0.00000000099999999975 0.00000000099999999975 0.56736988957326228711 
0.00000000099999999971 0.27668451950348615931 0.00000000099999999971 0.00000000099999999971 0.00000000099999999971 0.00000000099999999971 0.00000000099999999971 0.00000000099999999971 0.72331547349651348355 
0.00000000099999999971 0.00000000099999999971 0.00000000099999999971 0.99999999200000011523 0.00000000099999999971 0.00000000099999999971 0.00000000099999999971 0.00000000099999999971 0.00000000099999999971 
0.00000000099999999965 0.00000000099999999965 0.00000000099999999965 0.00000000099999999965 0.00000000099999999965 0.05301594072127349677 0.00000000099999999965 0.00000000099999999965 0.94698405227872650691 
0.00000000099999999947 0.00000000099999999947 0.99999999200000011523 0.00000000099999999947 0.00000000099999999947 0.00000000099999999947 0.00000000099999999947 0.00000000099999999947 0.00000000099999999947 
