0.00000000099999999991 0.81773852342983854857 0.18226147557016156298 
0.00000000167671495530 0.21811399482085752632 0.78188600350242754011 
0.51256559566934078997 0.20923015926397847686 0.27820424506668084419 
0.48986374361604723138 0.08775621440138786644 0.42238004198256495769 
0.14637318094582352224 0.01555411242063576595 0.83807270663354060947 
0.00000000099999999999 0.13893681514970965263 0.86106318385029034790 
0.01843948481701164488 0.36206247768879668003 0.61949803749419174448 
0.00000000099999999990 0.00000000099999999990 0.99999999800000005656 
0.00000000099999999990 0.99999999799999994554 0.00000000099999999990 
0.00000000099999999972 0.99999999799999994554 0.00000000099999999972 
0.72549110100128255674 0.27450889799871736052 0.00000000099999999993 
0.00000000099999999992 0.64605139725158333697 0.35394860174841652478 
0.40533521352243501168 0.28158227019175507966 0.31308251628580996417 
0.52109833841840880186 0.47890166058159117091 0.00000000099999999989 
0.00000000099999999972 0.99999999799999994554 0.00000000099999999972 
0.00000000099999999993 0.00000000099999999993 0.99999999800000005656 
0.76738049675724140375 0.00000000099999999999 0.23261950224275868004 
0.48336064235982661996 0.51663935664017335281 0.00000000099999999996 
0.25071384875316876650 0.34040421456215053109 0.40888193668468070241 
0.78011911713422121828 0.00003060173535470601 0.21985028113042409670 
0.00000000099999999991 0.95664289818181991176 0.04335710081818006795 
0.00000000099999999991 0.99999999799999994554 0.00000000099999999991 
0.29527339968667742909 0.37045528826724877236 0.33427131204607374304 
0.00000000099999999983 0.99999999800000005656 0.00000000099999999983 
0.11406610051203885936 0.74931670341033829175 0.13661719607762284889 
0.10352752780196561311 0.16376542149311620888 0.73270705070491815025 
0.00000000099999999975 0.99999999800000005656 0.00000000099999999975 
0.48198256478802176117 0.07427941041994137739 0.44373802479203677818 
0.00000000099999999978 0.99999999799999994554 0.00000000099999999978 
0.42240190154366502595 0.08920551683818646327 0.48839258161814852466 
0.00000000099999999978 0.99999999799999994554 0.00000000099999999978 
0.09137861710170386287 0.00000000099999999997 0.90862138189829610990 
0.28151503117996695691 0.71848496782003290484 0.00000000099999999995 
0.26625330317285278436 0.38315869399638574633 0.35058800283076152482 
0.51164978295841834210 0.48835021604158174169 0.00000000099999999999 
0.67989323419843628038 0.12511318718178066067 0.19499357861978305895 
0.59165334887481901838 0.00000000099999999999 0.40834665012518100990 
0.38708978320503700798 0.37649778536795691641 0.23641243142700618662 
0.15740939220072042160 0.00000000099999999997 0.84259060679927966220 
0.46204606350825577765 0.27928301884205869454 0.25867091764968547229 
0.28681613849373338576 0.16135553180473330426 0.55182832970153328223 
0.73867678915144974194 0.26132320984855006429 0.00000000099999999991 
0.53837910444586190017 0.00000000099999999999 0.46162089455413812811 
0.76807603973974125644 0.00000000099999999999 0.23192395926025879960 
0.00000000099999999977 0.99999999800000005656 0.00000000099999999977 
0.92378998700513503817 0.07621001199486503175 0.00000000099999999993 
0.46737244827332685704 0.53262755072667311573 0.00000000099999999997 
0.95484267206167416919 0.04515732693832577582 0.00000000099999999993 
0.00000000099999999978 0.99999999800000005656 0.00000000099999999978 
0.00000000099999999976 0.99999999800000005656 0.00000000099999999976 
0.35321547977540607155 0.64678451922459379020 0.00000000099999999994 
0.00000000099999999991 0.00000000099999999991 0.99999999799999994554 
0.22964783850465000925 0.09886180060561181038 0.67149036088973812486 
0.99999999800000005656 0.00000000099999999995 0.00000000099999999995 
0.00000000099999999995 0.95292583509908046491 0.04707416390091954256 
0.24304305706117237951 0.19769366236161611816 0.55926328057721153009 
0.10513039685935959833 0.09966627992759276300 0.79520332321304765255 
0.39382768556252972791 0.60617231343747024486 0.00000000099999999992 
0.48366942578278299125 0.32733792903177072464 0.18899264518544639513 
0.18295651517899744198 0.81704348382100244752 0.00000000099999999996 
0.00000000099999999993 0.51844565889876248477 0.48155434010123759903 
0.00000000099999999972 0.99999999800000005656 0.00000000099999999972 
0.93903248323104004935 0.06096751576895988178 0.00000000099999999996 
0.00000000099999999995 0.32238230101168102726 0.67761769798831894551 
0.00000000099999999970 0.99999999800000005656 0.00000000099999999970 
0.52351778048999875192 0.41066517894598447702 0.06581704056401692371 
0.16966735392985349273 0.00000000099999999999 0.83033264507014659106 
0.38890659902725999153 0.49400403801134273873 0.11708936296139731137 
0.23513720554651254546 0.01014371596467869042 0.75471907848880881442 
0.00000000099999999988 0.99999999799999994554 0.00000000099999999988 
0.94417698098713109811 0.05582301801286871507 0.00000000099999999994 
0.73873702395014906319 0.26126297504985079856 0.00000000099999999994 
0.79172105626479072349 0.00000000099999999999 0.20827894273520922153 
0.59717083343219123925 0.09774849701258708778 0.30508066955522172847 
0.89639693672560649684 0.10360306227439347593 0.00000000099999999997 
0.00000000099999999993 0.00000000099999999993 0.99999999800000005656 
