0.00000000099999999972 0.23266955654274454335 0.00000000099999999972 0.00000000099999999972 0.00000000099999999972 0.76733043945725543100 
0.00000000099999999982 0.00000000099999999982 0.98257257450534873922 0.00000000099999999982 0.00000000099999999982 0.01742742149465131840 
0.00000000099999999997 0.31568212992401550876 0.00000000099999999997 0.31977607897319221264 0.27742638747927189646 0.08711540162352025829 
0.63705209506531157437 0.00000000099999999996 0.00004361095066047484 0.36290429098402787744 0.00000000099999999996 0.00000000099999999996 
0.57399033216643835509 0.00000000099999999987 0.42600966383356164702 0.00000000099999999987 0.00000000099999999987 0.00000000099999999987 
0.49071128259337598587 0.50332189410422001341 0.00000000099999999995 0.00000000099999999995 0.00000000099999999995 0.00596682030240417837 
0.17302755059110447311 0.46513862489311602610 0.00000000099999999991 0.19846228038240754099 0.00000000099999999991 0.16337154213337190534 
0.00000000099999999983 0.99999999500000003039 0.00000000099999999983 0.00000000099999999983 0.00000000099999999983 0.00000000099999999983 
0.00000000099999999976 0.00000000099999999976 0.00000000099999999976 0.12631722179495566416 0.00000000099999999976 0.87368277420504447672 
0.00000000099999999938 0.00000000099999999938 0.00000000099999999938 0.00000000099999999938 0.00000000099999999938 0.99999999499999991937 
0.00000000099999999986 0.00000000099999999986 0.00000000099999999986 0.09530346020620943104 0.73708560854786975280 0.16761092824592083161 
0.00000000099999999985 0.33835014865566398479 0.07218018287780041120 0.00000000099999999985 0.00000000099999999985 0.58946966546653556396 
0.24672790397492852521 0.00000000099999999998 0.18607804246413819915 0.30755471102491188651 0.09740429581115093993 0.16223504572487035258 
0.00000000099999999971 0.00000000099999999971 0.00000000099999999971 0.00000000099999999971 0.60936851827782645419 0.39063147772217338138 
0.00000000099999999939 0.00000000099999999939 0.00000000099999999939 0.00000000099999999939 0.00000000099999999939 0.99999999500000003039 
0.00000000099999999985 0.99999999500000003039 0.00000000099999999985 0.00000000099999999985 0.00000000099999999985 0.00000000099999999985 
0.10509103340094701207 0.00000000099999999988 0.26418684511527562586 0.00000000099999999988 0.63072211848377723875 0.00000000099999999988 
0.00000000099999999985 0.00000000099999999985 0.00000000099999999985 0.81652209400132813588 0.18346821822133096980 0.00000968477734083664 
0.71077759962337083710 0.00000000099999999987 0.00000000099999999987 0.00000000099999999987 0.00000000099999999987 0.28922239637662933154 
0.00000000099999999998 0.00000000099999999998 0.29744415815749403187 0.00000000099999999998 0.67984950765070950585 0.02270633119179655754 
0.00000000099999999983 0.00000000099999999983 0.05280625948250195628 0.00000000099999999983 0.00000000099999999983 0.94719373651749805276 
0.00000000099999999976 0.00000000099999999976 0.00000000099999999976 0.14729527027722078003 0.00000000099999999976 0.85270472572277922207 
0.66929962146731458716 0.00000000099999999987 0.00000000099999999987 0.00000000099999999987 0.00000000099999999987 0.33070037453268547045 
0.00000000099999999960 0.00000000099999999960 0.00000000099999999960 0.00000000099999999960 0.00000000099999999960 0.99999999500000003039 
0.00000000099999999989 0.00000000099999999989 0.19288788421967184572 0.12901271994084390071 0.00000000099999999989 0.67809939283948428290 
0.71168538113497425979 0.00000000099999999989 0.28818140539549613743 0.00000000099999999989 0.00000000099999999989 0.00013321046952960010 
0.00000000099999999950 0.00000000099999999950 0.00000000099999999950 0.00000000099999999950 0.00000000099999999950 0.99999999500000003039 
0.20922024295277696915 0.37153392392839679204 0.00000000099999999998 0.00000000099999999998 0.41924580946423906092 0.00000002165458725970 
0.00000000099999999948 0.00000000099999999948 0.00000000099999999948 0.00000000099999999948 0.00000000099999999948 0.99999999500000003039 
0.37954589117614129234 0.00000000099999999996 0.32756183681897965698 0.00000000099999999996 0.28989848489771435913 0.00299378510716476849 
0.00000000099999999951 0.00000000099999999951 0.00000000099999999951 0.00000000099999999951 0.00000000099999999951 0.99999999500000003039 
0.00000000099999999986 0.50302632458129381554 0.49697367141870629759 0.00000000099999999986 0.00000000099999999986 0.00000000099999999986 
0.00000000099999999977 0.00000000099999999977 0.00000000099999999977 0.38689175959183336184 0.00000000099999999977 0.61310823640816647373 
0.43327336200658084220 0.00000000099999999994 0.00000000099999999994 0.29787373341832285023 0.00000000099999999994 0.26885290157509628139 
0.21948367213465602710 0.00000000099999999990 0.00000000099999999990 0.43623062195875034197 0.00000000099999999990 0.34428570290659360476 
0.33973287732071788536 0.00000000099999999989 0.00000000099999999989 0.00000000099999999989 0.63917508129024114272 0.02109203838904088676 
0.00000000099999999993 0.29538580936091102247 0.16861130228717249868 0.11194237412207978799 0.42406051222983659477 0.00000000099999999993 
0.00000000099999999989 0.00000000099999999989 0.29427430636228907312 0.48466156897153933603 0.00000000099999999989 0.22106412166617170345 
0.00000000099999999975 0.99999999500000003039 0.00000000099999999975 0.00000000099999999975 0.00000000099999999975 0.00000000099999999975 
0.51580518078585613218 0.00000000099999999989 0.00000000099999999989 0.32733046441532831494 0.00000000099999999989 0.15686435179881572100 
0.41901413563303308019 0.32194493516246741605 0.00000000100000000000 0.17980104553959216918 0.00787593632088825178 0.07136394634401900527 
0.00000000099999999976 0.00000000099999999976 0.00000000099999999976 0.00000000099999999976 0.83605391159412034696 0.16394608440587959963 
0.00000000099999999994 0.00000000099999999994 0.52533839750223532139 0.00000000099999999994 0.47466159849776468072 0.00000000099999999994 
0.31730463129227404195 0.00000000099999999990 0.23820678671196124365 0.00000000099999999990 0.44448857899576477148 0.00000000099999999990 
0.00000000099999999952 0.00000000099999999952 0.00000000099999999952 0.00000000099999999952 0.00000000099999999952 0.99999999499999991937 
0.00000000099999999982 0.00000000099999999982 0.00000000099999999982 0.09621323206313517340 0.90378676393686474544 0.00000000099999999982 
0.00000000099999999979 0.00000000099999999979 0.00000000099999999979 0.58576612404532912848 0.00000000099999999979 0.41423387195467087363 
0.00000000099999999980 0.00000000099999999980 0.00000000099999999980 0.18140198871153304094 0.81859800728846687790 0.00000000099999999980 
0.00000000099999999954 0.00000000099999999954 0.00000000099999999954 0.00000000099999999954 0.00000000099999999954 0.99999999499999991937 
0.00000000099999999952 0.00000000099999999952 0.00000000099999999952 0.00000000099999999952 0.00000000099999999952 0.99999999499999991937 
0.00000000099999999986 0.00000000099999999986 0.00000000099999999986 0.09946978283873225690 0.32835720289520825554 0.57217301126605957240 
0.00000000099999999981 0.53706599940568189311 0.46293399659431816451 0.00000000099999999981 0.00000000099999999981 0.00000000099999999981 
0.00000000099999999987 0.00000000099999999987 0.79050812821812865838 0.20949186778187131597 0.00000000099999999987 0.00000000099999999987 
0.00017938286998025096 0.00000000099999999986 0.00000000099999999986 0.00000000099999999986 0.99982061313001968639 0.00000000099999999986 
0.09816337068841252123 0.00000000099999999981 0.00000000099999999981 0.00000000099999999981 0.00000000099999999981 0.90183662531158736986 
0.71938994455278459927 0.00000000099999999992 0.00000000099999999992 0.20895417857954998175 0.00000000099999999992 0.07165587386766555933 
0.00000000099999999974 0.99999999500000003039 0.00000000099999999974 0.00000000099999999974 0.00000000099999999974 0.00000000099999999974 
0.00000000099999999978 0.00000000099999999978 0.00000000099999999978 0.27165762248309821558 0.22184517684071636268 0.50649719767618550659 
0.26146912752781176215 0.00000000099999999984 0.00000000099999999984 0.56433282756471869757 0.00000000099999999984 0.17419804190746945860 
0.23511698806325642686 0.00000000099999999984 0.00000000099999999984 0.00000000099999999984 0.00000000099999999984 0.76488300793674357525 
0.00000000099999999968 0.62396504884583525730 0.00000000099999999968 0.00000000099999999968 0.00000000099999999968 0.37603494715416480032 
0.00000000099999999936 0.00000000099999999936 0.00000000099999999936 0.00000000099999999936 0.00000000099999999936 0.99999999500000003039 
0.00000000099999999987 0.00000000099999999987 0.00000000099999999987 0.00000000099999999987 0.99999999499999991937 0.00000000099999999987 
0.00000000099999999978 0.86990670858285468192 0.00000000099999999978 0.00000000099999999978 0.00000000099999999978 0.13009328741714543121 
0.00000000099999999933 0.00000000099999999933 0.00000000099999999933 0.00000000099999999933 0.00000000099999999933 0.99999999499999991937 
0.00000000099999999998 0.02851360543239905149 0.10510220352860213944 0.06553105618920118669 0.47367019540884958140 0.32718293844094809009 
0.38805358282345447929 0.00000000099999999986 0.61194641317654552282 0.00000000099999999986 0.00000000099999999986 0.00000000099999999986 
0.25823577350753607051 0.00000000099999999992 0.00000000099999999992 0.35938414067352492109 0.00000000099999999992 0.38238008281893892670 
0.00000000099999999988 0.00000000099999999988 0.99999999500000003039 0.00000000099999999988 0.00000000099999999988 0.00000000099999999988 
0.00000000099999999969 0.00000000099999999969 0.00000000099999999969 0.00000000099999999969 0.00000000099999999969 0.99999999499999991937 
0.00000000099999999980 0.00000000099999999980 0.00000000099999999980 0.00000000099999999980 0.99999999500000003039 0.00000000099999999980 
0.00000000099999999987 0.00000000099999999987 0.00000000099999999987 0.00000000099999999987 0.82566819323549223153 0.17433180276450779833 
0.00000002753475979547 0.00000000099999999993 0.26792797845077231944 0.00000000099999999993 0.73207199101446773781 0.00000000099999999993 
0.59495669121437033677 0.00000000099999999989 0.00000000099999999989 0.40504330478562972084 0.00000000099999999989 0.00000000099999999989 
0.00000000099999999992 0.00000000099999999992 0.05668743702070450780 0.00000000099999999992 0.90838371469994672047 0.03492884527934888433 
0.00000000099999999979 0.74297960583360411757 0.25702039016639588453 0.00000000099999999979 0.00000000099999999979 0.00000000099999999979 
