0.77791626316790074558 0.00000000099999999977 0.22208373383209931151 0.00000000099999999977 0.00000000099999999977 
0.15672046870803710283 0.00000000099999999995 0.37457728069583162700 0.46870224859613129897 0.00000000099999999995 
0.14261547948252334406 0.35505891169973974320 0.25964950760740013180 0.24267610021033680923 0.00000000099999999997 
0.14930088531028765098 0.03856751731812337047 0.00000000099999999997 0.70281498773461881235 0.10931660863697023611 
0.00000000099999999995 0.00000000099999999995 0.00001498928231673226 0.35654148837167048969 0.64344352034601270951 
0.00000002527918288436 0.00000000099999999997 0.41873714734472106125 0.00000000099999999997 0.58126282537609608170 
0.25155503442936993919 0.00000000099999999993 0.45153406402910367667 0.29691089954152621866 0.00000000099999999993 
0.00000000099999999987 0.00000000099999999987 0.78650002412615649394 0.00000000099999999987 0.21349997287384342437 
0.99999999600000011313 0.00000000099999999982 0.00000000099999999982 0.00000000099999999982 0.00000000099999999982 
0.99999999600000000211 0.00000000099999999947 0.00000000099999999947 0.00000000099999999947 0.00000000099999999947 
0.19905909192616080827 0.80094090507383930433 0.00000000099999999990 0.00000000099999999990 0.00000000099999999990 
0.60424160739439625178 0.00000000099999999988 0.39575838960560377755 0.00000000099999999988 0.00000000099999999988 
0.30169299831157020408 0.08291154187433509570 0.00000000099999999994 0.61539545781409465963 0.00000000099999999994 
0.38725046913856009390 0.61274952786143987993 0.00000000099999999975 0.00000000099999999975 0.00000000099999999975 
0.99999999600000000211 0.00000000099999999947 0.00000000099999999947 0.00000000099999999947 0.00000000099999999947 
0.00000000099999999989 0.00000000099999999989 0.99999999599999989108 0.00000000099999999989 0.00000000099999999989 
0.00000000099999999995 0.61178554621161918003 0.00000000099999999995 0.00000000099999999995 0.38821445078838084930 
0.45066642212799618017 0.54933357487200373814 0.00000000099999999991 0.00000000099999999991 0.00000000099999999991 
0.32238020704343761658 0.00000000099999999998 0.09443487995774331456 0.31945154772040956770 0.26373336427840948781 
0.00000000099999999997 0.66392223821230034186 0.00707150967750467836 0.00000000099999999997 0.32900625011019501986 
0.95806839378219033065 0.00000000099999999991 0.00000000099999999991 0.00000000099999999991 0.04193160321780963623 
0.99999999600000011313 0.00000000099999999982 0.00000000099999999982 0.00000000099999999982 0.00000000099999999982 
0.34115978171833838406 0.00000000099999999993 0.00000000099999999993 0.00000000099999999993 0.65884021528166147874 
0.99999999600000011313 0.00000000099999999968 0.00000000099999999968 0.00000000099999999968 0.00000000099999999968 
0.71484775133952738191 0.00000000099999999991 0.00000000099999999991 0.00000000099999999991 0.28515224566047259191 
0.00000000099999999983 0.00000000099999999983 0.00000000099999999983 0.00000000099999999983 0.99999999599999989108 
0.99999999600000011313 0.00000000099999999953 0.00000000099999999953 0.00000000099999999953 0.00000000099999999953 
0.00000000099999999997 0.41342566236397537693 0.32824685174953649458 0.00000000099999999997 0.25832748388648801852 
0.99999999600000011313 0.00000000099999999960 0.00000000099999999960 0.00000000099999999960 0.00000000099999999960 
0.07567517980432500457 0.26692137991253961360 0.08855290418571294675 0.43062091958172193928 0.13822961651570056518 
0.99999999600000000211 0.00000000099999999959 0.00000000099999999959 0.00000000099999999959 0.00000000099999999959 
0.00000000099999999989 0.00000000099999999989 0.47025423473718747092 0.00000000099999999989 0.52974576226281255842 
0.70212094560549209721 0.15518858196808779648 0.00000000099999999990 0.14269047042642007961 0.00000000099999999990 
0.39509907734863480844 0.00000000099999999994 0.00000000099999999994 0.00000000099999999994 0.60490091965136516539 
0.47791187955499286888 0.00000000099999999994 0.00000000099999999994 0.30482931289663234287 0.21725880554837465053 
0.06335053557223339904 0.57332586173920485617 0.00000000099999999997 0.20917931843273884773 0.15414428325582296697 
0.00000000099999999997 0.58504192587296166561 0.41488519222171044154 0.00007287990532789381 0.00000000099999999997 
0.38406505088711789808 0.00000011695285329588 0.00000000099999999996 0.32701741437370279719 0.28891741678632598678 
0.00000000099999999986 0.00000000099999999986 0.99999972529300429347 0.00000000099999999986 0.00000027170699563703 
0.32032233024802841959 0.00000000099999999991 0.00000000099999999991 0.67967766675197138770 0.00000000099999999991 
0.11695374154905487096 0.09499180653773191263 0.32649864161519798200 0.27756145133160464722 0.18399435896641061494 
0.15794132998444623817 0.84205866701555376341 0.00000000099999999979 0.00000000099999999979 0.00000000099999999979 
0.00000000099999999988 0.17721323153777474024 0.00000000099999999988 0.00000000099999999988 0.82278676546222528909 
0.00000000099999999995 0.44778271764971649960 0.00000000099999999995 0.21871482149682144880 0.33350245885346191388 
0.99999999600000011313 0.00000000099999999955 0.00000000099999999955 0.00000000099999999955 0.00000000099999999955 
0.00000000099999999984 0.99999999600000000211 0.00000000099999999984 0.00000000099999999984 0.00000000099999999984 
0.52430769223326323392 0.13156889861151499499 0.00000000099999999994 0.34412340715522182766 0.00000000099999999994 
0.00000000099999999983 0.99999999600000011313 0.00000000099999999983 0.00000000099999999983 0.00000000099999999983 
0.99999999600000000211 0.00000000099999999962 0.00000000099999999962 0.00000000099999999962 0.00000000099999999962 
0.99999999600000000211 0.00000000099999999955 0.00000000099999999955 0.00000000099999999955 0.00000000099999999955 
0.59713212228343226506 0.40286787471656781978 0.00000000099999999989 0.00000000099999999989 0.00000000099999999989 
0.00000000099999999995 0.00000000099999999995 0.84168798649579257276 0.00344765548582808695 0.15486435601837925113 
0.06914511899193673261 0.00000000099999999998 0.35212856384056906434 0.57872631516749428737 0.00000000099999999998 
0.00000000099999999991 0.92087004929958571342 0.00000000099999999991 0.00000000099999999991 0.07912994770041448245 
0.90091267555046883331 0.00000000099999999982 0.00000000099999999982 0.00000000099999999982 0.09908732144953122378 
0.17962368827206989796 0.00000000099999999994 0.00000000099999999994 0.38358276297563981272 0.43679354675229020710 
0.00000000099999999979 0.00000000099999999979 0.99999999599999989108 0.00000000099999999979 0.00000000099999999979 
0.56994953403744619269 0.43005046296255383664 0.00000000099999999982 0.00000000099999999982 0.00000000099999999982 
0.38896888618752234468 0.00000000099999999987 0.00000000099999999987 0.61103111081247751812 0.00000000099999999987 
0.81260883408223694158 0.00000000099999999992 0.00000000099999999992 0.00000000099999999992 0.18739116291776308776 
0.40298128840317876120 0.00000000099999999975 0.59701870859682115711 0.00000000099999999975 0.00000000099999999975 
0.99999999600000011313 0.00000000099999999947 0.00000000099999999947 0.00000000099999999947 0.00000000099999999947 
0.00000000099999999992 0.99999999600000000211 0.00000000099999999992 0.00000000099999999992 0.00000000099999999992 
0.17549133273201436567 0.00000000099999999983 0.82450866426798563591 0.00000000099999999983 0.00000000099999999983 
0.99999999600000000211 0.00000000099999999943 0.00000000099999999943 0.00000000099999999943 0.00000000099999999943 
0.34207988137470796142 0.58093904454766076562 0.07547467630254812987 0.00000000099999999999 0.00150639677508308443 
0.00000000099999999994 0.00000000099999999994 0.24211806954736991848 0.75788192745263005534 0.00000000099999999994 
0.48882542931397493513 0.23129708345520941237 0.00000000099999999996 0.27987748523081568131 0.00000000099999999996 
0.00000000099999999999 0.04206133223965025092 0.31686059361110741062 0.34173564223864683065 0.29934243091059548059 
0.99998118469808838782 0.00000000099999999978 0.00000000099999999978 0.00000000099999999978 0.00001881230191165159 
0.00000000099999999985 0.99999999600000011313 0.00000000099999999985 0.00000000099999999985 0.00000000099999999985 
0.17574002270100008705 0.82425997429899999780 0.00000000099999999988 0.00000000099999999988 0.00000000099999999988 
0.00000000099999999989 0.57855353105381313039 0.00000000099999999989 0.00000000099999999989 0.42144646594618684343 
0.14105216819125832028 0.12337948921527989998 0.00000000099999999994 0.73556834059346165589 0.00000000099999999994 
0.00000019106850422053 0.85761291941898876168 0.00000000099999999993 0.00000000099999999993 0.14238688751250716535 
0.00000000099999999982 0.00000000099999999982 0.99999999600000000211 0.00000000099999999982 0.00000000099999999982 
