0.81478897668121808007 0.18521102231878197597 0.00000000099999999991 
0.20984640705049878440 0.78926049713070489666 0.00089309581879642747 
0.21228306752806314073 0.26309336889318701846 0.52462356357874995183 
0.09304520564098077429 0.32122336894369368787 0.58573142541532563499 
0.00743363403160193434 0.81166476081442529011 0.18090160515397279983 
0.13226899386283758053 0.86773087224227363201 0.00000013389488887632 
0.33338107489389656735 0.57933152344510641107 0.08728740166099713260 
0.00000000099999999991 0.99999999800000005656 0.00000000099999999991 
0.99999999800000005656 0.00000000099999999990 0.00000000099999999990 
0.99999999799999994554 0.00000000099999999972 0.00000000099999999972 
0.28841338083433620820 0.00000000099999999994 0.71158661816566370906 
0.63578454442841147998 0.36421545457158832626 0.00000000099999999992 
0.28212485043182083944 0.26996161480694724766 0.44791353476123202393 
0.49627354359016662144 0.00000000099999999990 0.50372645540983329582 
0.99999999799999994554 0.00000000099999999972 0.00000000099999999972 
0.00000000099999999993 0.99999999800000005656 0.00000000099999999993 
0.00000084289935782041 0.23037499840996270017 0.76962415869067957175 
0.53363337150783007878 0.00000000099999999996 0.46636662749216989399 
0.33481674611710371403 0.38079695304416538715 0.28438630083873095433 
0.00054072606324997454 0.21688792877202578424 0.78257134516472415253 
0.95485640947607652862 0.04514358952392352742 0.00000000099999999991 
0.99999999800000005656 0.00000000099999999991 0.00000000099999999991 
0.36910833114951102640 0.32211545883873737850 0.30877621001175153959 
0.99999999799999994554 0.00000000099999999984 0.00000000099999999984 
0.74697085568651522269 0.10700224093949338433 0.14602690337399143461 
0.15537186453628160088 0.73137763314206971632 0.11325050232164865505 
0.99999999800000005656 0.00000000099999999975 0.00000000099999999975 
0.07680696491729736841 0.44066076082391691937 0.48253227425878575385 
0.99999999799999994554 0.00000000099999999978 0.00000000099999999978 
0.08573634654521654352 0.43833529780270896747 0.47592835565207441961 
0.99999999800000005656 0.00000000099999999978 0.00000000099999999978 
0.00000000099999999997 0.93004190953489096483 0.06995808946510911897 
0.72498341617061923259 0.00000000099999999995 0.27501658282938090672 
0.38037125336394694841 0.33472185754312533401 0.28490688909292771758 
0.49339846282451216286 0.00000000099999999999 0.50660153617548786542 
0.14437423232469931422 0.11069172841500643512 0.74493403926029422291 
0.00000017446981442776 0.41573779818095418781 0.58426202734923149418 
0.37815080016651392292 0.22088654842399338407 0.40096265140949272077 
0.00000000099999999997 0.86485977366735711236 0.13514022533264280490 
0.29422018154607493257 0.13360232552772544068 0.57217749292619957124 
0.15181951314437941436 0.53138677344929752255 0.31679371340632300758 
0.28321635684818935452 0.00000000099999999991 0.71678364215181056274 
0.00000007443396873288 0.46777336352100495898 0.53222656204502638566 
0.00000031027518378571 0.20036820736709895496 0.79963148235771730477 
0.99999999799999994554 0.00000000099999999977 0.00000000099999999977 
0.10281523217921596791 0.00000000099999999993 0.89718476682078396323 
0.53783934110710451826 0.00000000099999999997 0.46216065789289539900 
0.07354563547824245762 0.00000000099999999993 0.92645436352175747352 
0.99999999799999994554 0.00000000099999999978 0.00000000099999999978 
0.99999999799999994554 0.00000000099999999976 0.00000000099999999976 
0.65416580695159309844 0.00000000099999999994 0.34583419204840698535 
0.00000000099999999991 0.99999999799999994554 0.00000000099999999991 
0.08532399030797653550 0.65214731865772845865 0.26252869103429504749 
0.00000000099999999995 0.00000000099999999995 0.99999999799999994554 
0.95095080698778444717 0.04904919201221547009 0.00000000099999999995 
0.18585210519913411553 0.51971240823758146909 0.29443548656328449864 
0.08877193357704282750 0.82790217581699099281 0.08332589060596606867 
0.61425422325285561342 0.00000000099999999992 0.38574577574714447037 
0.35019215844641321533 0.00000001203863180108 0.64980782951495508204 
0.81913224346247714980 0.00000000099999999996 0.18086775553752282297 
0.50544131306340933651 0.49455868593659063626 0.00000000099999999993 
0.99999999799999994554 0.00000000099999999972 0.00000000099999999972 
0.08605489943158406430 0.00000000099999999996 0.91394509956841596399 
0.30515828484566209777 0.69484171415433781949 0.00000000099999999995 
0.99999999800000005656 0.00000000099999999970 0.00000000099999999970 
0.42257962451951863736 0.06865026751176241115 0.50877010796871890985 
0.00000000099999999998 0.76032756743443197234 0.23967243156556800043 
0.49869240969793099394 0.07981287010236606805 0.42149472019970296577 
0.00360753082560205055 0.73833348457669067955 0.25805898459770720832 
0.99999999800000005656 0.00000000099999999988 0.00000000099999999988 
0.08482513508156311333 0.00000000099999999994 0.91517486391843683169 
0.27761590657978268970 0.00000000099999999994 0.72238409242021717205 
0.00000000099999999999 0.20640063707668696025 0.79359936192331304028 
0.11102803240514354244 0.21898417946743881091 0.66998778812741766053 
0.11237096443685504199 0.00000000099999999997 0.88762903456314501405 
0.00000000099999999992 0.99999999799999994554 0.00000000099999999992 
