0.76451262467116420929 0.00000000099999999971 0.00000000099999999971 0.23548737132883579282 0.00000000099999999971 0.00000000099999999971 
0.00000000099999999975 0.00000000099999999975 0.00000000099999999975 0.00000000099999999975 0.99999999500000003039 0.00000000099999999975 
0.09117404941644277616 0.00000000099999999996 0.32805225482748734400 0.27291342675537605400 0.05561124901164002376 0.25224901898905377484 
0.00000074676327859261 0.09945371550555662243 0.00000000099999999997 0.00000000099999999997 0.17353652868176747126 0.72700900704939741548 
0.00000000099999999992 0.52907925979248360271 0.00000000099999999992 0.00000000099999999992 0.26389097340606165742 0.20702976380145488022 
0.00000000099999999994 0.52436740411250037930 0.00000000099999999994 0.47563248742557445725 0.00000000099999999994 0.00000010546192536292 
0.16456987453707883073 0.00000000099999999987 0.00000000099999999987 0.47734638497148146330 0.00000000099999999987 0.35808373749143967979 
0.00000000099999999982 0.21246788411307732103 0.00000000099999999982 0.78753211188692273659 0.00000000099999999982 0.00000000099999999982 
0.99999999500000014141 0.00000000099999999981 0.00000000099999999981 0.00000000099999999981 0.00000000099999999981 0.00000000099999999981 
0.99999999500000014141 0.00000000099999999937 0.00000000099999999937 0.00000000099999999937 0.00000000099999999937 0.00000000099999999937 
0.19421336339493963652 0.00000000099999999986 0.80578663260506044885 0.00000000099999999986 0.00000000099999999986 0.00000000099999999986 
0.58172418344918885857 0.00000000099999999985 0.00000000099999999985 0.34302499910045458620 0.07525081445035650130 0.00000000099999999985 
0.17411638705453988396 0.00000000099999999994 0.09398583661498394193 0.00000000099999999994 0.27864958173170739641 0.45324819259876880650 
0.37968849644368307672 0.00000000099999999969 0.62031149955631681436 0.00000000099999999969 0.00000000099999999969 0.00000000099999999969 
0.99999999500000014141 0.00000000099999999937 0.00000000099999999937 0.00000000099999999937 0.00000000099999999937 0.00000000099999999937 
0.00000000099999999986 0.00000000099999999986 0.00000000099999999986 0.99999999500000003039 0.00000000099999999986 0.00000000099999999986 
0.00000000099999999989 0.24913110503817012531 0.56941209160867378714 0.00000000099999999989 0.18145680035315603362 0.00000000099999999989 
0.48486576348606913456 0.00000000099999999988 0.34837854304580273546 0.00000000099999999988 0.16675569046812818708 0.00000000099999999988 
0.23191093855425656822 0.23429747317637791837 0.00000000099999999994 0.11998167847920077067 0.00000000099999999994 0.41380990779016474379 
0.00000000099999999997 0.25935015001038697058 0.65932946796806424228 0.00000000099999999997 0.08132037902154880260 0.00000000099999999997 
0.94515998175866577924 0.00000000099999999984 0.00000000099999999984 0.00000000099999999984 0.05484001424133416042 0.00000000099999999984 
0.99999999500000003039 0.00000000099999999980 0.00000000099999999980 0.00000000099999999980 0.00000000099999999980 0.00000000099999999980 
0.34825934116738993529 0.65174065483261001130 0.00000000099999999991 0.00000000099999999991 0.00000000099999999991 0.00000000099999999991 
0.99999999500000003039 0.00000000099999999962 0.00000000099999999962 0.00000000099999999962 0.00000000099999999962 0.00000000099999999962 
0.69700267574370733392 0.11555198099319419214 0.00000000099999999990 0.00000000099999999990 0.18744534026309836450 0.00000000099999999990 
0.00000000099999999978 0.99999999500000003039 0.00000000099999999978 0.00000000099999999978 0.00000000099999999978 0.00000000099999999978 
0.99999999500000003039 0.00000000099999999944 0.00000000099999999944 0.00000000099999999944 0.00000000099999999944 0.00000000099999999944 
0.00000000099999999996 0.23254891977613662002 0.40780855233789448100 0.35964252488596898383 0.00000000099999999996 0.00000000099999999996 
0.99999999500000014141 0.00000000099999999952 0.00000000099999999952 0.00000000099999999952 0.00000000099999999952 0.00000000099999999952 
0.00000044661540452119 0.02063673870374699293 0.24860815244650869005 0.00000000099999999999 0.37101630375322791622 0.35973835748111177013 
0.99999999500000003039 0.00000000099999999952 0.00000000099999999952 0.00000000099999999952 0.00000000099999999952 0.00000000099999999952 
0.00000000099999999987 0.46051180284022547040 0.00000000099999999987 0.36920807623528589803 0.17028011792448854989 0.00000000099999999987 
0.69552757633287476402 0.00000000099999999987 0.00000168293617902740 0.00000000099999999987 0.00000000099999999987 0.30447073773094618376 
0.39352873939402843728 0.60647118854429116208 0.00000000099999999992 0.00000000099999999992 0.00000000099999999992 0.00000006906168046541 
0.41545215711157523764 0.20491340638803715035 0.00000000099999999992 0.00000000099999999992 0.00000000099999999992 0.37963443350038761359 
0.01392539658142598509 0.14901607668184777000 0.55996125150593190067 0.00000000099999999995 0.00000000099999999995 0.27709727323079441641 
0.00000000099999999993 0.00000000099999999993 0.49371781594608915578 0.28338326143599068541 0.22289891961792010489 0.00000000099999999993 
0.30411774725939272335 0.18700395467032090990 0.07686230750303241210 0.00000000099999999995 0.29794535816583367360 0.13407063140142039259 
0.00000000099999999976 0.00000000099999999976 0.00000000099999999976 0.99999999499999991937 0.00000000099999999976 0.00000000099999999976 
0.16279702849092739236 0.00000000099999999983 0.00000000099999999983 0.00000000099999999983 0.00000000099999999983 0.83720296750907252648 
0.06070976992598701300 0.17923756903085244496 0.02055328828650085371 0.33455228728246444447 0.05827733332666801269 0.34666975214752732137 
0.15277507758133987426 0.00000000099999999974 0.84722491841866010009 0.00000000099999999974 0.00000000099999999974 0.00000000099999999974 
0.00000000099999999988 0.82853078295286219923 0.17146921304713783063 0.00000000099999999988 0.00000000099999999988 0.00000000099999999988 
0.00000000099999999994 0.29746567535222417922 0.42622058175008703529 0.00000000099999999994 0.14512330138661341805 0.13119043951107539625 
0.99999999500000014141 0.00000000099999999946 0.00000000099999999946 0.00000000099999999946 0.00000000099999999946 0.00000000099999999946 
0.00000000099999999980 0.00000000099999999980 0.99999999500000003039 0.00000000099999999980 0.00000000099999999980 0.00000000099999999980 
0.47986545276212438926 0.00000000099999999985 0.00000000099999999985 0.00000000099999999985 0.00000000099999999985 0.52013454323787566835 
0.00000000099999999978 0.00000000099999999978 0.99999999500000003039 0.00000000099999999978 0.00000000099999999978 0.00000000099999999978 
0.99999999500000003039 0.00000000099999999955 0.00000000099999999955 0.00000000099999999955 0.00000000099999999955 0.00000000099999999955 
0.99999999500000003039 0.00000000099999999948 0.00000000099999999948 0.00000000099999999948 0.00000000099999999948 0.00000000099999999948 
0.58986800094925762039 0.00000000099999999986 0.41013199505074243723 0.00000000099999999986 0.00000000099999999986 0.00000000099999999986 
0.00000000099999999983 0.00000000099999999983 0.00000000099999999983 0.55502334075545212144 0.44497665524454782515 0.00000000099999999983 
0.00000000099999999982 0.00000000099999999982 0.00000000099999999982 0.00000000099999999982 0.99999999500000003039 0.00000000099999999982 
0.00000000099999999989 0.00069104455005451683 0.99930895144994558166 0.00000000099999999989 0.00000000099999999989 0.00000000099999999989 
0.89478404312435266821 0.10521595287564737553 0.00000000099999999979 0.00000000099999999979 0.00000000099999999979 0.00000000099999999979 
0.09360935765719696766 0.44516826721723895544 0.00000000099999999993 0.00000000099999999993 0.05678022458500195380 0.40444214854056220743 
0.00000000099999999972 0.00000000099999999972 0.00000000099999999972 0.99999999499999991937 0.00000000099999999972 0.00000000099999999972 
0.55669956862481073667 0.00000000099999999979 0.44330042737518943197 0.00000000099999999979 0.00000000099999999979 0.00000000099999999979 
0.21557310623492920154 0.00000000099999999979 0.00000000099999999979 0.00000000099999999979 0.00000000099999999979 0.78442688976507068954 
0.77974154857063515678 0.00000000099999999984 0.00000000099999999984 0.00000000099999999984 0.00000000099999999984 0.22025844742936498410 
0.36260479471032369680 0.00000000099999999966 0.00000000099999999966 0.63739520128967630530 0.00000000099999999966 0.00000000099999999966 
0.99999999500000003039 0.00000000099999999937 0.00000000099999999937 0.00000000099999999937 0.00000000099999999937 0.00000000099999999937 
0.00000000099999999988 0.00000000099999999988 0.99999999500000003039 0.00000000099999999988 0.00000000099999999988 0.00000000099999999988 
0.12869578310976129143 0.00000000099999999977 0.00000000099999999977 0.87130421289023862741 0.00000000099999999977 0.00000000099999999977 
0.99999999500000003039 0.00000000099999999932 0.00000000099999999932 0.00000000099999999932 0.00000000099999999932 0.00000000099999999932 
0.34865189373981225751 0.00000000099999999998 0.48693824639989291558 0.02393715133790707411 0.14047270652238783017 0.00000000099999999998 
0.00000000099999999985 0.00000000099999999985 0.00000000099999999985 0.00000000099999999985 0.64368866708176664115 0.35631132891823319442 
0.43237243818227821812 0.00000000099999999994 0.16820724096838596262 0.00000000099999999994 0.00000000099999999994 0.39942031784933590410 
0.00000000099999999991 0.00000000099999999991 0.00000000099999999991 0.00000000099999999991 0.99999999500000003039 0.00000000099999999991 
0.99999999500000014141 0.00000000099999999974 0.00000000099999999974 0.00000000099999999974 0.00000000099999999974 0.00000000099999999974 
0.00000000099999999980 0.00000000099999999980 0.99999999499999991937 0.00000000099999999980 0.00000000099999999980 0.00000000099999999980 
0.16705568277307034086 0.00000000099999999986 0.83294431322692963349 0.00000000099999999986 0.00000000099999999986 0.00000000099999999986 
0.00000000099999999985 0.42495823004552069069 0.57504176595447931142 0.00000000099999999985 0.00000000099999999985 0.00000000099999999985 
0.00000000099999999992 0.00000000099999999992 0.00000000099999999992 0.00000000099999999992 0.00000000099999999992 0.99999999500000003039 
0.00000152650948854616 0.12001711428096244194 0.87998135620954898162 0.00000000099999999992 0.00000000099999999992 0.00000000099999999992 
0.00000000099999999980 0.00000000099999999980 0.00000000099999999980 0.77483835308031590028 0.22516164291968410183 0.00000000099999999980 
