0.00000000099999999980 0.00000000099999999980 0.22123812605127418651 0.77876187094872584282 0.00000000099999999980 
0.81431559387972995978 0.00000000099999999992 0.09523344974025634013 0.09045095438001357624 0.00000000099999999992 
0.00000000099999999999 0.33009650889563751930 0.28261173911340087272 0.12774234565748676662 0.25954940533347486964 
0.30993286522406710004 0.00000000099999999996 0.00000000099999999996 0.00000009320889890780 0.69006703956703407954 
0.99999999600000011313 0.00000000099999999992 0.00000000099999999992 0.00000000099999999992 0.00000000099999999992 
0.34324389774560909450 0.00000000099999999997 0.49177657019144344064 0.00000000099999999997 0.16497953006294738265 
0.00000000099999999993 0.00000000099999999993 0.44710374181517198444 0.20929240151037695195 0.34360385467445098140 
0.00000000099999999987 0.00000000099999999987 0.99999999600000000211 0.00000000099999999987 0.00000000099999999987 
0.00000000099999999984 0.00000000099999999984 0.00000000099999999984 0.99999999599999989108 0.00000000099999999984 
0.00000000099999999949 0.00000000099999999949 0.00000000099999999949 0.99999999600000000211 0.00000000099999999949 
0.00000000099999999989 0.79570319657570309779 0.00000000099999999989 0.20429680042429684828 0.00000000099999999989 
0.06463221478831104871 0.00000000099999999988 0.33679131603389050875 0.59857646717779844359 0.00000000099999999988 
0.22497255779668262621 0.10567372687491170813 0.00000000099999999998 0.21224986920523614131 0.45710384512316942773 
0.00000000099999999977 0.60898508269993489872 0.00000000099999999977 0.39101491430006496408 0.00000000099999999977 
0.00000000099999999948 0.00000000099999999948 0.00000000099999999948 0.99999999600000000211 0.00000000099999999948 
0.00000000099999999988 0.00000000099999999988 0.99999999600000000211 0.00000000099999999988 0.00000000099999999988 
0.39903989868779937700 0.60096009831220065234 0.00000000099999999991 0.00000000099999999991 0.00000000099999999991 
0.00000000099999999992 0.53275185530967827940 0.00000000099999999992 0.46724814169032174993 0.00000000099999999992 
0.06824604791509511492 0.00000000099999999998 0.18972705309240348037 0.26462254067031371063 0.47740435732218772236 
0.30016171327923357737 0.67947553746746780501 0.00000555835716850213 0.02035718989613004293 0.00000000099999999999 
0.04739965486244559351 0.00000000099999999986 0.00000000099999999986 0.95260034213755429011 0.00000000099999999986 
0.00000000099999999984 0.00000000099999999984 0.00000000099999999984 0.99999999600000000211 0.00000000099999999984 
0.31582872550536789102 0.00000000099999999999 0.02652772555651259495 0.31502404571742176342 0.34261950222069781358 
0.00000000099999999969 0.00000000099999999969 0.00000000099999999969 0.99999999600000000211 0.00000000099999999969 
0.17352930929712562236 0.00000000099999999993 0.00000000099999999993 0.71286698993605257524 0.11360369876682185897 
0.99999999600000000211 0.00000000099999999991 0.00000000099999999991 0.00000000099999999991 0.00000000099999999991 
0.00000000099999999955 0.00000000099999999955 0.00000000099999999955 0.99999999599999989108 0.00000000099999999955 
0.04962567286419617557 0.39425363117727435514 0.40204839713350820629 0.00000000100000000000 0.15407229782502129822 
0.00000000099999999959 0.00000000099999999959 0.00000000099999999959 0.99999999600000000211 0.00000000099999999959 
0.49636187385067942479 0.22768679815347686590 0.00000000099999999999 0.00000088631220070254 0.27595044068364316114 
0.00000000099999999960 0.00000000099999999960 0.00000000099999999960 0.99999999599999989108 0.00000000099999999960 
0.47761915405449961725 0.00000000099999999989 0.52238084294550035658 0.00000000099999999989 0.00000000099999999989 
0.00000000099999999989 0.00000000099999999989 0.00000000099999999989 0.70357532447444315338 0.29642467252555687596 
0.38637442709277597386 0.00000000099999999997 0.00000000099999999997 0.33009440038199316936 0.28353117052523074682 
0.00000000099999999990 0.00000000099999999990 0.00000000099999999990 0.43505546946631157290 0.56494452753368851194 
0.09632365762711747603 0.55392409642211304366 0.00000000099999999998 0.04319577826021540196 0.30655646669055408582 
0.09210184758512729442 0.54939170479589227725 0.35850644561898048490 0.00000000099999999995 0.00000000099999999995 
0.44048450314362153080 0.07671651289695116671 0.00000000099999999996 0.31625809460935100370 0.16654088835007624381 
0.00000000099999999982 0.00000000099999999982 0.99999999600000000211 0.00000000099999999982 0.00000000099999999982 
0.00000000099999999987 0.00000000099999999987 0.00000000099999999987 0.19810766540206581343 0.80189233159793416039 
0.00000181728072042465 0.00035025706364156118 0.45958035342212361085 0.10604241024152093187 0.43402516199199353553 
0.00000000099999999981 0.83239095847460164990 0.00000000099999999981 0.16760903852539837944 0.00000000099999999981 
0.62764348800865787936 0.37235650899134214997 0.00000000099999999994 0.00000000099999999994 0.00000000099999999994 
0.39376125957126700827 0.45299932375812129726 0.00000000099999999994 0.00000000099999999994 0.15323941467061169552 
0.00000000099999999957 0.00000000099999999957 0.00000000099999999957 0.99999999599999989108 0.00000000099999999957 
0.00000000099999999985 0.99999999600000011313 0.00000000099999999985 0.00000000099999999985 0.00000000099999999985 
0.00000000099999999987 0.00000000099999999987 0.00000000099999999987 0.48781393335506101350 0.51218606364493890482 
0.00000000099999999983 0.99999999600000000211 0.00000000099999999983 0.00000000099999999983 0.00000000099999999983 
0.00000000099999999960 0.00000000099999999960 0.00000000099999999960 0.99999999599999989108 0.00000000099999999960 
0.00000000099999999958 0.00000000099999999958 0.00000000099999999958 0.99999999600000000211 0.00000000099999999958 
0.00000000099999999989 0.40325792034950475040 0.00000000099999999989 0.59674207665049527893 0.00000000099999999989 
0.39725335191530031231 0.00000000099999999985 0.60274664508469955049 0.00000000099999999985 0.00000000099999999985 
0.94112556334741293007 0.00000000099999999995 0.00000000099999999995 0.05887443365258712702 0.00000000099999999995 
0.00000000099999999991 0.99999999600000011313 0.00000000099999999991 0.00000000099999999991 0.00000000099999999991 
0.00000000099999999994 0.00000000099999999994 0.08398164639910411788 0.91601835060089598084 0.00000000099999999994 
0.50775860930038629881 0.00000000099999999994 0.00000000099999999994 0.09602780834789016728 0.39621358035172360434 
0.00000000099999999982 0.00000000099999999982 0.99999999599999989108 0.00000000099999999982 0.00000000099999999982 
0.00000000099999999984 0.43273935279043812541 0.00000000099999999984 0.56726064420956179291 0.00000000099999999984 
0.00000000099999999984 0.00000000099999999984 0.00000000099999999984 0.23811925432482503040 0.76188074267517480465 
0.00000000099999999986 0.00000000099999999986 0.00000000099999999986 0.78721197541032916778 0.21278802158967069502 
0.00000000099999999975 0.00000000099999999975 0.60813099829812877761 0.39186899870187114070 0.00000000099999999975 
0.00000000099999999950 0.00000000099999999950 0.00000000099999999950 0.99999999599999989108 0.00000000099999999950 
0.00000000099999999990 0.99999999600000000211 0.00000000099999999990 0.00000000099999999990 0.00000000099999999990 
0.00000000099999999983 0.00000000099999999983 0.84132176223649224323 0.15867823476350770284 0.00000000099999999983 
0.00000000099999999945 0.00000000099999999945 0.00000000099999999945 0.99999999599999989108 0.00000000099999999945 
0.00000000099999999999 0.57490814515255206363 0.07837377123004703183 0.34671808161740091947 0.00000000099999999999 
0.70677798118852241949 0.00000000099999999989 0.00000000099999999989 0.00000000099999999989 0.29322201581147760985 
0.00000000099999999995 0.14187081441924323522 0.00000000099999999995 0.44862779168931388174 0.40950139189144291185 
0.99999999600000011313 0.00000000099999999989 0.00000000099999999989 0.00000000099999999989 0.00000000099999999989 
0.00000000099999999978 0.00000000099999999978 0.00000000099999999978 0.99999999600000000211 0.00000000099999999978 
0.00000000099999999986 0.99999999600000011313 0.00000000099999999986 0.00000000099999999986 0.00000000099999999986 
0.00000000099999999990 0.81789641746262886635 0.00000000099999999990 0.18210357953737119074 0.00000000099999999990 
0.34629426499400661754 0.65370573200599346730 0.00000000099999999991 0.00000000099999999991 0.00000000099999999991 
0.00000000099999999994 0.00000000099999999994 0.00000000099999999994 0.02540878391555318958 0.97459121308444685017 
0.11446527952604791667 0.87622868845487811296 0.00000000099999999992 0.00930603001907404428 0.00000000099999999992 
0.00000000099999999985 0.00000000099999999985 0.99999999599999989108 0.00000000099999999985 0.00000000099999999985 
