0.78496865126444781424 0.21503134673555215906 0.00000000099999999984 0.00000000099999999984 
0.16766930765313736718 0.32141270790327763907 0.51091798344358485551 0.00000000099999999997 
0.15620454440160019827 0.24552730785938525759 0.15970639218784879465 0.43856175555116577724 
0.11195795378625233996 0.00000000099999999996 0.73867427366907434383 0.14936777154467328899 
0.00000000099999999999 0.24333659431147577901 0.75666337846321030103 0.00000002622531385782 
0.07630617963033607676 0.54026797678005467063 0.38342584258960915600 0.00000000099999999998 
0.30596365491214744248 0.43278637978815304166 0.26124996429969959966 0.00000000099999999998 
0.00000000099999999989 0.99999999699999997382 0.00000000099999999989 0.00000000099999999989 
0.99999999699999997382 0.00000000099999999987 0.00000000099999999987 0.00000000099999999987 
0.99999999700000008485 0.00000000099999999960 0.00000000099999999960 0.00000000099999999960 
0.20554997506709810073 0.00000000099999999991 0.00000000099999999991 0.79445002293290201134 
0.61806824622667944080 0.38193175177332056025 0.00000000099999999990 0.00000000099999999990 
0.27908640611143609167 0.00000000099999999998 0.53298662560718357284 0.18792696728138036377 
0.39614188522711413221 0.00000000099999999982 0.00000000099999999982 0.60385811277288581334 
0.99999999700000008485 0.00000000099999999960 0.00000000099999999960 0.00000000099999999960 
0.00000000099999999990 0.99999999699999997382 0.00000000099999999990 0.00000000099999999990 
0.00000000099999999997 0.00000000099999999997 0.35897418140537884490 0.64102581659462098962 
0.45754539730529919517 0.00000000099999999993 0.00000000099999999993 0.54245460069470063935 
0.35475189094116615918 0.11343987943027589171 0.53180822862855792188 0.00000000099999999998 
0.00445004925846612890 0.21942136936896106114 0.00000000100000000000 0.77612858037257270727 
0.95046033617833558527 0.00000000099999999990 0.04953966182166440885 0.00000000099999999990 
0.99999999700000008485 0.00000000099999999987 0.00000000099999999987 0.00000000099999999987 
0.40599215575215374940 0.00000000099999999997 0.59400784224784608512 0.00000000099999999997 
0.99999999700000008485 0.00000000099999999977 0.00000000099999999977 0.00000000099999999977 
0.75405411429047974892 0.00000000099999999992 0.24594588370952027989 0.00000000099999999992 
0.10149486661981184377 0.18184716356927593806 0.71665796881091226034 0.00000000099999999996 
0.99999999699999997382 0.00000000099999999964 0.00000000099999999964 0.00000000099999999964 
0.00294602527368224279 0.41578121812499602150 0.13017489192489373195 0.45109786467642809527 
0.99999999700000008485 0.00000000099999999970 0.00000000099999999970 0.00000000099999999970 
0.09565335071032719794 0.02869682946263062487 0.61897220055772994574 0.25667761926931215166 
0.99999999699999997382 0.00000000099999999968 0.00000000099999999968 0.00000000099999999968 
0.00000000099999999998 0.93945044279937661713 0.00000009371582182808 0.06054946248480152365 
0.68446199682729391700 0.00000000099999999994 0.00000000099999999994 0.31553800117270613956 
0.42285229159859893944 0.00000000099999999997 0.57714770640140100610 0.00000000099999999997 
0.50845641918947248605 0.00000000099999999995 0.49154357660350217474 0.00000000320702521925 
0.07994760296894447282 0.00000000099999999996 0.33529526779711221751 0.58475712823394332407 
0.00000000099999999996 0.39913065000247388570 0.00000000099999999996 0.60086934799752611536 
0.41475603398829802293 0.00000000099999999998 0.52284310490244256808 0.06240086010925934706 
0.00000000099999999988 0.99999999699999997382 0.00000000099999999988 0.00000000099999999988 
0.33579128307073036197 0.00000000099999999994 0.66420871492926947255 0.00000000099999999994 
0.15072489422318505192 0.29882124916887869981 0.43478526481982915364 0.11566859178810706688 
0.17087933298879165456 0.00000000099999999985 0.00000000099999999985 0.82912066501120840201 
0.00000000099999999999 0.20792938883335126965 0.42698838510443137828 0.36508222506221732484 
0.00000000099999999996 0.00000000099999999996 0.52183284410811314746 0.47816715389188679808 
0.99999999699999997382 0.00000000099999999966 0.00000000099999999966 0.00000000099999999966 
0.00000000099999999988 0.00000000099999999988 0.00000000099999999988 0.99999999700000008485 
0.51008177419266764741 0.00000000099999999995 0.26871152396951325514 0.22120670083781923676 
0.00000000099999999987 0.00000000099999999987 0.00000000099999999987 0.99999999699999997382 
0.99999999700000008485 0.00000000099999999971 0.00000000099999999971 0.00000000099999999971 
0.99999999699999997382 0.00000000099999999966 0.00000000099999999966 0.00000000099999999966 
0.60281710633510310338 0.00000000099999999991 0.00000000099999999991 0.39718289166489689768 
0.00000000099999999995 0.85315042067684299099 0.14684957732315706558 0.00000000099999999995 
0.07688552130455109102 0.28682324453761126604 0.63629123315783753245 0.00000000099999999999 
0.00000000099999999992 0.00000000099999999992 0.00000000637330975979 0.99999999162669017672 
0.94079224727306687281 0.05920775072693299640 0.00000000099999999994 0.00000000099999999994 
0.22474323851173078070 0.00000000099999999994 0.77525675948826910933 0.00000000099999999994 
0.00000000099999999990 0.99999999699999997382 0.00000000099999999990 0.00000000099999999990 
0.56809427962908731757 0.00000000099999999986 0.00000000099999999986 0.43190571837091268348 
0.36141881445432999520 0.00000000099999999993 0.50504311155190206861 0.13353807299376788120 
0.82807449408352296061 0.00000000099999999995 0.17192550391647712371 0.00000000099999999995 
0.42786523690510686047 0.57213476109489314059 0.00000000099999999984 0.00000000099999999984 
0.99999999699999997382 0.00000000099999999960 0.00000000099999999960 0.00000000099999999960 
0.00000000099999999993 0.00000000099999999993 0.00000000099999999993 0.99999999700000008485 
0.18592811187130572903 0.81407188612869418876 0.00000000099999999988 0.00000000099999999988 
0.99999999700000008485 0.00000000099999999957 0.00000000099999999957 0.00000000099999999957 
0.34833818217948153695 0.08168678478146249033 0.00000000099999999999 0.56997503203905586222 
0.00000000099999999994 0.15510746323538468494 0.84489253476461512182 0.00000000099999999994 
0.47986965452852792247 0.00000000099999999997 0.26336066545255992777 0.25676967901891212254 
0.00000000100000000000 0.30250258084291031802 0.65782886676591811881 0.03966855139117152901 
0.99999999700000008485 0.00000000099999999984 0.00000000099999999984 0.00000000099999999984 
0.00000000099999999989 0.00000000099999999989 0.00000000099999999989 0.99999999700000008485 
0.18348276778396926945 0.00000000099999999992 0.00000000099999999992 0.81651723021603062058 
0.00000000099999999998 0.04851030065903639416 0.29508706042329796437 0.65640263791766562118 
0.11354123443274521943 0.00000000099999999994 0.70779741951065933137 0.17866134505659553300 
0.05167202303239273181 0.00000000099999999997 0.06621953817297258904 0.88210843779463465886 
0.00000000099999999987 0.99999999700000008485 0.00000000099999999987 0.00000000099999999987 
