0.00000000099999999977 0.21447252597713881150 0.00000000099999999977 0.78552747102286113456 0.00000000099999999977 
0.00000000099999999992 0.12751846521595000539 0.74677000077686050972 0.12571153200718945819 0.00000000099999999992 
0.14618420304296239620 0.23384894407086911916 0.12387293961905168627 0.12758038498752383161 0.36851352827959310554 
0.37920535815034894789 0.00000000099999999996 0.54256806103580823564 0.07822657881384266487 0.00000000099999999996 
0.17209421392343163260 0.13740320029961522463 0.69050258377695317158 0.00000000099999999994 0.00000000099999999994 
0.00000000099999999999 0.63905546494869447383 0.28222553420129170565 0.07871899885001387709 0.00000000099999999999 
0.00000000099999999997 0.43545094752302399010 0.25471216673745211700 0.28784474640580803850 0.02199213833371578553 
0.00000000099999999984 0.99999999600000000211 0.00000000099999999984 0.00000000099999999984 0.00000000099999999984 
0.00000000099999999983 0.00000000099999999983 0.00000000099999999983 0.99999999599999989108 0.00000000099999999983 
0.00000000099999999949 0.00000000099999999949 0.00000000099999999949 0.99999999600000000211 0.00000000099999999949 
0.00000000099999999984 0.00000000099999999984 0.00000000099999999984 0.11234785672298543135 0.88765214027701466737 
0.00000000099999999987 0.39024886420795290576 0.00000000099999999987 0.60975113279204706807 0.00000000099999999987 
0.00000000099999999995 0.00000000099999999995 0.52309153128156093970 0.21791194552447090693 0.25899652119396809891 
0.00000000099999999975 0.00000000099999999975 0.00000000099999999975 0.33010897326613924951 0.66989102373386077982 
0.00000000099999999948 0.00000000099999999948 0.00000000099999999948 0.99999999599999989108 0.00000000099999999948 
0.00000000099999999986 0.99999999600000000211 0.00000000099999999986 0.00000000099999999986 0.00000000099999999986 
0.83295550579381827383 0.00000000099999999996 0.16704449120618175550 0.00000000099999999996 0.00000000099999999996 
0.00000000099999999990 0.00000000099999999990 0.00000000099999999990 0.39859128937710008866 0.60140870762289988516 
0.13991175514716927553 0.20489074965359888036 0.33494872629228228389 0.32024876790694939421 0.00000000099999999999 
0.86903000456181389577 0.13096999243818613357 0.00000000099999999999 0.00000000099999999999 0.00000000099999999999 
0.00000000099999999982 0.00000000099999999982 0.05655908614648878785 0.94344091085351111658 0.00000000099999999982 
0.00000000099999999983 0.00000000099999999983 0.00000000099999999983 0.99999999599999989108 0.00000000099999999983 
0.33468269618101414986 0.24285100040039939162 0.10292108933452513708 0.31954521308406136360 0.00000000100000000000 
0.00000000099999999966 0.00000000099999999966 0.00000000099999999966 0.99999999599999989108 0.00000000099999999966 
0.00000000099999999990 0.00000000099999999990 0.25170820623258005622 0.74829179076741991761 0.00000000099999999990 
0.26631111786305494693 0.32068964733610827444 0.36174161289663542274 0.05125762090420136335 0.00000000099999999997 
0.00000000099999999954 0.00000000099999999954 0.00000000099999999954 0.99999999600000000211 0.00000000099999999954 
0.00000000099999999995 0.47480630132012258127 0.00000000099999999995 0.00000000099999999995 0.52519369567987739256 
0.00000000099999999958 0.00000000099999999958 0.00000000099999999958 0.99999999599999989108 0.00000000099999999958 
0.47296890111655220945 0.00000000099999999995 0.46645225933124340179 0.06057883755220433430 0.00000000099999999995 
0.00000000099999999959 0.00000000099999999959 0.00000000099999999959 0.99999999600000000211 0.00000000099999999959 
0.22783462055209843800 0.77216537644790150807 0.00000000099999999989 0.00000000099999999989 0.00000000099999999989 
0.00000000099999999987 0.00000000099999999987 0.00000000099999999987 0.63917154673581355606 0.36082845026418647327 
0.20439450818191723380 0.04130701514984644329 0.37013119480910416925 0.38416719448315889140 0.00000008737597326157 
0.00000000099999999994 0.00000000099999999994 0.18709279304629869434 0.39962177120671166231 0.41328543374698967217 
0.00000000099999999996 0.00000000099999999996 0.29290593748572585353 0.00636438814829774421 0.70072967236597638596 
0.38103391331626207394 0.34154053397210981657 0.00000000099999999997 0.00000000099999999997 0.27742555071162827707 
0.21610101759411340372 0.00000000099999999996 0.41392856534310756844 0.36997041506277900114 0.00000000099999999996 
0.17721770061544128705 0.82278229638455857575 0.00000000099999999987 0.00000000099999999987 0.00000000099999999987 
0.00000000099999999993 0.00000000099999999993 0.53149846366613140436 0.23459777766304068525 0.23390375667082780042 
0.00000000099999999999 0.33498390244843528896 0.35254305067202307278 0.09706247537144299664 0.21541057050809855888 
0.00000000099999999983 0.00000000099999999983 0.00000000099999999983 0.10189124892958140167 0.89810874807041862766 
0.77319154804372702827 0.22680838051217608320 0.00000006944409703636 0.00000000099999999994 0.00000000099999999994 
0.56515508921453494473 0.00000000099999999996 0.39545616828302204704 0.00000000099999999996 0.03938874050244298847 
0.00000000099999999956 0.00000000099999999956 0.00000000099999999956 0.99999999600000000211 0.00000000099999999956 
0.43557145088322574145 0.00000000099999999987 0.00000000099999999987 0.00000000099999999987 0.56442854611677417687 
0.00000000099999999991 0.00000000099999999991 0.00000000099999999991 0.45176459560737208809 0.54823540139262783022 
0.41588128050126205171 0.00000000099999999989 0.00000000099999999989 0.00000000099999999989 0.58411871649873781109 
0.00000000099999999962 0.00000000099999999962 0.00000000099999999962 0.99999999599999989108 0.00000000099999999962 
0.00000000099999999957 0.00000000099999999957 0.00000000099999999957 0.99999999600000000211 0.00000000099999999957 
0.36726906176145135419 0.00000000099999999988 0.00000000099999999988 0.63273093523854861964 0.00000000099999999988 
0.00000000099999999988 0.77325719518680147146 0.22674280181319850236 0.00000000099999999988 0.00000000099999999988 
0.00000000099999999995 0.00000096513309867919 0.91957362153067578880 0.08042541133622539695 0.00000000099999999995 
0.60215918759841391417 0.00000000099999999991 0.00000000099999999991 0.00000000099999999991 0.39784080940158622619 
0.00000000099999999991 0.09524160798333354550 0.00000000099999999991 0.90475838901666638669 0.00000000099999999991 
0.00000000099999999995 0.00000000099999999995 0.73947859877616561874 0.18302035874258379411 0.07750104048125039391 
0.00000000099999999991 0.99999999600000000211 0.00000000099999999991 0.00000000099999999991 0.00000000099999999991 
0.00000000099999999987 0.00000000099999999987 0.00000000099999999987 0.55594885917408987108 0.44405113782591021376 
0.00000000099999999991 0.00000000099999999991 0.35999401708271905331 0.24057041447554272651 0.39943556644173816572 
0.00000000099999999985 0.00000000099999999985 0.00000000099999999985 0.75120993265595337185 0.24879006434404651871 
0.00000000099999999975 0.58605948120463235984 0.00000000099999999975 0.41394051579536772500 0.00000000099999999975 
0.00000000099999999949 0.00000000099999999949 0.00000000099999999949 0.99999999600000000211 0.00000000099999999949 
0.71718463692835243695 0.00000000099999999988 0.00000000099999999988 0.00000000099999999988 0.28281536007164753688 
0.00000000099999999981 0.83504117236658614853 0.00000000099999999981 0.16495882463341393631 0.00000000099999999981 
0.00000000099999999945 0.00000000099999999945 0.00000000099999999945 0.99999999600000000211 0.00000000099999999945 
0.00000000099999999994 0.05484209975677166449 0.00000000099999999994 0.26879744164192520550 0.67636045660130306167 
0.00000000099999999985 0.00000000099999999985 0.99999999599999989108 0.00000000099999999985 0.00000000099999999985 
0.15304317474014533795 0.00000000099999999998 0.20094665842354497709 0.46046993768138949621 0.18554022815492024479 
0.21972659936437829997 0.12046842117708185527 0.65980497745853972091 0.00000000099999999995 0.00000000099999999995 
0.00000000099999999975 0.00000000099999999975 0.00000000099999999975 0.99999999599999989108 0.00000000099999999975 
0.23305719873466737568 0.00000000099999999988 0.00000000099999999988 0.00000000099999999988 0.76694279826533273692 
0.38917476927607097537 0.00000000099999999992 0.00000000099999999992 0.18104342468079342998 0.42978180404313554019 
0.99999999600000000211 0.00000000099999999985 0.00000000099999999985 0.00000000099999999985 0.00000000099999999985 
0.00000000099999999994 0.00000000099999999994 0.64389731148989381992 0.04725115074109585006 0.30885153576901019923 
0.99961835059392134539 0.00000000099999999984 0.00000000099999999984 0.00038164640607874899 0.00000000099999999984 
0.00000000099999999984 0.99999999600000011313 0.00000000099999999984 0.00000000099999999984 0.00000000099999999984 
