0.00000000099999999978 0.00000000099999999978 0.00000000099999999978 0.76991755584101595478 0.23008244115898415783 
0.00000000099999999992 0.00000000099999999992 0.80014051861515012032 0.10704165366816735527 0.09281782571668251158 
0.25723092003497116664 0.34098687827405838036 0.00000019686483413374 0.11357055305180675797 0.28821145177432966333 
0.77551641140883520453 0.00000000099999999997 0.22322363881243426076 0.00125994777873049630 0.00000000099999999997 
0.27513465329996505959 0.00000000099999999995 0.72486534370003496974 0.00000000099999999995 0.00000000099999999995 
0.13064731023107203911 0.00000000099999999998 0.39700436956398876820 0.00000010346279018087 0.47234821574214896911 
0.35070737842774124537 0.00000000099999999992 0.00000000099999999992 0.18634716718660643275 0.46294545238565232292 
0.00000000099999999987 0.00000000099999999987 0.00000000099999999987 0.00000000099999999987 0.99999999599999989108 
0.00000000099999999984 0.00000000099999999984 0.00000000099999999984 0.99999999599999989108 0.00000000099999999984 
0.00000000099999999950 0.00000000099999999950 0.00000000099999999950 0.99999999600000000211 0.00000000099999999950 
0.00000000099999999989 0.80008071742244979419 0.00000000099999999989 0.19991927957755029066 0.00000000099999999989 
0.00000000099999999988 0.00000000099999999988 0.06500417885439457866 0.59083574830835750014 0.34416007083724803328 
0.45085670959831747329 0.10269278857964350693 0.23565803523989378720 0.21079246558214520535 0.00000000099999999997 
0.00000000099999999976 0.61187668772726300226 0.00000000099999999976 0.38812330927273686054 0.00000000099999999976 
0.00000000099999999949 0.00000000099999999949 0.00000000099999999949 0.99999999600000000211 0.00000000099999999949 
0.00000000099999999988 0.00000000099999999988 0.00000000099999999988 0.00000000099999999988 0.99999999600000000211 
0.00000000099999999991 0.60509061869364810793 0.39490937830635197692 0.00000000099999999991 0.00000000099999999991 
0.00000000099999999992 0.38302830283004490886 0.12475475544990759225 0.49221693972004737505 0.00000000099999999992 
0.54698669314556824794 0.00000000099999999996 0.00000000099999999996 0.24784871125565699490 0.20516459359877484148 
0.00000000099999999998 0.67220425236798297952 0.30510679143263497171 0.02268895419938205330 0.00000000099999999998 
0.00000000099999999986 0.00000000099999999986 0.04925460281995825557 0.95074539418004178071 0.00000000099999999986 
0.00000000099999999984 0.00000000099999999984 0.00000000099999999984 0.99999999600000000211 0.00000000099999999984 
0.34374427115116173992 0.00000000099999999999 0.23947912493674833323 0.30643660890112800477 0.11033999401096179771 
0.00000000099999999970 0.00000000099999999970 0.00000000099999999970 0.99999999599999989108 0.00000000099999999970 
0.00000000099999999991 0.00000000099999999991 0.29076941690430296861 0.70923058009569706073 0.00000000099999999991 
0.00000000099999999993 0.00000000099999999993 0.95500931670728927969 0.04499068029271073577 0.00000000099999999993 
0.00000000099999999955 0.00000000099999999955 0.00000000099999999955 0.99999999600000000211 0.00000000099999999955 
0.00000000099999999999 0.45191525204195026610 0.18402434546333498733 0.00000000099999999999 0.36406040049471471987 
0.00000000099999999960 0.00000000099999999960 0.00000000099999999960 0.99999999599999989108 0.00000000099999999960 
0.36220647697566815681 0.22086909725898062895 0.41132987635113676950 0.00559454841421453113 0.00000000099999999999 
0.00000000099999999960 0.00000000099999999960 0.00000000099999999960 0.99999999599999989108 0.00000000099999999960 
0.00000000099999999989 0.00000000099999999989 0.50461056857287811539 0.00000000099999999989 0.49538942842712185843 
0.19564663811692101225 0.12974736049518312275 0.00000000099999999991 0.67460599938789567176 0.00000000099999999991 
0.27453254955517597535 0.00000000099999999998 0.38090461902347244605 0.34456282942135141312 0.00000000099999999998 
0.51787930035629503589 0.00000000099999999994 0.05293057038496658262 0.42919012725873828540 0.00000000099999999994 
0.31228136636780751134 0.55195300419720749741 0.09704463398619775361 0.03872099444878727981 0.00000000099999999998 
0.00000000099999999995 0.50309750923834595238 0.19071752698160809869 0.00000000099999999995 0.30618496178004594999 
0.00000000099999999994 0.11090770250197821978 0.54969741241180880564 0.33939488308621285073 0.00000000099999999994 
0.00000000099999999979 0.00000000099999999979 0.00000000099999999979 0.00000000099999999979 0.99999999599999989108 
0.81973039213047893536 0.00000000099999999987 0.00000000099999999987 0.18026960486952106621 0.00000000099999999987 
0.38127394751633575387 0.03427380066012052778 0.15734356216230646619 0.06898425341000524735 0.35812443625123191460 
0.00000000099999999981 0.83833000073818397802 0.00000000099999999981 0.16166999626181605132 0.00000000099999999981 
0.00000000099999999994 0.37521534863823680084 0.62478464836176317299 0.00000000099999999994 0.00000000099999999994 
0.17198393831284589095 0.45031370981504686979 0.37770234987210726807 0.00000000099999999994 0.00000000099999999994 
0.00000000099999999957 0.00000000099999999957 0.00000000099999999957 0.99999999599999989108 0.00000000099999999957 
0.00000000099999999985 0.99999999600000000211 0.00000000099999999985 0.00000000099999999985 0.00000000099999999985 
0.51020659781728483484 0.00000000099999999989 0.00000000099999999989 0.48979339918271502796 0.00000000099999999989 
0.00000000099999999983 0.99999999600000011313 0.00000000099999999983 0.00000000099999999983 0.00000000099999999983 
0.00000000099999999961 0.00000000099999999961 0.00000000099999999961 0.99999999599999989108 0.00000000099999999961 
0.00000000099999999959 0.00000000099999999959 0.00000000099999999959 0.99999999600000000211 0.00000000099999999959 
0.00000000099999999989 0.40583667562152592190 0.00000000099999999989 0.59416332137847382988 0.00000000099999999989 
0.00000000099999999986 0.00000000099999999986 0.42958695817164949116 0.00000000099999999986 0.57041303882835037165 
0.00000000099999999994 0.00000000099999999994 0.93167783155341732382 0.06832216544658252511 0.00000000099999999994 
0.00000000099999999990 0.99999999600000000211 0.00000000099999999990 0.00000000099999999990 0.00000000099999999990 
0.00000000099999999992 0.00000000099999999992 0.00000000099999999992 0.89620961205331628463 0.10379038494668377246 
0.42097455789660942482 0.00000000099999999994 0.47242014710222490770 0.10660529300116569629 0.00000000099999999994 
0.00000000099999999980 0.00000000099999999980 0.00000000099999999980 0.00000000099999999980 0.99999999600000000211 
0.00000000099999999984 0.43774052079035952190 0.00000000099999999984 0.56225947620964034090 0.00000000099999999984 
0.77624878436209765464 0.00000000099999999983 0.00000000099999999983 0.22375121263790237469 0.00000000099999999983 
0.22173750809994244304 0.00000000099999999987 0.00000000099999999987 0.77826248890005755854 0.00000000099999999987 
0.00000000099999999974 0.00000000099999999974 0.00000000099999999974 0.36734107568724483350 0.63265892131275514032 
0.00000000099999999950 0.00000000099999999950 0.00000000099999999950 0.99999999600000000211 0.00000000099999999950 
0.00000000099999999990 0.99999999600000011313 0.00000000099999999990 0.00000000099999999990 0.00000000099999999990 
0.00000000099999999982 0.00000000099999999982 0.00000000099999999982 0.13081774607850654712 0.86918225092149337119 
0.00000000099999999945 0.00000000099999999945 0.00000000099999999945 0.99999999599999989108 0.00000000099999999945 
0.00000000099999999999 0.49501553792906388685 0.12351641776961413965 0.34984454873294079658 0.03162349456838132317 
0.33869618117476096852 0.00000000099999999989 0.66130381582523900530 0.00000000099999999989 0.00000000099999999989 
0.43790929191084942973 0.12883254935522642226 0.00000000099999999993 0.43325815673392414906 0.00000000099999999993 
0.00000000099999999992 0.00000000099999999992 0.99999999600000000211 0.00000000099999999992 0.00000000099999999992 
0.00000000099999999979 0.00000000099999999979 0.00000000099999999979 0.99999999600000000211 0.00000000099999999979 
0.00000000099999999985 0.99999999600000000211 0.00000000099999999985 0.00000000099999999985 0.00000000099999999985 
0.00000000099999999990 0.82384613120287764065 0.00000000099999999990 0.17615386579712236093 0.00000000099999999990 
0.00000000099999999991 0.66142701706293216546 0.33857297993706797490 0.00000000099999999991 0.00000000099999999991 
0.99999999600000011313 0.00000000099999999993 0.00000000099999999993 0.00000000099999999993 0.00000000099999999993 
0.00000000099999999993 0.87972780392944438521 0.11619674150545873659 0.00407545256509683502 0.00000000099999999993 
0.00000000099999999986 0.00000000099999999986 0.28294640432645462580 0.00000000099999999986 0.71705359267354529251 
