0.00000000099999999948 0.00000000099999999948 0.00000000099999999948 0.00000000099999999948 0.00000000099999999948 0.73708997344089199899 0.00000000099999999948 0.00000000099999999948 0.26291001955910797694 
0.00000000099999999946 0.00000000099999999946 0.00000000099999999946 0.00000000099999999946 0.00000000099999999946 0.00000000099999999946 0.99999999199999989319 0.00000000099999999946 0.00000000099999999946 
0.00000000099999999995 0.00000000099999999995 0.22738504711970175531 0.19685980112900719474 0.19384979500197285773 0.00000000736821771900 0.00000000099999999995 0.10096524159920343411 0.28094010478189695990 
0.00000000099999999983 0.00000000099999999983 0.33845582015238651064 0.55167757706694764419 0.10986659678066576507 0.00000000099999999983 0.00000000099999999983 0.00000000099999999983 0.00000000099999999983 
0.00000000099999999975 0.54104930740611201223 0.00000000099999999975 0.30050859511450361827 0.00000000099999999975 0.00000000099999999975 0.15844209147938462245 0.00000000099999999975 0.00000000099999999975 
0.14986367555548721353 0.35747490379167867758 0.00000000099999999989 0.00000000099999999989 0.00000000099999999989 0.00000000099999999989 0.00000000099999999989 0.00000000099999999989 0.49266141465283430634 
0.00000000099999999972 0.00000000099999999972 0.00000000099999999972 0.19559372357737178638 0.27291750705263956300 0.00000005216832586933 0.00000000099999999972 0.00000000099999999972 0.53148871220166271634 
0.00000000099999999961 0.24921895371407076780 0.00000000099999999961 0.00000000099999999961 0.00000000099999999961 0.00000000099999999961 0.00000000099999999961 0.00000000099999999961 0.75078103928592909710 
0.00000000099999999951 0.00000000099999999951 0.00000000099999999951 0.00000000099999999951 0.23237858841466538240 0.76762140458533467680 0.00000000099999999951 0.00000000099999999951 0.00000000099999999951 
0.00000000099999999899 0.00000000099999999899 0.00000000099999999899 0.00000000099999999899 0.00000000099999999899 0.99999999200000000421 0.00000000099999999899 0.00000000099999999899 0.00000000099999999899 
0.00000000099999999968 0.00000000099999999968 0.00000000099999999968 0.00000000099999999968 0.17378767985013790498 0.00000000099999999968 0.00000000099999999968 0.82621231314986220973 0.00000000099999999968 
0.00000000099999999965 0.00000000099999999965 0.00000000099999999965 0.00000000099999999965 0.00000000099999999965 0.54522329213905007528 0.08384444695139096904 0.00000000099999999965 0.37093225490955894497 
0.25988144136376983839 0.00000000099999999988 0.00000000099999999988 0.22899701040687231446 0.00000000099999999988 0.28304434378919485216 0.22807719944016299762 0.00000000099999999988 0.00000000099999999988 
0.00000000099999999943 0.00000000099999999943 0.00000000099999999943 0.00000000099999999943 0.00000000099999999943 0.21224551402856228766 0.00000000099999999943 0.78775447897143768827 0.00000000099999999943 
0.00000000099999999904 0.00000000099999999904 0.00000000099999999904 0.00000000099999999904 0.00000000099999999904 0.99999999200000000421 0.00000000099999999904 0.00000000099999999904 0.00000000099999999904 
0.00000000099999999976 0.00000000099999999976 0.00000000099999999976 0.00000000099999999976 0.00000000099999999976 0.00000000099999999976 0.00000000099999999976 0.00000000099999999976 0.99999999199999989319 
0.00000000099999999985 0.23073850987349137087 0.47799018234734924615 0.00000000099999999985 0.00000000099999999985 0.00000000099999999985 0.13362096791575664434 0.15765033486340271351 0.00000000099999999985 
0.00000000099999999969 0.00000000099999999969 0.00000000099999999969 0.00000000099999999969 0.78996924612483121475 0.00000000099999999969 0.00000000099999999969 0.21003074687516881669 0.00000000099999999969 
0.00000000099999999979 0.21403297646038613178 0.00000000099999999979 0.49185360317080256687 0.00000000099999999979 0.20789824095437067775 0.00000000099999999979 0.00000000099999999979 0.08621517441444075114 
0.00000000099999999991 0.27505293424997889762 0.00000000099999999991 0.00000000099999999991 0.00000000099999999991 0.00000000099999999991 0.00000000099999999991 0.72494705875002096729 0.00000000099999999991 
0.00000000099999999963 0.00000000099999999963 0.00000000099999999963 0.00000000099999999963 0.00000000099999999963 0.94256951134596567154 0.05743048165403436683 0.00000000099999999963 0.00000000099999999963 
0.00000000099999999944 0.00000000099999999944 0.00000000099999999944 0.00000000099999999944 0.26096309349924906584 0.73903689950075079906 0.00000000099999999944 0.00000000099999999944 0.00000000099999999944 
0.10676848308230459106 0.40169719803192693863 0.12582878710073117090 0.00000000099999999989 0.00000000099999999989 0.36570552678503726041 0.00000000099999999989 0.00000000099999999989 0.00000000099999999989 
0.00000000099999999927 0.00000000099999999927 0.00000000099999999927 0.00000000099999999927 0.00000000099999999927 0.99999999200000000421 0.00000000099999999927 0.00000000099999999927 0.00000000099999999927 
0.00000000099999999984 0.00000000099999999984 0.00000000099999999984 0.29760452691676242409 0.00000000099999999984 0.70239546608323755184 0.00000000099999999984 0.00000000099999999984 0.00000000099999999984 
0.00000000099999999957 0.99999999200000022626 0.00000000099999999957 0.00000000099999999957 0.00000000099999999957 0.00000000099999999957 0.00000000099999999957 0.00000000099999999957 0.00000000099999999957 
0.00000000099999999918 0.00000000099999999918 0.00000000099999999918 0.00000000099999999918 0.08464320688686415017 0.91535678611313597841 0.00000000099999999918 0.00000000099999999918 0.00000000099999999918 
0.00000000099999999982 0.20410709684656491714 0.00000000099999999982 0.00000000099999999982 0.00000000099999999982 0.00000000099999999982 0.00000000099999999982 0.49181181256152828318 0.30408108459190680284 
0.00000000099999999905 0.00000000099999999905 0.00000000099999999905 0.00000000099999999905 0.00000000099999999905 0.99999999200000000421 0.00000000099999999905 0.00000000099999999905 0.00000000099999999905 
0.00000000099999999977 0.00000000099999999977 0.43621305929441972493 0.34403872302077620482 0.00000000099999999977 0.00000000099999999977 0.21974821168480421218 0.00000000099999999977 0.00000000099999999977 
0.00000000099999999917 0.00000000099999999917 0.00000000099999999917 0.00000000099999999917 0.00000000099999999917 0.99999999200000000421 0.00000000099999999917 0.00000000099999999917 0.00000000099999999917 
0.00000000099999999967 0.64192179326667053729 0.00000000099999999967 0.00000000099999999967 0.00000000099999999967 0.00000000099999999967 0.00000000099999999967 0.00000000099999999967 0.35807819973332966068 
0.00000000099999999952 0.00000000099999999952 0.00000000099999999952 0.00000000099999999952 0.47762104887324524638 0.52237894412675478506 0.00000000099999999952 0.00000000099999999952 0.00000000099999999952 
0.00000000099999999981 0.47894416756313107353 0.00000000099999999981 0.00000000099999999981 0.29952768621738035115 0.22152814021948857848 0.00000000099999999981 0.00000000099999999981 0.00000000099999999981 
0.34181897343557687829 0.00000000099999999971 0.00000000099999999971 0.00000000099999999971 0.11229051989375610221 0.54589050067066680061 0.00000000099999999971 0.00000000099999999971 0.00000000099999999971 
0.09028478817893299813 0.08363173339652375804 0.00000000099999999988 0.27815947458273887483 0.00000000099999999988 0.00000000099999999988 0.00000000099999999988 0.54792399884180431613 0.00000000099999999988 
0.19565080120907885064 0.00000000099999999990 0.28479962041020062680 0.00000000099999999990 0.00000000099999999990 0.00000000099999999990 0.03603228011648864498 0.13967196354247413126 0.34384533072175760271 
0.31189482516546201962 0.00000000099999999985 0.00000000099999999985 0.00000000099999999985 0.00000000099999999985 0.43160516546648819425 0.25650000336804967827 0.00000000099999999985 0.00000000099999999985 
0.16637623627723777120 0.09214218333484032464 0.00000000099999999971 0.00000000099999999971 0.00000000099999999971 0.00000000099999999971 0.00000000099999999971 0.00000000099999999971 0.74148157438792172691 
0.00000000099999999968 0.00000000099999999968 0.00000000099999999968 0.88243835652085700350 0.00000000099999999968 0.11756163647914287529 0.00000000099999999968 0.00000000099999999968 0.00000000099999999968 
0.35194584145853280432 0.00000000099999999989 0.00000000099999999989 0.00000000099999999989 0.00000000099999999989 0.22421995454034884809 0.00000000099999999989 0.00000000099999999989 0.42383419800111843401 
0.00000000099999999964 0.00000000099999999964 0.00000000099999999964 0.00000000099999999964 0.00000000099999999964 0.00000000099999999964 0.00000000099999999964 0.99999999199999989319 0.00000000099999999964 
0.00000000099999999974 0.68248074071033515420 0.31751925228966509929 0.00000000099999999974 0.00000000099999999974 0.00000000099999999974 0.00000000099999999974 0.00000000099999999974 0.00000000099999999974 
0.00000000099999999989 0.29054844596492623854 0.49150477621995147803 0.21451413020376142171 0.00000000099999999989 0.00000000099999999989 0.00343263877303436092 0.00000000483832667921 0.00000000099999999989 
0.00000000099999999920 0.00000000099999999920 0.00000000099999999920 0.00000000099999999920 0.07875482885556071844 0.92124516414443924361 0.00000000099999999920 0.00000000099999999920 0.00000000099999999920 
0.06947280150577191116 0.00000000099999999976 0.58157881723493665138 0.00000000099999999976 0.06497600863932931348 0.00000000099999999976 0.00000000099999999976 0.28397236761996225152 0.00000000099999999976 
0.32632303252581468245 0.00000000099999999968 0.00000000099999999968 0.00000000099999999968 0.06248303298371334774 0.61119392849047193828 0.00000000099999999968 0.00000000099999999968 0.00000000099999999968 
0.00000000099999999973 0.00000000099999999973 0.36418213823665140927 0.00000000099999999973 0.16063716300867314501 0.00000000099999999973 0.00000000099999999973 0.47518069275467544887 0.00000000099999999973 
0.00000000099999999928 0.00000000099999999928 0.00000000099999999928 0.00000000099999999928 0.00000000099999999928 0.99999999200000011523 0.00000000099999999928 0.00000000099999999928 0.00000000099999999928 
0.00000000099999999926 0.00000000099999999926 0.00000000099999999926 0.00000000099999999926 0.07021991648487832527 0.92978007651512173393 0.00000000099999999926 0.00000000099999999926 0.00000000099999999926 
0.00000000099999999960 0.00000000099999999960 0.27568540993938073225 0.00000000099999999960 0.23716104171833296554 0.48715354234228613883 0.00000000099999999960 0.00000000099999999960 0.00000000099999999960 
0.00000000099999999968 0.00000000099999999968 0.00000000099999999968 0.00000000099999999968 0.00000000099999999968 0.00000000099999999968 0.35627662790848596552 0.00000000099999999968 0.64372336509151406592 
0.00000000099999999967 0.00000000099999999967 0.00000000099999999967 0.00000000099999999967 0.00000000099999999967 0.00000000099999999967 0.99999999200000000421 0.00000000099999999967 0.00000000099999999967 
0.13407849944803171272 0.00000000099999999981 0.57026547234757030136 0.00000000099999999981 0.00000000099999999981 0.00000000099999999981 0.00000000099999999981 0.29565602220439796133 0.00000000099999999981 
0.00000000099999999966 0.10302378357148023191 0.00000000099999999966 0.00000000099999999966 0.00000000099999999966 0.89697620942851974402 0.00000000099999999966 0.00000000099999999966 0.00000000099999999966 
0.00000000099999999989 0.42216654697236905003 0.00000000099999999989 0.45493702628265469956 0.08589216564398370612 0.03700425610099260243 0.00000000099999999989 0.00000000099999999989 0.00000000099999999989 
0.00000000099999999948 0.00000000099999999948 0.00000000099999999948 0.00000000099999999948 0.00000000099999999948 0.00000000099999999948 0.00000000099999999948 0.00000000099999999948 0.99999999199999989319 
0.00000000099999999963 0.00000000099999999963 0.00000000099999999963 0.00000000099999999963 0.41134984561687554239 0.36257677841463537005 0.00000000099999999963 0.22607336996848914623 0.00000000099999999963 
0.00000000099999999971 0.00000000099999999971 0.00000000099999999971 0.55966424254887725542 0.37715873361918150763 0.06317701783194121234 0.00000000099999999971 0.00000000099999999971 0.00000000099999999971 
0.14666531396570636758 0.00000000099999999963 0.00000000099999999963 0.00000000099999999963 0.00000000099999999963 0.85333467903429371937 0.00000000099999999963 0.00000000099999999963 0.00000000099999999963 
0.00000000099999999946 0.00000000099999999946 0.00000000099999999946 0.00000000099999999946 0.00000000099999999946 0.32972921421929168861 0.00000000099999999946 0.00000000099999999946 0.67027077878070828731 
0.00000000099999999894 0.00000000099999999894 0.00000000099999999894 0.00000000099999999894 0.00000000099999999894 0.99999999199999989319 0.00000000099999999894 0.00000000099999999894 0.00000000099999999894 
0.00000000099999999965 0.00000000099999999965 0.83394919437641279458 0.00000000099999999965 0.04001959332869695074 0.00000000099999999965 0.00000000099999999965 0.12603120629489025784 0.00000000099999999965 
0.00000000099999999959 0.00000000099999999959 0.00000000099999999959 0.00000000099999999959 0.09922599871169114627 0.02906643893762103636 0.00000000099999999959 0.00000000099999999959 0.87170755635068775113 
0.00000000099999999892 0.00000000099999999892 0.00000000099999999892 0.00000000099999999892 0.00000000099999999892 0.99999999199999989319 0.00000000099999999892 0.00000000099999999892 0.00000000099999999892 
0.00000000099999999979 0.00000000099999999979 0.00000000099999999979 0.00000000099999999979 0.00000000099999999979 0.21540846547009009915 0.00000000099999999979 0.78459152752990979351 0.00000000099999999979 
0.00000000099999999968 0.00000000099999999968 0.00000000099999999968 0.38267884167476329260 0.00000000099999999968 0.00000000099999999968 0.61732115132523657230 0.00000000099999999968 0.00000000099999999968 
0.00000000099999999983 0.00000000099999999983 0.12475938241827866371 0.24766960516662778202 0.34647874251750182539 0.28109226489759181478 0.00000000099999999983 0.00000000099999999983 0.00000000099999999983 
0.00000000099999999977 0.00000000099999999977 0.21648226896151864795 0.00000000099999999977 0.00000000099999999977 0.00000000099999999977 0.78351772403848130022 0.00000000099999999977 0.00000000099999999977 
0.00000000099999999934 0.00000000099999999934 0.00000000099999999934 0.00000000099999999934 0.00000000099999999934 0.99999999200000011523 0.00000000099999999934 0.00000000099999999934 0.00000000099999999934 
0.00000000099999999969 0.00000000099999999969 0.23002998317367159831 0.00000000099999999969 0.00000000099999999969 0.00000000099999999969 0.00000000099999999969 0.76997000982632834987 0.00000000099999999969 
0.00000000099999999974 0.00000000099999999974 0.59253283341667695172 0.00000000099999999974 0.09679274210006753865 0.13342514764367530145 0.00000000099999999974 0.17724927183958011367 0.00000000099999999974 
0.00000000099999999970 0.32086752840088594851 0.67913246459911424946 0.00000000099999999970 0.00000000099999999970 0.00000000099999999970 0.00000000099999999970 0.00000000099999999970 0.00000000099999999970 
0.00000000099999999973 0.00000000099999999973 0.00000000099999999973 0.99999999200000011523 0.00000000099999999973 0.00000000099999999973 0.00000000099999999973 0.00000000099999999973 0.00000000099999999973 
0.00000000099999999962 0.00000000099999999962 0.98380945834884792056 0.00000000099999999962 0.00000000099999999962 0.01619053465115222537 0.00000000099999999962 0.00000000099999999962 0.00000000099999999962 
0.00000000099999999958 0.00000000099999999958 0.00000000099999999958 0.00000000099999999958 0.00000000099999999958 0.00000000099999999958 0.19383581816503750450 0.00000000099999999958 0.80616417483496249918 
