0.00000000099999999972 0.76840813312536604407 0.00000000099999999972 0.00000000099999999972 0.23159186287463395804 0.00000000099999999972 
0.00000000099999999975 0.00000000099999999975 0.00000000099999999975 0.99999999499999991937 0.00000000099999999975 0.00000000099999999975 
0.32923685662348295411 0.09889428853966684974 0.00000000099999999997 0.08431267550427060109 0.26037851140338919009 0.22717766692919030835 
0.00000000099999999997 0.00021626406291632290 0.15157703382439152717 0.13790931263293285114 0.00000000099999999997 0.71029738747975934565 
0.00000000099999999991 0.00000000099999999991 0.57376174263703860756 0.22808403575925798035 0.00000000099999999991 0.19815421860370341367 
0.00000000099999999995 0.00000000099999999995 0.39326311061888064025 0.00000000099999999995 0.50052333100769152985 0.10621355537342767883 
0.00000000099999999988 0.18223368841246245786 0.00000000099999999988 0.00000000099999999988 0.46252305550385497401 0.35524325308368248644 
0.00000000099999999982 0.00000000099999999982 0.22491928326171237162 0.00000000099999999982 0.77508071273828760273 0.00000000099999999982 
0.00000000099999999982 0.99999999500000003039 0.00000000099999999982 0.00000000099999999982 0.00000000099999999982 0.00000000099999999982 
0.00000000099999999937 0.99999999500000003039 0.00000000099999999937 0.00000000099999999937 0.00000000099999999937 0.00000000099999999937 
0.80628309954695565054 0.19371689645304440708 0.00000000099999999987 0.00000000099999999987 0.00000000099999999987 0.00000000099999999987 
0.00000000099999999985 0.58396861015508105819 0.00000000099999999985 0.07116566165680450473 0.34486572518811436927 0.00000000099999999985 
0.10129609644219035591 0.17886061248352139175 0.00000000099999999994 0.34059594775517487708 0.00000000099999999994 0.37924734131911330692 
0.61688474271704052398 0.38311525328295953363 0.00000000099999999969 0.00000000099999999969 0.00000000099999999969 0.00000000099999999969 
0.00000000099999999937 0.99999999500000003039 0.00000000099999999937 0.00000000099999999937 0.00000000099999999937 0.00000000099999999937 
0.00000000099999999986 0.00000000099999999986 0.00000000099999999986 0.00000000099999999986 0.99999999499999991937 0.00000000099999999986 
0.54508255558661300455 0.00000000099999999989 0.31275507519527989686 0.14216236621810715568 0.00000000099999999989 0.00000000099999999989 
0.35109376794549851386 0.48488875143521170674 0.00000000099999999989 0.16401747761928991975 0.00000000099999999989 0.00000000099999999989 
0.00000000099999999993 0.23004383748094509032 0.23655928363011186066 0.00000000099999999993 0.11341925808484994154 0.41997761880409317792 
0.62813824418905372937 0.00000000099999999997 0.36448683000163573098 0.00737492280931040505 0.00000000099999999997 0.00000000099999999997 
0.00000000099999999982 0.94323967321370982830 0.00000000099999999982 0.05676032278629007666 0.00000000099999999982 0.00000000099999999982 
0.00000000099999999980 0.99999999500000014141 0.00000000099999999980 0.00000000099999999980 0.00000000099999999980 0.00000000099999999980 
0.00000000099999999992 0.27996333675095036453 0.48841931797756532596 0.00000000099999999992 0.00000000099999999992 0.23161734227148433884 
0.00000000099999999961 0.99999999500000014141 0.00000000099999999961 0.00000000099999999961 0.00000000099999999961 0.00000000099999999961 
0.00000000099999999992 0.71362759001190012587 0.00000000112635281830 0.28637240586174705914 0.00000000099999999992 0.00000000099999999992 
0.00000000099999999979 0.00000000099999999979 0.99999999500000003039 0.00000000099999999979 0.00000000099999999979 0.00000000099999999979 
0.00000000099999999945 0.99999999500000003039 0.00000000099999999945 0.00000000099999999945 0.00000000099999999945 0.00000000099999999945 
0.41466867398399176459 0.00000000099999999997 0.20635008015458883301 0.00000000099999999997 0.37898124286141943173 0.00000000099999999997 
0.00000000099999999951 0.99999999500000003039 0.00000000099999999951 0.00000000099999999951 0.00000000099999999951 0.00000000099999999951 
0.21641189226495291531 0.00324484607256681152 0.15226352831425490897 0.30255920110976392001 0.00000000099999999999 0.32552053123846141913 
0.00000000099999999952 0.99999999500000014141 0.00000000099999999952 0.00000000099999999952 0.00000000099999999952 0.00000000099999999952 
0.00000000099999999982 0.00000000099999999982 0.63950488613557443518 0.00000000099999999982 0.36049510986442540039 0.00000000099999999982 
0.00000000099999999985 0.70270073375261343784 0.00000000099999999985 0.00000000099999999985 0.00000000099999999985 0.29729926224738678631 
0.00000000099999999993 0.33556603952918323541 0.51635018816311739620 0.00000000099999999993 0.00000000099999999993 0.14808376930769931445 
0.00000000099999999991 0.44722666141380268412 0.00000000099999999991 0.00000000099999999991 0.00000000099999999991 0.55277333458619726247 
0.54209436421366996584 0.02580659593405550470 0.15151736288828604460 0.00000000099999999996 0.00000000099999999996 0.28058167496398850327 
0.49217964194250218846 0.00000000099999999993 0.00000000099999999993 0.21947511840444092202 0.28834523665305678009 0.00000000099999999993 
0.12736498107502206012 0.30521729489897519993 0.15857114772249628065 0.40884657430350640483 0.00000000099999999995 0.00000000099999999995 
0.00000000099999999976 0.00000000099999999976 0.00000000099999999976 0.00000000099999999976 0.99999999499999991937 0.00000000099999999976 
0.00000000099999999984 0.20283149711569592455 0.00000000099999999984 0.00000000099999999984 0.00000000099999999984 0.79716849888430396653 
0.02246520641370878049 0.06057502301744734780 0.13154678294873400901 0.10567945891217971066 0.33621549446269999306 0.34351803424523030817 
0.84801747215907763433 0.15198252384092231226 0.00000000099999999974 0.00000000099999999974 0.00000000099999999974 0.00000000099999999974 
0.00000000099999999982 0.00000000099999999982 0.99999999499999991937 0.00000000099999999982 0.00000000099999999982 0.00000000099999999982 
0.39599042680916690662 0.00000000099999999994 0.30425051645855571980 0.14632831075188545977 0.00000000099999999994 0.15343074398039185935 
0.00000000099999999947 0.99999999500000014141 0.00000000099999999947 0.00000000099999999947 0.00000000099999999947 0.00000000099999999947 
0.99999999500000014141 0.00000000099999999981 0.00000000099999999981 0.00000000099999999981 0.00000000099999999981 0.00000000099999999981 
0.00000000099999999984 0.49413049917738111061 0.00000000099999999984 0.00000000099999999984 0.00000000099999999984 0.50586949682261883598 
0.99999999500000014141 0.00000000099999999979 0.00000000099999999979 0.00000000099999999979 0.00000000099999999979 0.00000000099999999979 
0.00000000099999999955 0.99999999500000003039 0.00000000099999999955 0.00000000099999999955 0.00000000099999999955 0.00000000099999999955 
0.00000000099999999948 0.99999999500000014141 0.00000000099999999948 0.00000000099999999948 0.00000000099999999948 0.00000000099999999948 
0.40968172231913646542 0.59031827368086353669 0.00000000099999999986 0.00000000099999999986 0.00000000099999999986 0.00000000099999999986 
0.00000000099999999985 0.00000000099999999985 0.00000000099999999985 0.38603683951245876260 0.61396315648754118399 0.00000000099999999985 
0.00000000099999999980 0.00000000099999999980 0.00000000099999999980 0.99999999499999991937 0.00000000099999999980 0.00000000099999999980 
0.99999999500000014141 0.00000000099999999989 0.00000000099999999989 0.00000000099999999989 0.00000000099999999989 0.00000000099999999989 
0.00000000099999999981 0.90101054427011506576 0.09898945172988500574 0.00000000099999999981 0.00000000099999999981 0.00000000099999999981 
0.00000000099999999994 0.08332793035096575096 0.38619712312199305781 0.15136435306936327216 0.00000000099999999994 0.37911059145767800338 
0.00000000099999999973 0.00000000099999999973 0.00000000099999999973 0.00000000099999999973 0.99999999500000003039 0.00000000099999999973 
0.44402602683882275159 0.55597396916117736154 0.00000000099999999979 0.00000000099999999979 0.00000000099999999979 0.00000000099999999979 
0.00000000099999999980 0.24051745599685617205 0.00000000099999999980 0.00000000099999999980 0.00000000099999999980 0.75948254000314385781 
0.00000000099999999983 0.78405554393687348913 0.00000000099999999983 0.00000000099999999983 0.00000000099999999983 0.21594445206312670726 
0.00000000099999999966 0.36632379995299330089 0.00000000099999999966 0.00000000099999999966 0.63367619604700664571 0.00000000099999999966 
0.00000000099999999938 0.99999999500000003039 0.00000000099999999938 0.00000000099999999938 0.00000000099999999938 0.00000000099999999938 
0.99999999500000014141 0.00000000099999999989 0.00000000099999999989 0.00000000099999999989 0.00000000099999999989 0.00000000099999999989 
0.00000000099999999976 0.13452644092290383382 0.00000000099999999976 0.00000000099999999976 0.86547355507709600175 0.00000000099999999976 
0.00000000099999999933 0.99999999500000014141 0.00000000099999999933 0.00000000099999999933 0.00000000099999999933 0.00000000099999999933 
0.48591160852867515407 0.34666507570437854469 0.00000000099999999997 0.14335017581057729608 0.02407313795636891948 0.00000000099999999997 
0.00000000099999999985 0.00000000099999999985 0.00000000099999999985 0.66743521643597203408 0.00000000099999999985 0.33256477956402791252 
0.14514118358678632092 0.44579607674436727560 0.00000000099999999993 0.00000000099999999993 0.00000000099999999993 0.40906273666884668261 
0.00000000099999999993 0.00000000099999999993 0.15043632142074769842 0.84956367457925230369 0.00000000099999999993 0.00000000099999999993 
0.00000000099999999973 0.99999793872184272736 0.00000205727815731328 0.00000000099999999973 0.00000000099999999973 0.00000000099999999973 
0.99999999500000014141 0.00000000099999999980 0.00000000099999999980 0.00000000099999999980 0.00000000099999999980 0.00000000099999999980 
0.83590992933280250377 0.16409006666719749834 0.00000000099999999985 0.00000000099999999985 0.00000000099999999985 0.00000000099999999985 
0.52052406509116466715 0.00000000099999999983 0.47947593090883533495 0.00000000099999999983 0.00000000099999999983 0.00000000099999999983 
0.00000000099999999992 0.00001544633143308141 0.00000000099999999992 0.14922397080399416036 0.00000000099999999992 0.85076057986457265248 
0.85397844772240649736 0.00000000099999999991 0.14602154827759364353 0.00000000099999999991 0.00000000099999999991 0.00000000099999999991 
0.00000000099999999979 0.00000000099999999979 0.00000000099999999979 0.22359557986304007260 0.77640441613695987400 0.00000000099999999979 
