0.00000000099999999965 0.00000000099999999965 0.76425588969927304994 0.00000000099999999965 0.23574410530072684167 0.00000000099999999965 0.00000000099999999965 
0.99999999400000016969 0.00000000099999999966 0.00000000099999999966 0.00000000099999999966 0.00000000099999999966 0.00000000099999999966 0.00000000099999999966 
0.00000000099999999995 0.31223626903494317020 0.09050193733896115533 0.00000000099999999995 0.34099585687911604381 0.00000000099999999995 0.25626593374697959060 
0.22728478608858013188 0.15571568084262757403 0.00000000099999999997 0.00000000099999999997 0.00000000099999999997 0.61699952906879218517 0.00000000099999999997 
0.20927560548297552412 0.00000000099999999987 0.00000000099999999987 0.51283515368804177825 0.00000000099999999987 0.27788923682898281076 0.00000000099999999987 
0.00000000099999999991 0.00000000099999999991 0.00000000099999999991 0.40947782105171287581 0.44273613894414898251 0.14778603600413800501 0.00000000099999999991 
0.00000000099999999986 0.16760715250636323836 0.13710635042898519642 0.00000000099999999986 0.48328542985473477156 0.21200106420991679523 0.00000000099999999986 
0.00000000099999999977 0.00000000099999999977 0.00000000099999999977 0.20514037424968498136 0.79485962075031502128 0.00000000099999999977 0.00000000099999999977 
0.00000000099999999970 0.13370498403551719924 0.86629501096448291442 0.00000000099999999970 0.00000000099999999970 0.00000000099999999970 0.00000000099999999970 
0.00000000099999999925 0.00000000099999999925 0.99999999400000005867 0.00000000099999999925 0.00000000099999999925 0.00000000099999999925 0.00000000099999999925 
0.00000000099999999983 0.16639353256235250855 0.14494247236532631362 0.00000000099999999983 0.00000000099999999983 0.00000000099999999983 0.68866399107232112442 
0.08316913292975536276 0.00000000099999999979 0.58105643407296403424 0.00000000099999999979 0.33577442899728066061 0.00000000099999999979 0.00000000099999999979 
0.26737013306947154945 0.00000000099999999993 0.15735995123742230195 0.00000000099999999993 0.00000000099999999993 0.48148969633030586079 0.09378021636280020612 
0.00000000099999999965 0.00000000099999999965 0.37717264413648415866 0.00000000099999999965 0.00000000099999999965 0.00000000099999999965 0.62282735086351581621 
0.00000000099999999927 0.00000000099999999927 0.99999999399999994765 0.00000000099999999927 0.00000000099999999927 0.00000000099999999927 0.00000000099999999927 
0.00000000099999999983 0.00000000099999999983 0.00000000099999999983 0.00000000099999999983 0.99999999399999994765 0.00000000099999999983 0.00000000099999999983 
0.17166603460856125207 0.00000000099999999985 0.00000000099999999985 0.20634344759256914581 0.00000000099999999985 0.00000000099999999985 0.62199051379886960422 
0.00000000099999999974 0.99999999400000005867 0.00000000099999999974 0.00000000099999999974 0.00000000099999999974 0.00000000099999999974 0.00000000099999999974 
0.00000000099999999987 0.00000000099999999987 0.23226953436648850593 0.11776971038730679742 0.09356988658204756781 0.55639086566415696389 0.00000000099999999987 
0.01415784325706098343 0.00000000099999999996 0.00000000099999999996 0.30943961801501346232 0.00000000135498204246 0.00000000099999999996 0.67640253437294339811 
0.05104259571683141677 0.00000000099999999977 0.94895739928316868994 0.00000000099999999977 0.00000000099999999977 0.00000000099999999977 0.00000000099999999977 
0.00000000099999999966 0.16963968045165217502 0.83036031454834791088 0.00000000099999999966 0.00000000099999999966 0.00000000099999999966 0.00000000099999999966 
0.00000000099999999993 0.08734494916168496215 0.34592608388979706469 0.56672896294851804466 0.00000000099999999993 0.00000000099999999993 0.00000000099999999993 
0.00000000099999999951 0.00000000099999999951 0.99999999399999994765 0.00000000099999999951 0.00000000099999999951 0.00000000099999999951 0.00000000099999999951 
0.00000000099999999987 0.09662746369758953846 0.69193684626393792136 0.21143568603847265330 0.00000000099999999987 0.00000000099999999987 0.00000000099999999987 
0.00000000099999999971 0.00000000099999999971 0.00000000099999999971 0.99999999399999994765 0.00000000099999999971 0.00000000099999999971 0.00000000099999999971 
0.00000000099999999944 0.00000000099999999944 0.99999999399999994765 0.00000000099999999944 0.00000000099999999944 0.00000000099999999944 0.00000000099999999944 
0.00000000099999999993 0.00000000099999999993 0.00000000099999999993 0.23495370052922098791 0.34439707216614734442 0.00000000099999999993 0.42064922330463155875 
0.00000000099999999935 0.00000000099999999935 0.99999999400000005867 0.00000000099999999935 0.00000000099999999935 0.00000000099999999935 0.00000000099999999935 
0.34686415157416422561 0.00000000099999999993 0.00000000099999999993 0.00000000099999999993 0.00000000099999999993 0.39415985296144551153 0.25897599146439020945 
0.00000000099999999940 0.00000000099999999940 0.99999999399999994765 0.00000000099999999940 0.00000000099999999940 0.00000000099999999940 0.00000000099999999940 
0.00000000099999999980 0.00000000099999999980 0.00000000099999999980 0.62677344592399508727 0.37322654907600483210 0.00000000099999999980 0.00000000099999999980 
0.00000000099999999969 0.36854861959992529785 0.63145137540007478805 0.00000000099999999969 0.00000000099999999969 0.00000000099999999969 0.00000000099999999969 
0.00000000099999999989 0.23490107441972626900 0.31466638698983023792 0.45043253459044346743 0.00000000099999999989 0.00000000099999999989 0.00000000099999999989 
0.00000000099999999986 0.37091533118980507533 0.38726892670069701374 0.24181573810949802406 0.00000000099999999986 0.00000000099999999986 0.00000000099999999986 
0.00000000099999999990 0.00000000099999999990 0.00501670761367142663 0.11199299252362636403 0.00000000099999999990 0.28529966077600782404 0.59769063608669448229 
0.19830957723500869383 0.11009766018717044578 0.00000000099999999992 0.00000000099999999992 0.28747083996168998343 0.00000000099999999992 0.40412191961613086466 
0.24423743448435702996 0.24971051895734813764 0.26438634317095971449 0.24166570038733511949 0.00000000099999999992 0.00000000099999999992 0.00000000099999999992 
0.00000000099999999972 0.00000000099999999972 0.00000000099999999972 0.00000000099999999972 0.99999999400000005867 0.00000000099999999972 0.00000000099999999972 
0.00000000099999999977 0.00000000099999999977 0.13001120251087938673 0.00000000099999999977 0.00000000099999999977 0.86998879248912042161 0.00000000099999999977 
0.04247417114415835693 0.00000000099999999999 0.06039091362576388261 0.07435495196521581251 0.34962895871986554575 0.44439146662316769687 0.02875953692182884811 
0.00000000099999999971 0.00000000099999999971 0.15068620813988090057 0.00000000099999999971 0.00000000099999999971 0.00000000099999999971 0.84931378686011926860 
0.00000000099999999986 0.00000000099999999986 0.00000000099999999986 0.77301138324496287968 0.00000000099999999986 0.00000000099999999986 0.22698861175503717846 
0.11050285258689450385 0.00000000099999999989 0.00000000099999999989 0.28045777469067562082 0.00000000099999999989 0.16973087426918856413 0.43930849545324129890 
0.00000000099999999946 0.00000000099999999946 0.99999999399999994765 0.00000000099999999946 0.00000000099999999946 0.00000000099999999946 0.00000000099999999946 
0.00000000099999999978 0.16317256837256458035 0.00000000099999999978 0.00000000099999999978 0.00000000099999999978 0.00000000099999999978 0.83682742662743547779 
0.00000000099999999983 0.24236818422825787134 0.41886290405718784591 0.00000000099999999983 0.00000000099999999983 0.33876890771455420159 0.00000000099999999983 
0.00000000099999999978 0.17630936502842797786 0.00000000099999999978 0.00000000099999999978 0.00000000099999999978 0.00000000099999999978 0.82369062997157194150 
0.00000000099999999945 0.00000000099999999945 0.99999999399999994765 0.00000000099999999945 0.00000000099999999945 0.00000000099999999945 0.00000000099999999945 
0.00000000099999999945 0.00000000099999999945 0.99999999400000005867 0.00000000099999999945 0.00000000099999999945 0.00000000099999999945 0.00000000099999999945 
0.00000000099999999983 0.24510739838114542488 0.59020070041805783312 0.00000000099999999983 0.00000000099999999983 0.00000000099999999983 0.16469189720079668859 
0.45642495517275344374 0.00000000099999999977 0.00000000099999999977 0.00000000099999999977 0.54357503982724642011 0.00000000099999999977 0.00000000099999999977 
0.99999999400000005867 0.00000000099999999978 0.00000000099999999978 0.00000000099999999978 0.00000000099999999978 0.00000000099999999978 0.00000000099999999978 
0.00000000099999999983 0.00000000099999999983 0.00000000099999999983 0.00000000099999999983 0.00000000099999999983 0.00000000099999999983 0.99999999399999994765 
0.00000000099999999978 0.00000000099999999978 0.91016128492014314322 0.08983871007985683166 0.00000000099999999978 0.00000000099999999978 0.00000000099999999978 
0.00000000099999999993 0.01214706571448782510 0.09838362233432959569 0.41917139807606945689 0.00000000099999999993 0.47029791087511302328 0.00000000099999999993 
0.00000000099999999966 0.00000000099999999966 0.00000000099999999966 0.00000000099999999966 0.99999999400000005867 0.00000000099999999966 0.00000000099999999966 
0.00000000099999999973 0.28324979709021641527 0.51562085769109511357 0.00000000099999999973 0.00000000099999999973 0.00000000099999999973 0.20112934121868858428 
0.00000000099999999979 0.36236156475606967620 0.16566415742448561965 0.00000000099999999979 0.00000000099999999979 0.47197427381944462299 0.00000000099999999979 
0.00000000099999999979 0.00000000099999999979 0.75506540830318591428 0.00000000099999999979 0.00000000099999999979 0.24493458669681403284 0.00000000099999999979 
0.00000000099999999960 0.00000000099999999960 0.36521621414411770123 0.00000000099999999960 0.63478378085588227364 0.00000000099999999960 0.00000000099999999960 
0.00000000099999999923 0.00000000099999999923 0.99999999400000005867 0.00000000099999999923 0.00000000099999999923 0.00000000099999999923 0.00000000099999999923 
0.00000000099999999986 0.09100589349605250900 0.00000000099999999986 0.00000000099999999986 0.00000000099999999986 0.00000000099999999986 0.90899410150394743813 
0.00000000099999999975 0.00000000099999999975 0.12705086377361288208 0.00000000099999999975 0.87294913122638706504 0.00000000099999999975 0.00000000099999999975 
0.00000000099999999920 0.00000000099999999920 0.99999999400000005867 0.00000000099999999920 0.00000000099999999920 0.00000000099999999920 0.00000000099999999920 
0.09088507548120865198 0.06301655850107695800 0.31906414535277038969 0.00000000099999999999 0.03656441555856140141 0.00000000099999999999 0.49046980310638249589 
0.63141684825239352552 0.00000000099999999977 0.00000000099999999977 0.00000000099999999977 0.00000000099999999977 0.36858314674760650487 0.00000000099999999977 
0.00000000099999999993 0.30115863985979168804 0.40320851457331086110 0.00000000099999999993 0.00000000099999999993 0.29563284156689728643 0.00000000099999999993 
0.99999999400000016969 0.00000000099999999985 0.00000000099999999985 0.00000000099999999985 0.00000000099999999985 0.00000000099999999985 0.00000000099999999985 
0.00000000099999999959 0.00000000099999999959 0.99999999400000005867 0.00000000099999999959 0.00000000099999999959 0.00000000099999999959 0.00000000099999999959 
0.00000000099999999977 0.00000000099999999977 0.00000000099999999977 0.00000000099999999977 0.00000000099999999977 0.00000000099999999977 0.99999999400000005867 
0.00000000099999999984 0.08792612286501975960 0.15634988344358832779 0.00000000099999999984 0.00000000099999999984 0.00000000099999999984 0.75572398969139187308 
0.00000000099999999983 0.00000000099999999983 0.00000000099999999983 0.38250841724746392769 0.00000000099999999983 0.00000000099999999983 0.61749157775253604719 
0.00000000099999999984 0.00000000099999999984 0.00000000099999999984 0.00000000099999999984 0.00000000099999999984 0.99999999399999994765 0.00000000099999999984 
0.08583826852750353620 0.00000000099999999991 0.01167614044035711514 0.00000000099999999991 0.00000000099999999991 0.00000000099999999991 0.90248558703213932475 
0.19248705688959669158 0.00000000099999999972 0.00000000099999999972 0.00000000099999999972 0.80751293811040336657 0.00000000099999999972 0.00000000099999999972 
