0.21507005472583368144 0.00000000099999999984 0.78492994327416643063 0.00000000099999999984 
0.32144191286134654595 0.00000000099999999997 0.16758334886909961869 0.51097473726955378037 
0.24555589757473370027 0.43860080292491088194 0.15609904633068841240 0.15974425316966706090 
0.00000000099999999996 0.14936750064198006660 0.11187288964246558387 0.73875960871555423903 
0.24330218256587188286 0.00000000238764900081 0.00000000099999999999 0.75669781404647917800 
0.54027941019716729798 0.00000000099999999998 0.07624357171002707489 0.38347701709280568316 
0.43285531847623243129 0.00000000099999999998 0.30588511670882007065 0.26125956381494735981 
0.99999999700000008485 0.00000000099999999989 0.00000000099999999989 0.00000000099999999989 
0.00000000099999999987 0.00000000099999999987 0.99999999699999986280 0.00000000099999999987 
0.00000000099999999960 0.00000000099999999960 0.99999999699999997382 0.00000000099999999960 
0.00000000099999999991 0.79455850080252077294 0.20544149719747928362 0.00000000099999999991 
0.38199651265975370640 0.00000000099999999990 0.61800348534024618363 0.00000000099999999990 
0.00000000099999999998 0.18794592731322365409 0.27903148729500520941 0.53302258439177108151 
0.00000000099999999982 0.60397625672594312807 0.39602374127405692850 0.00000000099999999982 
0.00000000099999999960 0.00000000099999999960 0.99999999699999997382 0.00000000099999999960 
0.99999999699999997382 0.00000000099999999990 0.00000000099999999990 0.00000000099999999990 
0.00000000099999999997 0.64098546680187862279 0.00000000099999999997 0.35901453119812137826 
0.00000000099999999993 0.54252393671764431726 0.45747606128235573930 0.00000000099999999993 
0.11341715064847035510 0.00000000099999999998 0.35469540082098766076 0.53188744753054206793 
0.21942385746697926074 0.77611999475757265099 0.00445614677544819548 0.00000000100000000000 
0.00000000099999999990 0.00000000099999999990 0.95046339770811416603 0.04953660029188580033 
0.00000000099999999987 0.00000000099999999987 0.99999999699999997382 0.00000000099999999987 
0.00000000099999999997 0.00000000099999999997 0.40594500371582598053 0.59405499428417418706 
0.00000000099999999977 0.00000000099999999977 0.99999999699999997382 0.00000000099999999977 
0.00000000099999999992 0.00000000099999999992 0.75404203412691528374 0.24595796387308466180 
0.18184776466134389139 0.00000000099999999996 0.10139857656844218636 0.71675365777021404767 
0.00000000099999999964 0.00000000099999999964 0.99999999699999986280 0.00000000099999999964 
0.41683510288908481867 0.45290325097369421581 0.00000260853840152244 0.13025903759881946042 
0.00000000099999999970 0.00000000099999999970 0.99999999699999997382 0.00000000099999999970 
0.02864746464935397086 0.25662411709086224709 0.09559882579213067888 0.61912959246765308929 
0.00000000099999999968 0.00000000099999999968 0.99999999699999986280 0.00000000099999999968 
0.93941979387223084608 0.06058007044303327648 0.00000000099999999998 0.00000013468473599430 
0.00000000099999999994 0.31557542516337866445 0.68442457283662139211 0.00000000099999999994 
0.00000000099999999997 0.00000000099999999997 0.42280973674789429362 0.57719026125210570743 
0.00000000099999999995 0.00000000339681037046 0.50842767586076564879 0.49157231974242399097 
0.00000000099999999996 0.58490078417088831042 0.07978804897365014692 0.33531116585546161257 
0.39912612211053249966 0.60087387588946750139 0.00000000099999999996 0.00000000099999999996 
0.00000000099999999998 0.06239456225729782257 0.41472174428325692119 0.52288369245944532615 
0.99999999699999997382 0.00000000099999999988 0.00000000099999999988 0.00000000099999999988 
0.00000000099999999994 0.00000000099999999994 0.33574882692407354012 0.66425117107592646093 
0.29883619017371065851 0.11570215367149572216 0.15063741084793605407 0.43482424530685764852 
0.00000000099999999985 0.82929478250758947855 0.17070521549241060577 0.00000000099999999985 
0.20786408488507598924 0.36501448751092274714 0.00000000099999999999 0.42712142660400137517 
0.00000000099999999996 0.47812166318068527460 0.00000000099999999996 0.52187833481931467094 
0.00000000099999999966 0.00000000099999999966 0.99999999699999997382 0.00000000099999999966 
0.00000000099999999988 0.99999999699999997382 0.00000000099999999988 0.00000000099999999988 
0.00000000099999999995 0.22124536408054598646 0.51003097017278753444 0.26872366474666659064 
0.00000000099999999987 0.99999999699999997382 0.00000000099999999987 0.00000000099999999987 
0.00000000099999999971 0.00000000099999999971 0.99999999699999986280 0.00000000099999999971 
0.00000000099999999966 0.00000000099999999966 0.99999999699999997382 0.00000000099999999966 
0.00000000099999999991 0.39721253711484144633 0.60278746088515855472 0.00000000099999999991 
0.85313867202661797240 0.00000000099999999995 0.00000000099999999995 0.14686132597338200090 
0.28683221010293863396 0.00000000099999999999 0.07681434849646022467 0.63635344040060104476 
0.00000000099999999992 0.99999999165032960047 0.00000000099999999992 0.00000000634967047378 
0.05923312745669387369 0.00000000099999999994 0.94076687054330609961 0.00000000099999999994 
0.00000000099999999994 0.00000000099999999994 0.22469463822649410334 0.77530535977350600874 
0.99999999700000008485 0.00000000099999999990 0.00000000099999999990 0.00000000099999999990 
0.00000000099999999986 0.43195327622259910294 0.56804672177740089811 0.00000000099999999986 
0.00000000099999999993 0.13363528208495994987 0.36133640220604967830 0.50502831470899034461 
0.00000000099999999995 0.00000000099999999995 0.82806395422907874693 0.17193604377092119861 
0.57222818890288984495 0.00000000099999999984 0.42777180909710998957 0.00000000099999999984 
0.00000000099999999960 0.00000000099999999960 0.99999999699999997382 0.00000000099999999960 
0.00000000099999999993 0.99999999699999997382 0.00000000099999999993 0.00000000099999999993 
0.81420193311424426952 0.00000000099999999988 0.18579806488575570378 0.00000000099999999988 
0.00000000099999999957 0.00000000099999999957 0.99999999699999997382 0.00000000099999999957 
0.08169874343201632971 0.57007641009569953727 0.34822484547228410579 0.00000000099999999999 
0.15505548353992321120 0.00000000099999999994 0.00000000099999999994 0.84494451446007678985 
0.00000000099999999997 0.25676794405961472778 0.47983026479245138862 0.26340179014793380086 
0.30248610786138374618 0.03965437840363821020 0.00000000100000000000 0.65785951273497789149 
0.00000000099999999984 0.00000000099999999984 0.99999999699999997382 0.00000000099999999984 
0.00000000099999999989 0.99999999699999997382 0.00000000099999999989 0.00000000099999999989 
0.00000000099999999992 0.81666137851651499080 0.18333861948348492699 0.00000000099999999992 
0.04847119769995026500 0.65629790219010608610 0.00000000099999999998 0.29523089910994365637 
0.00000000099999999994 0.17870076581743976618 0.11346395940899858812 0.70783527377356159072 
0.00000000099999999997 0.88204772145649368298 0.05157354979158141478 0.06637872775192485419 
0.99999999700000008485 0.00000000099999999987 0.00000000099999999987 0.00000000099999999987 
