0.00000000099999999979 0.77953773481880461738 0.00000000099999999979 0.22046226218119535645 0.00000000099999999979 
0.00000000099999999986 0.00000000099999999986 0.00000000099999999986 0.00000000099999999986 0.99999999600000000211 
0.09714543072049391936 0.13977338230467045710 0.44115128448520773974 0.25195062846607652052 0.06997927402355141879 
0.74065534745245686921 0.00065048529375613608 0.08196983195353226004 0.00000000099999999996 0.17672433430025483170 
0.41325328353112694701 0.00000000099999999997 0.00000000099999999997 0.16742388793652071555 0.41932282653235236625 
0.42430580363201164662 0.00000000099999999995 0.00000000099999999995 0.57569419336798832720 0.00000000099999999995 
0.33132830435566684724 0.23833811945578020630 0.00000000099999999995 0.43033357418855294751 0.00000000099999999995 
0.00000000099999999985 0.00000000099999999985 0.00000000099999999985 0.99999999600000000211 0.00000000099999999985 
0.00000000099999999984 0.99999999600000011313 0.00000000099999999984 0.00000000099999999984 0.00000000099999999984 
0.00000000099999999949 0.99999999600000011313 0.00000000099999999949 0.00000000099999999949 0.00000000099999999949 
0.00000000099999999987 0.21085435484051973098 0.78914564215948035386 0.00000000099999999987 0.00000000099999999987 
0.00000000099999999990 0.59959118844520065128 0.00000000099999999990 0.32746118902964971298 0.07294762052514981721 
0.37481105883519816313 0.20689672507276626878 0.16606398937580538200 0.00000000099999999997 0.25222822571623026988 
0.00000000099999999975 0.39868918312776807644 0.60131081387223184187 0.00000000099999999975 0.00000000099999999975 
0.00000000099999999949 0.99999999600000000211 0.00000000099999999949 0.00000000099999999949 0.00000000099999999949 
0.00000000099999999987 0.00000000099999999987 0.00000000099999999987 0.99999999599999989108 0.00000000099999999987 
0.00000000099999999994 0.00000000099999999994 0.66832514578993473808 0.00000000099999999994 0.33167485121006529125 
0.00000000099999999992 0.46686663077476114880 0.53313220093714641656 0.00000000099999999992 0.00000116628809238559 
0.63117945246452600294 0.24087916684475055296 0.00000000099999999994 0.12794137869072338964 0.00000000099999999994 
0.00000000099999999999 0.00000000099999999999 0.78286068677955711337 0.21713929010605401149 0.00000002111438873655 
0.00000000099999999987 0.94867980020705355848 0.00000000099999999987 0.00000000099999999987 0.05132019679294645004 
0.00000000099999999983 0.99999999600000011313 0.00000000099999999983 0.00000000099999999983 0.00000000099999999983 
0.69455994271594712064 0.30544005428405296421 0.00000000099999999992 0.00000000099999999992 0.00000000099999999992 
0.00000000099999999970 0.99999999600000011313 0.00000000099999999970 0.00000000099999999970 0.00000000099999999970 
0.13919125523839409597 0.71434783586961558832 0.00000000099999999992 0.00000000099999999992 0.14646090689199028900 
0.61042024217546542175 0.00454489218475760074 0.00000000099999999997 0.21044705166854377199 0.17458781297123318610 
0.00000000099999999955 0.99999999600000000211 0.00000000099999999955 0.00000000099999999955 0.00000000099999999955 
0.22188310830419932795 0.00000000099999999998 0.38111270328050278478 0.39700418641529766628 0.00000000099999999998 
0.00000000099999999961 0.99999999600000000211 0.00000000099999999961 0.00000000099999999961 0.00000000099999999961 
0.33439561793884237106 0.01137368334591543940 0.25673102168116229693 0.00000000099999999999 0.39749967603407992955 
0.00000000099999999961 0.99999999600000000211 0.00000000099999999961 0.00000000099999999961 0.00000000099999999961 
0.00000000099999999992 0.00000000099999999992 0.00000000099999999992 0.69016984020818816781 0.30983015679181169499 
0.00000000099999999994 0.68448194785198313017 0.31551804914801684365 0.00000000099999999994 0.00000000099999999994 
0.67151694883353385546 0.32848304816646606286 0.00000000099999999996 0.00000000099999999996 0.00000000099999999996 
0.56916054395490611739 0.43083945304509380092 0.00000000099999999992 0.00000000099999999992 0.00000000099999999992 
0.41835499396596614874 0.03905608169571461730 0.54258892233831934604 0.00000000099999999994 0.00000000099999999994 
0.00000000099999999995 0.00000000099999999995 0.52334785621457680094 0.29466398535733273611 0.18198815642809046400 
0.00000000099999999996 0.32674525287706601695 0.17723496141253458624 0.00000000099999999996 0.49601978371039950888 
0.00000000099999999980 0.00000000099999999980 0.00000000099999999980 0.99999999599999989108 0.00000000099999999980 
0.80375066274106399256 0.19624933425893600902 0.00000000099999999988 0.00000000099999999988 0.00000000099999999988 
0.50279395861748754637 0.08410931553806090533 0.03544026298899395633 0.33133477803483474267 0.04632168482062289788 
0.00000000099999999980 0.17918673319309694203 0.82081326380690300404 0.00000000099999999980 0.00000000099999999980 
0.13979372971092199340 0.00000000099999999998 0.41413433069200117354 0.17669808617374449522 0.26937385242333239388 
0.32285947473573356481 0.00000000099999999995 0.45591933349755692229 0.00000000099999999995 0.22122118976670943069 
0.00000000099999999957 0.99999999600000000211 0.00000000099999999957 0.00000000099999999957 0.00000000099999999957 
0.00000000099999999985 0.00000000099999999985 0.99999999600000000211 0.00000000099999999985 0.00000000099999999985 
0.37738888882897597687 0.46899441961995486094 0.15361668955106924650 0.00000000099999999990 0.00000000099999999990 
0.00000000099999999983 0.00000000099999999983 0.99999999600000000211 0.00000000099999999983 0.00000000099999999983 
0.00000000099999999962 0.99999999600000011313 0.00000000099999999962 0.00000000099999999962 0.00000000099999999962 
0.00000000099999999957 0.99999999600000011313 0.00000000099999999957 0.00000000099999999957 0.00000000099999999957 
0.00000000099999999988 0.60373118043015439049 0.39626881656984558333 0.00000000099999999988 0.00000000099999999988 
0.00000000099999999987 0.00000000099999999987 0.00000000099999999987 0.57946174361780788953 0.42053825338219208430 
0.00000000099999999988 0.00000000099999999988 0.00000000099999999988 0.00000000099999999988 0.99999999600000000211 
0.00000014095470334401 0.00000000099999999991 0.99999985604529673111 0.00000000099999999991 0.00000000099999999991 
0.10933286306668865695 0.89066713393331142790 0.00000000099999999989 0.00000000099999999989 0.00000000099999999989 
0.89752499362781423820 0.10245471097179201236 0.00000000099999999994 0.00000000099999999994 0.00002029340039382763 
0.00000000099999999984 0.00000000099999999984 0.00000000099999999984 0.99999999599999989108 0.00000000099999999984 
0.00000000099999999982 0.56798606514984295579 0.43201393185015701803 0.00000000099999999982 0.00000000099999999982 
0.73113148380768400170 0.26886851319231591662 0.00000000099999999987 0.00000000099999999987 0.00000000099999999987 
0.19957078098023892099 0.80042921601976102508 0.00000000099999999986 0.00000000099999999986 0.00000000099999999986 
0.00000000099999999975 0.40112367049305963640 0.00000000099999999975 0.59887632650694033742 0.00000000099999999975 
0.00000000099999999949 0.99999999600000000211 0.00000000099999999949 0.00000000099999999949 0.00000000099999999949 
0.00000000099999999991 0.00000000099999999991 0.99999999600000000211 0.00000000099999999991 0.00000000099999999991 
0.00000000099999999982 0.15811016234440339323 0.00000000099999999982 0.84188983465559663610 0.00000000099999999982 
0.00000000099999999945 0.99999999600000000211 0.00000000099999999945 0.00000000099999999945 0.00000000099999999945 
0.00000000099999999999 0.34585044418994487225 0.57401026451352388236 0.08013928929653106603 0.00000000099999999999 
0.00000000375914900018 0.00000000099999999985 0.00000000099999999985 0.00000000099999999985 0.99999999324085109276 
0.37125405677975642504 0.42894051209138212011 0.19980542912886165019 0.00000000099999999994 0.00000000099999999994 
0.00000000099999999992 0.00000000099999999992 0.00000000099999999992 0.00000000099999999992 0.99999999599999989108 
0.00000000099999999980 0.99999999600000011313 0.00000000099999999980 0.00000000099999999980 0.00000000099999999980 
0.00000000099999999984 0.00000000099999999984 0.99999999599999989108 0.00000000099999999984 0.00000000099999999984 
0.00000000099999999989 0.19182229807057499249 0.80817769892942492582 0.00000000099999999989 0.00000000099999999989 
0.08933198530385706715 0.00000000099999999997 0.68507669336321241893 0.08355370811608710258 0.14203761221684341187 
0.99975865778340855528 0.00024133906216646471 0.00000000115442509109 0.00000000099999999992 0.00000000099999999992 
0.00000000099999999994 0.02609199641086992760 0.87968691638094931307 0.00000000099999999994 0.09422108520818069100 
0.00000000099999999985 0.00000000099999999985 0.00000000099999999985 0.79428890768526250188 0.20571108931473738868 
