0.77421313506002376048 0.00000000099999999979 0.00000000099999999979 0.00000000099999999979 0.22578686193997621334 
0.08368393764037179716 0.00000000099999999992 0.00000000099999999992 0.83215802916003922540 0.08415803119958886747 
0.12405245125190357547 0.32595934460618225526 0.27056751558784675193 0.00000000099999999999 0.27942068755406734848 
0.00346893223916452031 0.00000000099999999997 0.69155471230318266151 0.30497635345765272685 0.00000000099999999997 
0.00000000099999999993 0.00000000099999999993 0.00000000099999999993 0.99999999600000000211 0.00000000099999999993 
0.00000000099999999997 0.00000000099999999997 0.18289911687163076803 0.32020511949533503326 0.49689576163303417200 
0.20142031903345927746 0.00000000099999999993 0.34385563510971978163 0.00000000099999999993 0.45472404385682108074 
0.00000000099999999987 0.00000000099999999987 0.00000000099999999987 0.00000000099999999987 0.99999999600000000211 
0.99999999600000000211 0.00000000099999999984 0.00000000099999999984 0.00000000099999999984 0.00000000099999999984 
0.99999999600000011313 0.00000000099999999950 0.00000000099999999950 0.00000000099999999950 0.00000000099999999950 
0.20431404625113777640 0.79568595074886216967 0.00000000099999999989 0.00000000099999999989 0.00000000099999999989 
0.59395077713075838943 0.00000000099999999988 0.00000000099999999988 0.06637671954540486086 0.33967250132383675076 
0.20554737705042541718 0.10413975393127904157 0.45374811757236660492 0.23656475044592897850 0.00000000099999999998 
0.39036940314507972971 0.60963059385492035513 0.00000000099999999977 0.00000000099999999977 0.00000000099999999977 
0.99999999600000011313 0.00000000099999999949 0.00000000099999999949 0.00000000099999999949 0.00000000099999999949 
0.00000000099999999987 0.00000000099999999987 0.00000000099999999987 0.00000000099999999987 0.99999999600000000211 
0.00000000099999999990 0.60623256087382548785 0.00000000099999999990 0.39376743612617448598 0.00000000099999999990 
0.46669515816857981561 0.53330483883142021373 0.00000000099999999992 0.00000000099999999992 0.00000000099999999992 
0.25865802506197332900 0.00000000099999999998 0.49290412517587223196 0.00000000099999999998 0.24843784776215435683 
0.02483898809988635201 0.67879807189007024260 0.00000000099999999999 0.29629949961858542684 0.00006343939145784600 
0.94956829023882860508 0.00000000099999999985 0.00000000099999999985 0.05043170676117153528 0.00000000099999999985 
0.99999999600000000211 0.00000000099999999984 0.00000000099999999984 0.00000000099999999984 0.00000000099999999984 
0.30518753078326638084 0.00000000099999999999 0.32650064498991454576 0.24654611382991523105 0.12176570939690396778 
0.99999999600000011313 0.00000000099999999969 0.00000000099999999969 0.00000000099999999969 0.00000000099999999969 
0.71482788992222401347 0.00000000099999999992 0.13067909343069356032 0.15449301464708251053 0.00000000099999999992 
0.00649108256710344798 0.00000000099999999992 0.00000000099999999992 0.99350891443289646165 0.00000000099999999992 
0.99999999600000011313 0.00000000099999999955 0.00000000099999999955 0.00000000099999999955 0.00000000099999999955 
0.00000000100000000000 0.37866777720335481616 0.20147116063932110630 0.00000000100000000000 0.41986106015732405083 
0.99999999600000000211 0.00000000099999999960 0.00000000099999999960 0.00000000099999999960 0.00000000099999999960 
0.00033894558751160154 0.22494351549984717420 0.28120031919887272798 0.49351721871376841300 0.00000000099999999999 
0.99999999600000000211 0.00000000099999999960 0.00000000099999999960 0.00000000099999999960 0.00000000099999999960 
0.00000000099999999989 0.00000000099999999989 0.00000000099999999989 0.49064617915734615172 0.50935381784265376659 
0.69963257233050168971 0.00000000099999999990 0.30036742466949839514 0.00000000099999999990 0.00000000099999999990 
0.33092854603011084835 0.00000000099999999998 0.30722321458329487909 0.36184823738659416259 0.00000000099999999998 
0.42874121264328274306 0.00000000099999999990 0.57125878435671717526 0.00000000099999999990 0.00000000099999999990 
0.04092012910220656913 0.54371368454968727058 0.32475348071986237519 0.09061270462824370930 0.00000000099999999999 
0.00000000099999999995 0.54152677202828369829 0.00000000099999999995 0.12698835546683973075 0.33148487050487668304 
0.31433458801614716505 0.07627930791311815506 0.17746064283962009744 0.43192546023111449971 0.00000000099999999995 
0.00000000099999999980 0.00000000099999999980 0.00000000099999999980 0.00000000099999999980 0.99999999600000000211 
0.18743923925920985551 0.00000000099999999987 0.81256075774079028484 0.00000000099999999987 0.00000000099999999987 
0.09290540474427570750 0.00013496074202734790 0.44089490462987507291 0.01494173458139361199 0.45112299530242827572 
0.16838717881298084778 0.83161281818701915380 0.00000000099999999981 0.00000000099999999981 0.00000000099999999981 
0.00000000099999999995 0.38596989140528209505 0.00000000099999999995 0.61403010559471782326 0.00000000099999999995 
0.00000000099999999994 0.45694470619594196314 0.15716790486551504569 0.38588738693854301998 0.00000000099999999994 
0.99999999600000011313 0.00000000099999999957 0.00000000099999999957 0.00000000099999999957 0.00000000099999999957 
0.00000000099999999985 0.99999999600000011313 0.00000000099999999985 0.00000000099999999985 0.00000000099999999985 
0.48108657556904282915 0.00000000099999999987 0.51891342143095708916 0.00000000099999999987 0.00000000099999999987 
0.00000000099999999983 0.99999999600000011313 0.00000000099999999983 0.00000000099999999983 0.00000000099999999983 
0.99999999600000000211 0.00000000099999999961 0.00000000099999999961 0.00000000099999999961 0.00000000099999999961 
0.99999999600000011313 0.00000000099999999959 0.00000000099999999959 0.00000000099999999959 0.00000000099999999959 
0.59570702219719984249 0.40429297480280018684 0.00000000099999999989 0.00000000099999999989 0.00000000099999999989 
0.00000000099999999985 0.00000000099999999985 0.00000000099999999985 0.42315255519669348061 0.57684744180330660424 
0.05385090887976857338 0.00000000099999999994 0.00000000099999999994 0.94614908812023135187 0.00000000099999999994 
0.00000000099999999990 0.99999999600000000211 0.00000000099999999990 0.00000000099999999990 0.00000000099999999990 
0.89417650253168778907 0.00000000099999999992 0.00000000099999999992 0.00000000099999999992 0.10582349446831224027 
0.09224787835305933714 0.00000000099999999994 0.41738330957693581258 0.49036881007000482358 0.00000000099999999994 
0.00000000099999999982 0.00000000099999999982 0.00000000099999999982 0.00000000099999999982 0.99999999599999989108 
0.56635923478331751113 0.43364076221668240718 0.00000000099999999984 0.00000000099999999984 0.00000000099999999984 
0.22823034299362604527 0.00000000099999999984 0.77176965400637398407 0.00000000099999999984 0.00000000099999999984 
0.78296464149583389069 0.00000000099999999986 0.21703535550416611088 0.00000000099999999986 0.00000000099999999986 
0.38003803957710258210 0.00000000099999999975 0.00000000099999999975 0.00000000099999999975 0.61996195742289728070 
0.99999999600000011313 0.00000000099999999950 0.00000000099999999950 0.00000000099999999950 0.00000000099999999950 
0.00000000099999999989 0.99999999600000011313 0.00000000099999999989 0.00000000099999999989 0.00000000099999999989 
0.14698248770241073569 0.00000000099999999982 0.00000000099999999982 0.00000000099999999982 0.85301750929758923814 
0.99999999600000000211 0.00000000099999999945 0.00000000099999999945 0.00000000099999999945 0.00000000099999999945 
0.34002948359509593823 0.49905718137476612339 0.07879484115680839007 0.00000000260502318715 0.08211849126830646217 
0.00000000099999999988 0.00000000099999999988 0.29667810260129484634 0.70332189439870507197 0.00000000099999999988 
0.44116865067591709559 0.14979491848287224132 0.40903642884121066414 0.00000000099999999995 0.00000000099999999995 
0.00000000099999999990 0.00000000099999999990 0.00000000099999999990 0.99999999600000000211 0.00000000099999999990 
0.99999999600000011313 0.00000000099999999979 0.00000000099999999979 0.00000000099999999979 0.00000000099999999979 
0.00000000099999999986 0.99999999600000000211 0.00000000099999999986 0.00000000099999999986 0.00000000099999999986 
0.18141846507667758193 0.81858153192332250292 0.00000000099999999990 0.00000000099999999990 0.00000000099999999990 
0.00000000099999999991 0.66498289672947530349 0.00000000099999999991 0.33501710027052472585 0.00000000099999999991 
0.00025418662843623333 0.00000000099999999994 0.99582974393061163276 0.00391606744095208438 0.00000000099999999994 
0.01957239165745706250 0.88524321984955300913 0.00000000099999999992 0.09518438649298999188 0.00000000099999999992 
0.00000000099999999986 0.00000000099999999986 0.00000000099999999986 0.25661989500336707115 0.74338010199663295818 
