0.00000000099999999947 0.00000000099999999947 0.00000000099999999947 0.44177447656282503585 0.00000000099999999947 0.25048037257773148045 0.30774514385944340411 0.00000000099999999947 0.00000000099999999947 0.00000000099999999947 
0.00000000099999999958 0.99999999100000025454 0.00000000099999999958 0.00000000099999999958 0.00000000099999999958 0.00000000099999999958 0.00000000099999999958 0.00000000099999999958 0.00000000099999999958 0.00000000099999999958 
0.00000000099999999992 0.00000000099999999992 0.00000000099999999992 0.00000000099999999992 0.13777049574290659018 0.26554273318457899400 0.03696773490702339598 0.10584583464128824448 0.25116705651465426330 0.20270614100954861825 
0.00000000099999999982 0.26745054406495183397 0.00000000099999999982 0.00000000099999999982 0.00000000099999999982 0.00000000099999999982 0.00000000099999999982 0.00000000099999999982 0.73254944793504783718 0.00000000099999999982 
0.00000000099999999978 0.44479544361966821819 0.55520454838033184153 0.00000000099999999978 0.00000000099999999978 0.00000000099999999978 0.00000000099999999978 0.00000000099999999978 0.00000000099999999978 0.00000000099999999978 
0.24550216048138615021 0.00000000099999999987 0.28781962830012047805 0.00000000099999999987 0.00000000099999999987 0.46667820421849359747 0.00000000099999999987 0.00000000099999999987 0.00000000099999999987 0.00000000099999999987 
0.00000000099999999972 0.00000000099999999972 0.00000000099999999972 0.00000000099999999972 0.00000000099999999972 0.50055590306774644382 0.08010031213341582690 0.00000000099999999972 0.41934377779883780235 0.00000000099999999972 
0.00000000099999999962 0.00000000099999999962 0.30170769914461120775 0.00000000099999999962 0.00000000099999999962 0.69829229285538885197 0.00000000099999999962 0.00000000099999999962 0.00000000099999999962 0.00000000099999999962 
0.00000000099999999958 0.00000000099999999958 0.00000000099999999958 0.00000000099999999958 0.00000000099999999958 0.00000000099999999958 0.99999999100000003249 0.00000000099999999958 0.00000000099999999958 0.00000000099999999958 
0.00000000099999999898 0.00000000099999999898 0.00000000099999999898 0.81754669839294580314 0.00000000099999999898 0.00000000099999999898 0.18245329360705428434 0.00000000099999999898 0.00000000099999999898 0.00000000099999999898 
0.00000000099999999964 0.00000000099999999964 0.00000000099999999964 0.00000000099999999964 0.00000000099999999964 0.00000000099999999964 0.04768530324983192431 0.95231468875016811459 0.00000000099999999964 0.00000000099999999964 
0.00000000099999999962 0.06621080422609561256 0.00000000099999999962 0.58449087550596390273 0.00000000099999999962 0.34929831326794069657 0.00000000099999999962 0.00000000099999999962 0.00000000099999999962 0.00000000099999999962 
0.00000000099999999978 0.00000000099999999978 0.00000000099999999978 0.03602277383667935179 0.68757533287594729821 0.00000000099999999978 0.00000000099999999978 0.00000000099999999978 0.27640188628737344390 0.00000000099999999978 
0.00000000099999999938 0.00000000099999999938 0.00000000099999999938 0.14510133107617417814 0.00000000099999999938 0.00000000099999999938 0.00000000099999999938 0.85489866092382582607 0.00000000099999999938 0.00000000099999999938 
0.00000000099999999899 0.00000000099999999899 0.00000000099999999899 0.00000000099999999899 0.00000000099999999899 0.00000000099999999899 0.99999999099999992147 0.00000000099999999899 0.00000000099999999899 0.00000000099999999899 
0.00000000099999999975 0.00000000099999999975 0.00000000099999999975 0.00000000099999999975 0.00000000099999999975 0.99999999100000014352 0.00000000099999999975 0.00000000099999999975 0.00000000099999999975 0.00000000099999999975 
0.12242210661909684599 0.00235550602628288369 0.23873027610981134572 0.00000000099999999987 0.08337803202794888402 0.00000000099999999987 0.00000000099999999987 0.00000000099999999987 0.00000000099999999987 0.55311407421685976349 
0.00000000099999999976 0.00000000099999999976 0.00000000099999999976 0.00000000099999999976 0.00000000099999999976 0.00000000099999999976 0.39540613116684025785 0.60459386083315969085 0.00000000099999999976 0.00000000099999999976 
0.21251941962876577663 0.00000000099999999983 0.09005997467659963840 0.32220655330905106917 0.00000000099999999983 0.09021987396501517098 0.00000000099999999983 0.00000000099999999983 0.28499417342056831970 0.00000000099999999983 
0.00000000099999999991 0.00000000099999999991 0.31702600389244767198 0.00000000099999999991 0.00000000099999999991 0.00000000099999999991 0.00000000099999999991 0.68297398810755216569 0.00000000099999999991 0.00000000099999999991 
0.00000000099999999949 0.00000000099999999949 0.00000000099999999949 0.99999999100000003249 0.00000000099999999949 0.00000000099999999949 0.00000000099999999949 0.00000000099999999949 0.00000000099999999949 0.00000000099999999949 
0.00000000099999999954 0.00000000099999999954 0.00000000099999999954 0.00000000099999999954 0.00000000099999999954 0.00000000099999999954 0.99999999099999992147 0.00000000099999999954 0.00000000099999999954 0.00000000099999999954 
0.22332606588402334480 0.00000000099999999985 0.29196763941629511052 0.37812093253669576409 0.00000000099999999985 0.00000000099999999985 0.00000000099999999985 0.00000000099999999985 0.10658535616298578375 0.00000000099999999985 
0.00000000099999999927 0.00000000099999999927 0.00000000099999999927 0.79366666491958537399 0.00000000099999999927 0.00000000099999999927 0.20633332708041479675 0.00000000099999999927 0.00000000099999999927 0.00000000099999999927 
0.00000000099999999969 0.00000000099999999969 0.00000000099999999969 0.62316361030449718417 0.37683638169550282004 0.00000000099999999969 0.00000000099999999969 0.00000000099999999969 0.00000000099999999969 0.00000000099999999969 
0.00000000099999999962 0.00000000099999999962 0.99983920629307376782 0.00016078570692641187 0.00000000099999999962 0.00000000099999999962 0.00000000099999999962 0.00000000099999999962 0.00000000099999999962 0.00000000099999999962 
0.00000000099999999901 0.00000000099999999901 0.00000000099999999901 0.00000000099999999901 0.00000000099999999901 0.00000000099999999901 0.99999999100000003249 0.00000000099999999901 0.00000000099999999901 0.00000000099999999901 
0.28228209845498719588 0.00000000099999999980 0.00000000099999999980 0.00000000099999999980 0.00000000099999999980 0.30890530892109030470 0.00000000099999999980 0.40881258562392247535 0.00000000099999999980 0.00000000099999999980 
0.00000000099999999897 0.00000000099999999897 0.00000000099999999897 0.99999999099999992147 0.00000000099999999897 0.00000000099999999897 0.00000000099999999897 0.00000000099999999897 0.00000000099999999897 0.00000000099999999897 
0.00000000099999999984 0.39330006595608429931 0.00000000099999999984 0.00000000099999999984 0.00000000099999999984 0.00000000099999999984 0.00000000099999999984 0.00000000099999999984 0.25914733852099397504 0.34755258852292159055 
0.00000000099999999908 0.00000000099999999908 0.00000000099999999908 0.99999999100000014352 0.00000000099999999908 0.00000000099999999908 0.00000000099999999908 0.00000000099999999908 0.00000000099999999908 0.00000000099999999908 
0.00000000099999999959 0.00000000099999999959 0.67555702535713690882 0.00000000099999999959 0.00000000099999999959 0.32444296664286320642 0.00000000099999999959 0.00000000099999999959 0.00000000099999999959 0.00000000099999999959 
0.00000000099999999969 0.00000000099999999969 0.00000000099999999969 0.00000000099999999969 0.00000000099999999969 0.00000000099999999969 0.68483297238199281054 0.00000000099999999969 0.31516701961800708265 0.00000000099999999969 
0.00000000099999999983 0.00000000099999999983 0.44056594787374381283 0.17275949723080899489 0.00000000099999999983 0.00000000099999999983 0.14107791083819343214 0.00000000099999999983 0.24559663805725384655 0.00000000099999999983 
0.41695442967585943927 0.00000000099999999974 0.00000000099999999974 0.00000000099999999974 0.00000000099999999974 0.00000000099999999974 0.58304556232414050942 0.00000000099999999974 0.00000000099999999974 0.00000000099999999974 
0.40088105073844104709 0.00000000099999999982 0.00000000099999999982 0.00000391012901410833 0.00000000099999999982 0.00000000099999999982 0.00000000099999999982 0.59911503213254491129 0.00000000099999999982 0.00000000099999999982 
0.00000000099999999984 0.00000000099999999984 0.00000000099999999984 0.00000000099999999984 0.24665437721280880634 0.30028842283069717700 0.00000000099999999984 0.06966273844284200101 0.00000000099999999984 0.38339445551365203269 
0.00000000099999999957 0.00000000099999999957 0.00000000099999999957 0.00000000099999999957 0.99999999100000014352 0.00000000099999999957 0.00000000099999999957 0.00000000099999999957 0.00000000099999999957 0.00000000099999999957 
0.00000000099999999964 0.00000000099999999964 0.16727011396532215359 0.00000000099999999964 0.00000000099999999964 0.83272987803467779511 0.00000000099999999964 0.00000000099999999964 0.00000000099999999964 0.00000000099999999964 
0.19325469306556294913 0.00000000099999999978 0.00000000099999999978 0.17180181566348115552 0.10132890600868212083 0.00000000099999999978 0.00000000099999999978 0.00000000099999999978 0.53361457926227373605 0.00000000099999999978 
0.41580931081653477177 0.00000000099999999990 0.00000000099999999990 0.17292186939572418147 0.15079919254553822427 0.26046962124220285340 0.00000000099999999990 0.00000000099999999990 0.00000000099999999990 0.00000000099999999990 
0.00000000099999999957 0.00000000099999999957 0.00000000099999999957 0.00000000099999999957 0.00000000099999999957 0.00000000099999999957 0.00000000099999999957 0.99999999100000003249 0.00000000099999999957 0.00000000099999999957 
0.00000000099999999974 0.00000000099999999974 0.83595317770372068455 0.00000000099999999974 0.00000000099999999974 0.00000000099999999974 0.00000000099999999974 0.00000000099999999974 0.00000000099999999974 0.16404681429627931966 
0.33713579296129358998 0.00000000205267217740 0.14899869018235506468 0.00000000099999999992 0.00000000099999999992 0.00000000099999999992 0.00000000099999999992 0.00000000099999999992 0.00000000099999999992 0.51386550880367887206 
0.00000000099999999899 0.00000000099999999899 0.00000000099999999899 0.00000000099999999899 0.00000000099999999899 0.00000000099999999899 0.99999999099999992147 0.00000000099999999899 0.00000000099999999899 0.00000000099999999899 
0.00000000099999999967 0.00000000099999999967 0.00000000099999999967 0.00000000099999999967 0.00000000099999999967 0.00000000099999999967 0.00000000099999999967 0.27452752300397575969 0.00000000099999999967 0.72547246899602424453 
0.00000000099999999972 0.00000000099999999972 0.00000000099999999972 0.24351012350622291969 0.22892420689154657776 0.00000000099999999972 0.13354683817987270111 0.00000000099999999972 0.39401882542235772133 0.00000000099999999972 
0.00000000099999999965 0.00000000099999999965 0.00000000099999999965 0.00000000099999999965 0.00000000099999999965 0.00000000099999999965 0.00000000099999999965 0.49062381324880716127 0.00000000099999999965 0.50937617875119278743 
0.00000000099999999909 0.00000000099999999909 0.00000000099999999909 0.00000000099999999909 0.00000000099999999909 0.00000000099999999909 0.99999999099999992147 0.00000000099999999909 0.00000000099999999909 0.00000000099999999909 
0.00000000099999999912 0.00000000099999999912 0.00000000099999999912 0.00000000099999999912 0.00000000099999999912 0.00000000099999999912 0.99999999099999992147 0.00000000099999999912 0.00000000099999999912 0.00000000099999999912 
0.00000000099999999967 0.00000000099999999967 0.00000000099999999967 0.00000000099999999967 0.00000000099999999967 0.00000000099999999967 0.59917077774927984812 0.00000000099999999967 0.00000000099999999967 0.40082921425072026711 
0.00000000099999999963 0.46496781557765293202 0.00000000099999999963 0.00000000099999999963 0.00000000099999999963 0.53503217642234712770 0.00000000099999999963 0.00000000099999999963 0.00000000099999999963 0.00000000099999999963 
0.00000000099999999968 0.63339694914454591768 0.00000000099999999968 0.00000000099999999968 0.36660304285545414205 0.00000000099999999968 0.00000000099999999968 0.00000000099999999968 0.00000000099999999968 0.00000000099999999968 
0.20660272777182697723 0.00000000099999999972 0.00000000099999999972 0.00000000099999999972 0.00000000099999999972 0.00000000099999999972 0.00000000099999999972 0.10876148997618063918 0.00000000099999999972 0.68463577525199226237 
0.00000000099999999946 0.00000000099999999946 0.00000000099999999946 0.99999999100000014352 0.00000000099999999946 0.00000000099999999946 0.00000000099999999946 0.00000000099999999946 0.00000000099999999946 0.00000000099999999946 
0.52138257187013914429 0.00000000099999999985 0.21248366099444035426 0.00000000099999999985 0.00000000099999999985 0.00000000099999999985 0.26613376013542050513 0.00000000099999999985 0.00000000099999999985 0.00000000099999999985 
0.00000000099999999947 0.00000000099999999947 0.00000000099999999947 0.00000000099999999947 0.00000000099999999947 0.99999999100000003249 0.00000000099999999947 0.00000000099999999947 0.00000000099999999947 0.00000000099999999947 
0.00000000099999999967 0.00000000099999999967 0.00000000099999999967 0.00000000099999999967 0.00000000099999999967 0.00000000099999999967 0.50394834819776423984 0.31913242579130579601 0.17691921901092996783 0.00000000099999999967 
0.00000000099999999965 0.00000000099999999965 0.00000000099999999965 0.00000000099999999965 0.00000000099999999965 0.00000000099999999965 0.18014879289505850157 0.00000000099999999965 0.81985119910494141937 0.00000000099999999965 
0.14436149621556362832 0.00000000099999999961 0.00000000099999999961 0.85563849578443662569 0.00000000099999999961 0.00000000099999999961 0.00000000099999999961 0.00000000099999999961 0.00000000099999999961 0.00000000099999999961 
0.00000000099999999939 0.00000000099999999939 0.00000000099999999939 0.35098840324762503595 0.00000000099999999939 0.64901158875237496826 0.00000000099999999939 0.00000000099999999939 0.00000000099999999939 0.00000000099999999939 
0.00000000099999999893 0.00000000099999999893 0.00000000099999999893 0.99999999099999992147 0.00000000099999999893 0.00000000099999999893 0.00000000099999999893 0.00000000099999999893 0.00000000099999999893 0.00000000099999999893 
0.00000000099999999959 0.00000000099999999959 0.00000000099999999959 0.00000000099999999959 0.00000000099999999959 0.00000000099999999959 0.00000000099999999959 0.00000000099999999959 0.00000000099999999959 0.99999999099999992147 
0.00000000099999999958 0.00000000099999999958 0.00000000099999999958 0.10113966901221094208 0.00000000099999999958 0.89360915391836048816 0.00525117006942850059 0.00000000099999999958 0.00000000099999999958 0.00000000099999999958 
0.00000000099999999894 0.00000000099999999894 0.00000000099999999894 0.48232787164818902159 0.00000000099999999894 0.00000000099999999894 0.51767212035181076057 0.00000000099999999894 0.00000000099999999894 0.00000000099999999894 
0.00000000099999999976 0.00000000099999999976 0.00000000099999999976 0.05424136952120200278 0.40166917941523444524 0.00000000099999999976 0.00000000099999999976 0.54408944406356340995 0.00000000099999999976 0.00000000099999999976 
0.00000000099999999953 0.99999999100000014352 0.00000000099999999953 0.00000000099999999953 0.00000000099999999953 0.00000000099999999953 0.00000000099999999953 0.00000000099999999953 0.00000000099999999953 0.00000000099999999953 
0.00000000099999999969 0.00000000099999999969 0.00000000099999999969 0.00000000099999999969 0.00000000099999999969 0.00000000099999999969 0.37796280188500863684 0.00000000099999999969 0.62203719011499125635 0.00000000099999999969 
0.00000000099999999977 0.99999999100000014352 0.00000000099999999977 0.00000000099999999977 0.00000000099999999977 0.00000000099999999977 0.00000000099999999977 0.00000000099999999977 0.00000000099999999977 0.00000000099999999977 
0.00000000099999999923 0.00000000099999999923 0.00000000099999999923 0.99999999100000014352 0.00000000099999999923 0.00000000099999999923 0.00000000099999999923 0.00000000099999999923 0.00000000099999999923 0.00000000099999999923 
0.00000000099999999965 0.00000000099999999965 0.00000000099999999965 0.00000000099999999965 0.00000000099999999965 0.00000000099999999965 0.00000000099999999965 0.76076926346436501980 0.00000000099999999965 0.23923072853563498441 
0.00000000099999999971 0.00000000099999999971 0.00000000099999999971 0.20468128350538689064 0.00000000099999999971 0.00000000099999999971 0.00046614926311666166 0.09077858556101496557 0.00000000099999999971 0.70407397567048135567 
0.00000000099999999965 0.00000000099999999965 0.36452629519053908469 0.00000000099999999965 0.00000000099999999965 0.00000000099999999965 0.00000000099999999965 0.00000000099999999965 0.00000000099999999965 0.63547369680946075299 
0.24664125076182652485 0.00000000099999999985 0.00000000099999999985 0.00000000099999999985 0.15201489838985096648 0.00000000099999999985 0.00000000099999999985 0.00000000099999999985 0.60134384384832229031 0.00000000099999999985 
0.00000000099999999970 0.00000000099999999970 0.00000000099999999970 0.06208344947354222515 0.00000000099999999970 0.00000000099999999970 0.00000000099999999970 0.00000000099999999970 0.00000000099999999970 0.93791654252645784151 
0.00000000099999999956 0.00000000099999999956 0.00000000099999999956 0.00000000099999999956 0.23968360247154865683 0.76031638952845148616 0.00000000099999999956 0.00000000099999999956 0.00000000099999999956 0.00000000099999999956 
