0.00000000099999999957 0.00000000099999999957 0.00000000099999999957 0.00000000099999999957 0.00000000099999999957 0.73821109491274961023 0.23958972183742294204 0.02219917724982752721 0.00000000099999999957 
0.00000000099999999953 0.00000000099999999953 0.00000000099999999953 0.00000000099999999953 0.00000000099999999953 0.00000000099999999953 0.00000000099999999953 0.00000000099999999953 0.99999999200000000421 
0.00000000099999999993 0.00000000099999999993 0.17253724052266966593 0.00000000099999999993 0.28824999254122207759 0.00000000099999999993 0.29127044098640247904 0.24794232094970572455 0.00000000099999999993 
0.57774927331021208587 0.00000000099999999983 0.00000000099999999983 0.00000000099999999983 0.25743086595205366685 0.00000000099999999983 0.00000000099999999983 0.16481985473773430595 0.00000000099999999983 
0.34515962644043596264 0.00000000099999999979 0.00000000099999999979 0.50291491824867584626 0.00000000099999999979 0.00000000099999999979 0.00000000099999999979 0.00000000099999999979 0.15192544931088816651 
0.09673808670868966342 0.00000000099999999989 0.08112716480350801174 0.35600579719618585806 0.00000000099999999989 0.00000000099999999989 0.46612894629161644167 0.00000000099999999989 0.00000000099999999989 
0.17360142428196906339 0.00000000099999999973 0.00000000099999999973 0.00000000099999999973 0.00000000099999999973 0.02918796190276266508 0.45837273670318556817 0.33883787211208260537 0.00000000099999999973 
0.00000000099999999964 0.00000000099999999964 0.00000000099999999964 0.27015297192967430151 0.00000000099999999964 0.00000000099999999964 0.72984702107032572993 0.00000000099999999964 0.00000000099999999964 
0.00000000099999999950 0.00000000099999999950 0.00000000099999999950 0.00000000099999999950 0.00000000099999999950 0.75453545615622141796 0.00000000099999999950 0.24546453684377866900 0.00000000099999999950 
0.00000000099999999908 0.00000000099999999908 0.00000000099999999908 0.00000000099999999908 0.00000000099999999908 0.99999999200000011523 0.00000000099999999908 0.00000000099999999908 0.00000000099999999908 
0.00000000099999999969 0.79731445682320611912 0.00000000099999999969 0.00000000099999999969 0.00000000099999999969 0.00000000099999999969 0.00000000099999999969 0.20268553617679402334 0.00000000099999999969 
0.00000000099999999972 0.00000000099999999972 0.00000000099999999972 0.00000000099999999972 0.00000000099999999972 0.56543174767512838219 0.35122178689392297146 0.00000000099999999972 0.08334645943094869114 
0.35329853192880450452 0.00000000099999999989 0.60946414687501071494 0.00000000099999999989 0.00000000099999999989 0.03723558384520028047 0.00000000099999999989 0.00000000099999999989 0.00000173235098454726 
0.00000000099999999950 0.74998518356216115066 0.00000000099999999950 0.00000000099999999950 0.00000000099999999950 0.25001480943783888078 0.00000000099999999950 0.00000000099999999950 0.00000000099999999950 
0.00000000099999999910 0.00000000099999999910 0.00000000099999999910 0.00000000099999999910 0.00000000099999999910 0.99999999200000011523 0.00000000099999999910 0.00000000099999999910 0.00000000099999999910 
0.00000000099999999978 0.00000000099999999978 0.00000000099999999978 0.00000000099999999978 0.00000000099999999978 0.00000000099999999978 0.99999999200000000421 0.00000000099999999978 0.00000000099999999978 
0.00000000099999999986 0.18789071963286785305 0.00000000099999999986 0.21555670302143215000 0.45357969489253535667 0.00000000099999999986 0.00000000099999999986 0.00000000099999999986 0.14297287745316475394 
0.00000000099999999980 0.31641798134517984398 0.51523633157225889878 0.00000000099999999980 0.00000000099999999980 0.16834568108256139918 0.00000000099999999980 0.00000000099999999980 0.00000000099999999980 
0.70749112493655663680 0.00000000099999999975 0.00000000099999999975 0.00000000099999999975 0.00000000099999999975 0.29250886806344356117 0.00000000099999999975 0.00000000099999999975 0.00000000099999999975 
0.00000000099999999992 0.72832941669660489215 0.00000000099999999992 0.27167057630339530583 0.00000000099999999992 0.00000000099999999992 0.00000000099999999992 0.00000000099999999992 0.00000000099999999992 
0.09662382968374572112 0.00000000099999999961 0.00000000099999999961 0.00000000099999999961 0.00000000099999999961 0.90337616331625425481 0.00000000099999999961 0.00000000099999999961 0.00000000099999999961 
0.00000000099999999952 0.00000000099999999952 0.00000000099999999952 0.00000000099999999952 0.00000000099999999952 0.74500177627632657718 0.00000000099999999952 0.25499821672367345426 0.00000000099999999952 
0.00000000099999999982 0.00000000099999999982 0.00000000099999999982 0.53031735615641217851 0.00000000099999999982 0.25421394632214311393 0.00000000099999999982 0.21546869152144479398 0.00000000099999999982 
0.00000000099999999939 0.00000000099999999939 0.00000000099999999939 0.00000000099999999939 0.00000000099999999939 0.99999999200000000421 0.00000000099999999939 0.00000000099999999939 0.00000000099999999939 
0.00000000099999999973 0.00000000099999999973 0.39554729788015807745 0.00000000099999999973 0.00000000099999999973 0.60445269511984189847 0.00000000099999999973 0.00000000099999999973 0.00000000099999999973 
0.00000000099999999963 0.00000000099999999963 0.00000000099999999963 0.99999999200000011523 0.00000000099999999963 0.00000000099999999963 0.00000000099999999963 0.00000000099999999963 0.00000000099999999963 
0.00000000099999999926 0.00000000099999999926 0.00000000099999999926 0.00000000099999999926 0.00000000099999999926 0.92423155259417466567 0.00000000099999999926 0.07576844040582547679 0.00000000099999999926 
0.00000000099999999982 0.51593096665081261687 0.00000000099999999982 0.14801933814845877335 0.00000000099999999982 0.00000000099999999982 0.33604968920072875171 0.00000000099999999982 0.00000000099999999982 
0.00000000099999999914 0.00000000099999999914 0.00000000099999999914 0.00000000099999999914 0.00000000099999999914 0.99999999200000000421 0.00000000099999999914 0.00000000099999999914 0.00000000099999999914 
0.39090999193697395508 0.00000000099999999982 0.00000000099999999982 0.00000000099999999982 0.40664894821825109394 0.00000000099999999982 0.00000000099999999982 0.00000000099999999982 0.20244105384477484311 
0.00000000099999999925 0.00000000099999999925 0.00000000099999999925 0.00000000099999999925 0.00000000099999999925 0.99999999200000011523 0.00000000099999999925 0.00000000099999999925 0.00000000099999999925 
0.00000000099999999971 0.00000000099999999971 0.00000000099999999971 0.64204522499103067190 0.00000000099999999971 0.00000000099999999971 0.35795476800896930403 0.00000000099999999971 0.00000000099999999971 
0.00000000099999999958 0.00000000099999999958 0.00000000099999999958 0.00000000099999999958 0.00000000099999999958 0.51174568359399896789 0.00000000099999999958 0.48825430940600111906 0.00000000099999999958 
0.00000000099999999982 0.00000000099999999982 0.00000000099999999982 0.47663043993778131391 0.00000000099999999982 0.19459386514023027659 0.00000000099999999982 0.32877568892198838491 0.00000000099999999982 
0.00000000099999999973 0.00000000099999999973 0.55445344537171281640 0.00000000099999999973 0.00000000099999999973 0.18458324301269413148 0.00000000099999999973 0.26096330561559305528 0.00000000099999999973 
0.33008064426779398781 0.65400649371287167266 0.00000000099999999987 0.01591285601933452309 0.00000000099999999987 0.00000000099999999987 0.00000000099999999987 0.00000000099999999987 0.00000000099999999987 
0.00000000099999999988 0.05120384550001132878 0.20302597092095733822 0.00000000099999999988 0.39546464687342880451 0.00000000099999999988 0.35030553170560257970 0.00000000099999999988 0.00000000099999999988 
0.00000000099999999969 0.00000000099999999969 0.99999999200000011523 0.00000000099999999969 0.00000000099999999969 0.00000000099999999969 0.00000000099999999969 0.00000000099999999969 0.00000000099999999969 
0.00000000099999999974 0.00000000099999999974 0.00000000099999999974 0.19729849806993365879 0.05572703290625310307 0.00000000099999999974 0.74697446302381320660 0.00000000099999999974 0.00000000099999999974 
0.79727513254471071846 0.00000000099999999974 0.00000000099999999974 0.00000000099999999974 0.00000000099999999974 0.20272486045528936849 0.00000000099999999974 0.00000000099999999974 0.00000000099999999974 
0.27250396731730364142 0.00000000099999999998 0.30839623398959520317 0.00000000099999999998 0.00000001245784051659 0.00000000099999999998 0.41909978123526075988 0.00000000099999999998 0.00000000099999999998 
0.00000000099999999969 0.85279778793276317383 0.00000000099999999969 0.00000000099999999969 0.00000000099999999969 0.00000000099999999969 0.00000000099999999969 0.14720220506723685761 0.00000000099999999969 
0.00000000099999999977 0.00000000099999999977 0.00000000099999999977 0.71257699489449632946 0.28742299810550364647 0.00000000099999999977 0.00000000099999999977 0.00000000099999999977 0.00000000099999999977 
0.24089739319190894840 0.00000000099999999989 0.00000000099999999989 0.28634550127161206845 0.47250865177430267927 0.00000000099999999989 0.00000000099999999989 0.00000000099999999989 0.00024844876217639710 
0.00000000099999999929 0.00000000099999999929 0.00000000099999999929 0.00000000099999999929 0.00000000099999999929 0.93945189727320699280 0.00000000099999999929 0.06054809572679312885 0.00000000099999999929 
0.00000000099999999974 0.14617824669632101253 0.00000000099999999974 0.00000000099999999974 0.73511839496498965207 0.00000000099999999974 0.00000000099999999974 0.11870335233868933855 0.00000000099999999974 
0.00000000099999999973 0.00000000099999999973 0.48824063515683785441 0.00000000099999999973 0.00000000099999999973 0.24231498886557606420 0.00000000099999999973 0.26944436997758608454 0.00000000099999999973 
0.00000000099999999973 0.40425604682556415259 0.00000000099999999973 0.00000000099999999973 0.43391282272484704707 0.00000000099999999973 0.00000000099999999973 0.16183112444958877574 0.00000000099999999973 
0.00000000099999999933 0.00000000099999999933 0.00000000099999999933 0.00000000099999999933 0.00000000099999999933 0.99999999200000000421 0.00000000099999999933 0.00000000099999999933 0.00000000099999999933 
0.00000000099999999930 0.00000000099999999930 0.00000000099999999930 0.00000000099999999930 0.00000000099999999930 0.90980756723344258230 0.00000000099999999930 0.09019242576655746302 0.00000000099999999930 
0.00000000099999999965 0.00000000099999999965 0.00000000099999999965 0.00000000099999999965 0.22771440215973068333 0.47039051389739350295 0.00000000099999999965 0.30189507794287573361 0.00000000099999999965 
0.00000000099999999968 0.00000000099999999968 0.00000000099999999968 0.00000000099999999968 0.00000000099999999968 0.00000000099999999968 0.59312890605188206550 0.00000000099999999968 0.40687108694811779941 
0.00000000099999999973 0.00000000099999999973 0.00000000099999999973 0.00000000099999999973 0.00000000099999999973 0.00000000099999999973 0.00000000099999999973 0.00000000099999999973 0.99999999200000000421 
0.00000000099999999979 0.35570858527708870689 0.00000000099999999979 0.00000000099999999979 0.64429140772291126904 0.00000000099999999979 0.00000000099999999979 0.00000000099999999979 0.00000000099999999979 
0.00000000099999999970 0.00000000099999999970 0.00000000099999999970 0.09485426432031938970 0.00000000099999999970 0.90514572867968068337 0.00000000099999999970 0.00000000099999999970 0.00000000099999999970 
0.50251516375421367844 0.00000000099999999988 0.00000000099999999988 0.34895167382738534467 0.00000000099999999988 0.12289414105784338127 0.00000000099999999988 0.02563901636055789662 0.00000000099999999988 
0.00000000099999999955 0.00000000099999999955 0.00000000099999999955 0.00000000099999999955 0.00000000099999999955 0.00000000099999999955 0.99999999200000000421 0.00000000099999999955 0.00000000099999999955 
0.00000000099999999965 0.20128181145359452797 0.00000000099999999965 0.00000000099999999965 0.00000000099999999965 0.34632272259001689596 0.00000000099999999965 0.45239545995638846820 0.00000000099999999965 
0.26652469030902498082 0.00000000099999999975 0.31817123252912488107 0.00000000099999999975 0.00000000099999999975 0.00000000099999999975 0.00000000099999999975 0.41530407116185019678 0.00000000099999999975 
0.00000000099999999974 0.14852560708559153779 0.03377726972171910674 0.00000000099999999974 0.00000000099999999974 0.68178814888572547570 0.00000000099999999974 0.13590896930696397260 0.00000000099999999974 
0.00000000099999999951 0.00000000099999999951 0.00000000099999999951 0.00000000099999999951 0.00000000099999999951 0.35317538395000686036 0.64682460904999317108 0.00000000099999999951 0.00000000099999999951 
0.00000000099999999904 0.00000000099999999904 0.00000000099999999904 0.00000000099999999904 0.00000000099999999904 0.99999999200000011523 0.00000000099999999904 0.00000000099999999904 0.00000000099999999904 
0.00000000099999999969 0.00000000099999999969 0.00000000099999999969 0.00000000099999999969 0.98582425140669971420 0.01417574159330032592 0.00000000099999999969 0.00000000099999999969 0.00000000099999999969 
0.00000000099999999961 0.00000000099999999961 0.00000000099999999961 0.00000000099999999961 0.00000000099999999961 0.02515898903948600787 0.82361405338802495812 0.15122695157248894349 0.00000000099999999961 
0.00000000099999999901 0.00000000099999999901 0.00000000099999999901 0.00000000099999999901 0.00000000099999999901 0.99999999200000011523 0.00000000099999999901 0.00000000099999999901 0.00000000099999999901 
0.00000000099999999980 0.76955048850091356538 0.00000000099999999980 0.00000000099999999980 0.00000000099999999980 0.23044950449908657708 0.00000000099999999980 0.00000000099999999980 0.00000000099999999980 
0.35246854660303866824 0.00000000099999999963 0.00000000099999999963 0.00000000099999999963 0.00000000099999999963 0.00000000099999999963 0.00000000099999999963 0.00000000099999999963 0.64753144639696114115 
0.23608076468344038612 0.00000000099999999983 0.00000000099999999983 0.00000000099999999983 0.07202797882759474912 0.27470624949717842300 0.00000000099999999983 0.41718500199178648602 0.00000000099999999983 
0.00000000099999999973 0.00000000099999999973 0.00000000099999999973 0.00000000099999999973 0.00000000099999999973 0.00000000099999999973 0.00000000099999999973 0.00000000099999999973 0.99999999199999989319 
0.00000000099999999943 0.00000000099999999943 0.00000000099999999943 0.00000000099999999943 0.00000000099999999943 0.99999999200000011523 0.00000000099999999943 0.00000000099999999943 0.00000000099999999943 
0.00000000099999999971 0.71679852004041044733 0.00000000099999999971 0.00000000099999999971 0.28320147295958969513 0.00000000099999999971 0.00000000099999999971 0.00000000099999999971 0.00000000099999999971 
0.00000000099999999974 0.03218661977097146687 0.00000000099999999974 0.00000000099999999974 0.61620837136347483831 0.16149746774626153045 0.00000000099999999974 0.19010753611929209761 0.00000000099999999974 
0.00000000099999999970 0.00000000099999999970 0.00000000099999999970 0.33743429766313204343 0.66256569533686804352 0.00000000099999999970 0.00000000099999999970 0.00000000099999999970 0.00000000099999999970 
0.68859682642808861530 0.00000000099999999979 0.31140316657191169369 0.00000000099999999979 0.00000000099999999979 0.00000000099999999979 0.00000000099999999979 0.00000000099999999979 0.00000000099999999979 
0.00000000099999999970 0.00000000099999999970 0.00000000099999999970 0.00000000099999999970 0.92785378541951801790 0.07214620758048204130 0.00000000099999999970 0.00000000099999999970 0.00000000099999999970 
0.00000000099999999964 0.00000000099999999964 0.00000000099999999964 0.00000000099999999964 0.00000000099999999964 0.00000000099999999964 0.99999999199999989319 0.00000000099999999964 0.00000000099999999964 
