0.77755315868071051000 0.22244683831928940831 0.00000000099999999979 0.00000000099999999979 0.00000000099999999979 
0.10249070324422651646 0.09972059008312988970 0.79778870467264351163 0.00000000099999999992 0.00000000099999999992 
0.11677414011380550518 0.28879794962433263938 0.00000000100000000000 0.25268236292078105620 0.34174554634108061935 
0.00014245237904819124 0.00000000099999999997 0.22600088395444073441 0.77385666166651112530 0.00000000099999999997 
0.00000000099999999995 0.00000000099999999995 0.71776624790789222974 0.28223374909210757755 0.00000000099999999995 
0.00000051847531633571 0.48461240114087333897 0.37081022545034680871 0.14457685393346347835 0.00000000099999999998 
0.19678918146252510901 0.45078183979714231411 0.00000000099999999992 0.35242897674033257793 0.00000000099999999992 
0.00000000099999999987 0.99999999600000011313 0.00000000099999999987 0.00000000099999999987 0.00000000099999999987 
0.99999999600000011313 0.00000000099999999984 0.00000000099999999984 0.00000000099999999984 0.00000000099999999984 
0.99999999600000011313 0.00000000099999999949 0.00000000099999999949 0.00000000099999999949 0.00000000099999999949 
0.20086049701065292195 0.00000000099999999988 0.00000000099999999988 0.00000000099999999988 0.79913949998934707963 
0.59835021425584489219 0.33698341902217154864 0.06466636472198350472 0.00000000099999999989 0.00000000099999999989 
0.21056689517815740942 0.00000000099999999998 0.22563491139355318360 0.45951411106374273619 0.10428408136454660193 
0.38916974915385321721 0.00000000099999999976 0.00000000099999999976 0.00000000099999999976 0.61083024784614681213 
0.99999999600000000211 0.00000000099999999949 0.00000000099999999949 0.00000000099999999949 0.00000000099999999949 
0.00000000099999999988 0.99999999600000000211 0.00000000099999999988 0.00000000099999999988 0.00000000099999999988 
0.00000000099999999991 0.00000000099999999991 0.39011522286450428521 0.00000000099999999991 0.60988477413549557760 
0.48849614534883406547 0.00000000099999999992 0.12575596965836643992 0.00000000099999999992 0.38574788299279955117 
0.25729923744182153778 0.18574559526429454404 0.00000000099999999997 0.55695516529388378046 0.00000000099999999997 
0.01770511276373557333 0.00000000099999999999 0.30862978098537185989 0.00000000099999999999 0.67366510425089254355 
0.95437481757311948272 0.00000000099999999987 0.04562517942688056050 0.00000000099999999987 0.00000000099999999987 
0.99999999600000011313 0.00000000099999999984 0.00000000099999999984 0.00000000099999999984 0.00000000099999999984 
0.31443447036823179985 0.01444397743914808269 0.29551889699058492278 0.37560265420203520215 0.00000000099999999999 
0.99999999600000011313 0.00000000099999999970 0.00000000099999999970 0.00000000099999999970 0.00000000099999999970 
0.70361916054634765505 0.00000000099999999992 0.29638082850745517405 0.00000000894619707428 0.00000000099999999992 
0.01596185662611081246 0.00000000099999999992 0.98403814037388914748 0.00000000099999999992 0.00000000099999999992 
0.99999999600000000211 0.00000000099999999955 0.00000000099999999955 0.00000000099999999955 0.00000000099999999955 
0.00000000100000000000 0.37890951676849182750 0.16381246241028463162 0.00099061952315208858 0.45628740029807141054 
0.99999999600000011313 0.00000000099999999960 0.00000000099999999960 0.00000000099999999960 0.00000000099999999960 
0.00178134952163614096 0.00000000099999999999 0.40824012932014869248 0.36903922903797786725 0.22093929112023716343 
0.99999999600000011313 0.00000000099999999960 0.00000000099999999960 0.00000000099999999960 0.00000000099999999960 
0.00000000099999999989 0.51566536217158776001 0.48433463482841232484 0.00000000099999999989 0.00000000099999999989 
0.67646688179620384496 0.00000000099999999991 0.00000000099999999991 0.18554666662719582204 0.13798644957660055610 
0.34359239458667445444 0.00000000099999999997 0.42071769650841006616 0.23568990690491550821 0.00000000099999999997 
0.42386859546724525716 0.00000000099999999994 0.10798393385728945193 0.46814746867546525033 0.00000000099999999994 
0.03856301568208165415 0.00000000099999999998 0.09461509324625561046 0.31475079167925551493 0.55207109839240708915 
0.00000000099999999995 0.33134619744210724868 0.15896910976093903134 0.00000000099999999995 0.50968469079695355450 
0.33306769123326318560 0.00000000099999999995 0.55487502919788689315 0.00000000099999999995 0.11205727756884993618 
0.00000000099999999982 0.99999999600000011313 0.00000000099999999982 0.00000000099999999982 0.00000000099999999982 
0.18088513164828243229 0.00000000099999999987 0.00000000099999999987 0.81911486535171751378 0.00000000099999999987 
0.07716186300322383507 0.37806601463385641759 0.12540802470935363822 0.38551601343927099919 0.03384808421429499198 
0.16153686683480647512 0.00000000099999999980 0.00000000099999999980 0.00000000099999999980 0.83846313016519358197 
0.00000000099999999993 0.00000000099999999993 0.63715462543590439815 0.00000000099999999993 0.36284537156409552017 
0.00000000099999999994 0.00000000099999999994 0.38315445082536514487 0.17292232561757900355 0.44392322155705593589 
0.99999999600000011313 0.00000000099999999957 0.00000000099999999957 0.00000000099999999957 0.00000000099999999957 
0.00000000099999999985 0.00000000099999999985 0.00000000099999999985 0.00000000099999999985 0.99999999600000000211 
0.49214377469315279123 0.00000000099999999989 0.00000000099999999989 0.50785622230684712708 0.00000000099999999989 
0.00000000099999999983 0.00000000099999999983 0.00000000099999999983 0.00000000099999999983 0.99999999599999989108 
0.99999999600000000211 0.00000000099999999960 0.00000000099999999960 0.00000000099999999960 0.00000000099999999960 
0.99999999600000011313 0.00000000099999999958 0.00000000099999999958 0.00000000099999999958 0.00000000099999999958 
0.59486358505368652771 0.00000000099999999989 0.00000000099999999989 0.00000000099999999989 0.40513641194631372366 
0.00000000099999999986 0.59944180651491496548 0.40055819048508517488 0.00000000099999999986 0.00000000099999999986 
0.06746651291852946708 0.00000000099999999994 0.93253348408147052062 0.00000000099999999994 0.00000000099999999994 
0.00000000099999999991 0.00000000099999999991 0.00000000099999999991 0.00000000099999999991 0.99999999599999989108 
0.92881202583029098818 0.07118797116970899952 0.00000000099999999994 0.00000000099999999994 0.00000000099999999994 
0.10241108758077498153 0.00000000099999999994 0.47293578960759702356 0.42465312081162787106 0.00000000099999999994 
0.00000000099999999981 0.99999999600000000211 0.00000000099999999981 0.00000000099999999981 0.00000000099999999981 
0.56352623355610509392 0.00000000099999999984 0.00000000099999999984 0.00000000099999999984 0.43647376344389487990 
0.22653528291213581580 0.00000000099999999984 0.00000000099999999984 0.77346471408786421353 0.00000000099999999984 
0.78102449703718901386 0.00000000099999999987 0.00000000099999999987 0.21897549996281098772 0.00000000099999999987 
0.38592556607442973782 0.61407443092557034703 0.00000000099999999975 0.00000000099999999975 0.00000000099999999975 
0.99999999600000011313 0.00000000099999999950 0.00000000099999999950 0.00000000099999999950 0.00000000099999999950 
0.00000000099999999990 0.00000000099999999990 0.00000000099999999990 0.00000000099999999990 0.99999999600000000211 
0.15030554804766407817 0.84969444895233592341 0.00000000099999999983 0.00000000099999999983 0.00000000099999999983 
0.99999999600000000211 0.00000000099999999945 0.00000000099999999945 0.00000000099999999945 0.00000000099999999945 
0.34919771901548635196 0.03464149044283933165 0.11809731765780119572 0.00000000099999999999 0.49806347188387312119 
0.00000000099999999989 0.00000000099999999989 0.66093797128866227375 0.33906202571133770007 0.00000000099999999989 
0.43569874341866993150 0.00000000099999999993 0.00000000099999999993 0.43699521309458655427 0.12730604148674332099 
0.00000000099999999990 0.00000000099999999990 0.99999999600000000211 0.00000000099999999990 0.00000000099999999990 
0.99999999600000000211 0.00000000099999999979 0.00000000099999999979 0.00000000099999999979 0.00000000099999999979 
0.00000000099999999985 0.00000000099999999985 0.00000000099999999985 0.00000000099999999985 0.99999999599999989108 
0.17630938763549283688 0.00000000099999999990 0.00000000099999999990 0.00000000099999999990 0.82369060936450710919 
0.00000000099999999991 0.00000000099999999991 0.34395896263001890514 0.00000000099999999991 0.65604103436998117971 
0.00000000099999999993 0.00000000099999999993 0.00000000099999999993 0.99999999600000000211 0.00000000099999999993 
0.00003146622026759554 0.00000000099999999992 0.12697863225961705802 0.00000000099999999992 0.87298989952011529780 
0.00000000099999999985 0.99999999600000000211 0.00000000099999999985 0.00000000099999999985 0.00000000099999999985 
