0.18546060982356912805 0.81453938917643076145 0.00000000099999999991 
0.78843107134510592715 0.20833352395933529833 0.00323540469555876975 
0.26318365015771366666 0.21198566304110669223 0.52483068680117972438 
0.32142852470233540529 0.09270962114985110969 0.58586185414781355441 
0.81370662131959958785 0.00035686517751990860 0.18593651350288054047 
0.86833302149487667787 0.13166697227733473174 0.00000000622778863162 
0.57963029183666880950 0.33268368625057853638 0.08768602191275276514 
0.99999999800000005656 0.00000000099999999991 0.00000000099999999991 
0.00000000099999999990 0.99999999799999994554 0.00000000099999999990 
0.00000000099999999972 0.99999999800000005656 0.00000000099999999972 
0.00000000099999999994 0.28870890725854880809 0.71129109174145110916 
0.36472910883936232596 0.63527089016063764682 0.00000000099999999992 
0.26990971629231569340 0.28182283263257390526 0.44826745107511040134 
0.00000000099999999990 0.49645739233150171232 0.50354260666849814942 
0.00000000099999999972 0.99999999799999994554 0.00000000099999999972 
0.99999999800000005656 0.00000000099999999993 0.00000000099999999993 
0.23018056653382204524 0.00000071496438298436 0.76981871850179506289 
0.00000000099999999996 0.53371090465313875129 0.46628909434686116597 
0.38117300290267014384 0.33435724692154455973 0.28446975017578535194 
0.21673164248207621441 0.00007819313553483715 0.78319016438238886479 
0.04527521507412549800 0.95472478392587445395 0.00000000099999999991 
0.00000000099999999991 0.99999999800000005656 0.00000000099999999991 
0.32231592447890450304 0.36870381182950251464 0.30898026369159303783 
0.00000000099999999984 0.99999999799999994554 0.00000000099999999984 
0.10711573670118304524 0.74681912104053005397 0.14606514225828701181 
0.73162194445937778209 0.15441873253630480911 0.11395932300431738105 
0.00000000099999999975 0.99999999800000005656 0.00000000099999999975 
0.44070719015304010702 0.07643508353570598046 0.48285772631125400967 
0.00000000099999999978 0.99999999799999994554 0.00000000099999999978 
0.43826888851413742243 0.08525685325237393475 0.47647425823348860119 
0.00000000099999999978 0.99999999800000005656 0.00000000099999999978 
0.92737364749899109384 0.00000000099999999997 0.07262635150100893444 
0.00000000099999999995 0.72510031819260867270 0.27489968080739130007 
0.33487888652009012436 0.38001388504723404571 0.28510722843267594095 
0.00000000099999999999 0.49353584020452795356 0.50646415879547201921 
0.11063253869606128055 0.14455167396921883571 0.74481578733471998088 
0.41528739045325391288 0.00000001180387463037 0.58471259774287143163 
0.22087551339734701195 0.37795422438608844429 0.40117026221656454377 
0.86288643179353807788 0.00000000099999999997 0.13711356720646206142 
0.13388617687410703239 0.29416941583775491065 0.57194440728813811248 
0.53157030767310819996 0.15124606905500936893 0.31718362327188248662 
0.00000000099999999991 0.28347903628080706184 0.71652096271919285542 
0.46756293528470832532 0.00000000240093426284 0.53243706231435738996 
0.20007846503824200379 0.00000194183300856596 0.79991959312874949539 
0.00000000099999999977 0.99999999800000005656 0.00000000099999999977 
0.00000000099999999993 0.10310565027951246186 0.89689434872048745540 
0.00000000099999999997 0.53798068055721803837 0.46201931844278187889 
0.00000000099999999993 0.07380132303656493364 0.92619867596343508076 
0.00000000099999999978 0.99999999800000005656 0.00000000099999999978 
0.00000000099999999976 0.99999999800000005656 0.00000000099999999976 
0.00000000099999999994 0.65427000785788003157 0.34572999114212005223 
0.99999999800000005656 0.00000000099999999991 0.00000000099999999991 
0.65244894368357242431 0.08441051711157873672 0.26314053920484886673 
0.00000000099999999995 0.00000000099999999995 0.99999999800000005656 
0.04921279285403764442 0.95078720614596234917 0.00000000099999999995 
0.52019586089060654288 0.18528023676685351218 0.29452390234253988943 
0.82723164373725555087 0.08748896472820508197 0.08527939153453922838 
0.00000000099999999992 0.61435458696851141802 0.38564541203148861026 
0.00000017992164827132 0.35040565649252436442 0.64959416358582733331 
0.00000000099999999996 0.81922789171312349055 0.18077210728687645447 
0.49520876585723483387 0.50479123314276497236 0.00000000099999999993 
0.00000000099999999972 0.99999999800000005656 0.00000000099999999972 
0.00000000099999999996 0.08623671873484413386 0.91376328026515596381 
0.69600933408584453321 0.30399066491415538405 0.00000000099999999995 
0.00000000099999999970 0.99999999800000005656 0.00000000099999999970 
0.06866667581775941220 0.42260232049069351712 0.50873100369154711231 
0.75983828670976161224 0.00000000099999999998 0.24016171229023847156 
0.07979455140676125491 0.49868524483227100186 0.42152020376096771548 
0.73944518453687135828 0.00096647437956852347 0.25958834108356015902 
0.00000000099999999988 0.99999999799999994554 0.00000000099999999988 
0.00000000099999999994 0.08517729578408975155 0.91482270321591019346 
0.00000000099999999994 0.27789975453601173383 0.72210024446398834996 
0.20625099650003697604 0.00000000099999999999 0.79374900249996294122 
0.21924305816693034910 0.11084381112637015088 0.66991313070669955554 
0.00000000099999999997 0.11250847946363336238 0.88749151953636651324 
0.99999999799999994554 0.00000000099999999992 0.00000000099999999992 
