0.00000000099999999972 0.76665310355613169868 0.23334689244386838669 0.00000000099999999972 0.00000000099999999972 0.00000000099999999972 
0.00000000099999999978 0.00000000099999999978 0.00000000099999999978 0.00000000099999999978 0.99999999500000003039 0.00000000099999999978 
0.32085388194285074936 0.09680088954294520376 0.29757867887427019715 0.28465625588684340119 0.00011029275309034447 0.00000000099999999997 
0.00000000099999999996 0.00000000099999999996 0.00000000099999999996 0.67213624517594106056 0.18781743421036148356 0.14004631761369745746 
0.00000000099999999991 0.00000000099999999991 0.00000000099999999991 0.00000000099999999991 0.43190882752690235025 0.56809116847309770737 
0.00000000099999999995 0.00000000099999999995 0.52714532881612119475 0.00000000099999999995 0.00000000099999999995 0.47285466718387891838 
0.00000000099999999988 0.15024087889419371344 0.46559197727740098127 0.38416714082840547340 0.00000000099999999988 0.00000000099999999988 
0.00000000099999999982 0.00000000099999999982 0.76394930268418304031 0.00000000099999999982 0.00000000099999999982 0.23605069331581698955 
0.00000000099999999982 0.99999999500000014141 0.00000000099999999982 0.00000000099999999982 0.00000000099999999982 0.00000000099999999982 
0.00000000099999999937 0.99999999500000014141 0.00000000099999999937 0.00000000099999999937 0.00000000099999999937 0.00000000099999999937 
0.80112488405274828729 0.19887511194725179808 0.00000000099999999987 0.00000000099999999987 0.00000000099999999987 0.00000000099999999987 
0.00000000099999999985 0.58501022041247874306 0.34168021710861062878 0.00000000099999999985 0.07330955947891050484 0.00000000099999999985 
0.09903182678889983770 0.17120620818639536997 0.00000000099999999995 0.40926243164562453591 0.32049953137908021583 0.00000000099999999995 
0.61520477491892644473 0.38479522108107366840 0.00000000099999999969 0.00000000099999999969 0.00000000099999999969 0.00000000099999999969 
0.00000000099999999937 0.99999999500000003039 0.00000000099999999937 0.00000000099999999937 0.00000000099999999937 0.00000000099999999937 
0.00000000099999999986 0.00000000099999999986 0.99999999499999991937 0.00000000099999999986 0.00000000099999999986 0.00000000099999999986 
0.57930843455997071967 0.00000000099999999990 0.00000000099999999990 0.00000000099999999990 0.15218408680382750076 0.26850747563620180891 
0.54102646640966134406 0.45897352959033882458 0.00000000099999999991 0.00000000099999999991 0.00000000099999999991 0.00000000099999999991 
0.00000000099999999994 0.21558011462155524107 0.11289104667962363004 0.40836802121016263500 0.00000000099999999994 0.26316081548865843942 
0.67689851841463322124 0.00000000099999999997 0.02919745636551270354 0.00000000099999999997 0.00000011715951954688 0.29390390606033439669 
0.00000000099999999982 0.94316522273972080992 0.00000000099999999982 0.00000000099999999982 0.05683477326027915055 0.00000000099999999982 
0.00000000099999999980 0.99999999500000014141 0.00000000099999999980 0.00000000099999999980 0.00000000099999999980 0.00000000099999999980 
0.00000000099999999990 0.34017542635128961148 0.00000000099999999990 0.00000001059103024411 0.00000000099999999990 0.65982456005767997631 
0.00000000099999999961 0.99999999500000014141 0.00000000099999999961 0.00000000099999999961 0.00000000099999999961 0.00000000099999999961 
0.00000000099999999992 0.71188035486850465006 0.00000000099999999992 0.10052121833805358064 0.13835853106271711610 0.04923989373072469589 
0.00000000099999999978 0.00000000099999999978 0.00000000099999999978 0.00000000099999999978 0.00000000099999999978 0.99999999500000003039 
0.00000000099999999944 0.99999999500000003039 0.00000000099999999944 0.00000000099999999944 0.00000000099999999944 0.00000000099999999944 
0.41142749104474390931 0.00000000099999999996 0.37660621640884711647 0.00000000099999999996 0.00000000099999999996 0.21196628954640905906 
0.00000000099999999951 0.99999999500000014141 0.00000000099999999951 0.00000000099999999951 0.00000000099999999951 0.00000000099999999951 
0.25966059574298572254 0.00192467167989134286 0.00000000099999999999 0.25053622058536356709 0.39187475133157328999 0.09600375966018605267 
0.00000000099999999952 0.99999999500000014141 0.00000000099999999952 0.00000000099999999952 0.00000000099999999952 0.00000000099999999952 
0.00000000099999999984 0.00000000099999999984 0.38723188829950583312 0.00000000099999999984 0.00000000099999999984 0.61276810770049416899 
0.00000000099999999985 0.68021904075099171028 0.00000000099999999985 0.31978095524900834734 0.00000000099999999985 0.00000000099999999985 
0.00000000099999999992 0.31484455155877821841 0.00000000099999999992 0.22249595639207844777 0.00000000099999999992 0.46265948904914333539 
0.00000000099999999991 0.39521201917256670866 0.00000000099999999991 0.42485753390042757527 0.00000000099999999991 0.17993044392700566214 
0.52866726728774304789 0.01822393283261439581 0.00000000099999999996 0.30302110792203768019 0.00000000099999999996 0.15008768995760490839 
0.52444274113129896175 0.00000000099999999994 0.31117424480162675371 0.00000000099999999994 0.16438301106707428612 0.00000000099999999994 
0.10236757233976613579 0.30617918264616406088 0.00000000099999999995 0.09834698636244497416 0.33177703843818895368 0.16132921921343582050 
0.00000000099999999977 0.00000000099999999977 0.99999999500000003039 0.00000000099999999977 0.00000000099999999977 0.00000000099999999977 
0.00000000099999999983 0.14255316836965345462 0.00000000099999999983 0.85744682763034663076 0.00000000099999999983 0.00000000099999999983 
0.02597305897458217563 0.04983089376704687851 0.36792932087297824939 0.34163206166400639230 0.08727507323360465807 0.12735959148778155936 
0.83989695790698848388 0.16010303809301162925 0.00000000099999999975 0.00000000099999999975 0.00000000099999999975 0.00000000099999999975 
0.16625176487419054960 0.00000000099999999987 0.00000000099999999987 0.00000000099999999987 0.00000000099999999987 0.83374823112580953577 
0.43897318667569823480 0.00000000099999999994 0.00000000099999999994 0.11081991439444188741 0.13840519827927563745 0.31180169865058410261 
0.00000000099999999947 0.99999999500000003039 0.00000000099999999947 0.00000000099999999947 0.00000000099999999947 0.00000000099999999947 
0.99999999500000014141 0.00000000099999999981 0.00000000099999999981 0.00000000099999999981 0.00000000099999999981 0.00000000099999999981 
0.00000000099999999982 0.45420451061316152730 0.00000000099999999982 0.54579548538683853032 0.00000000099999999982 0.00000000099999999982 
0.99999999500000003039 0.00000000099999999978 0.00000000099999999978 0.00000000099999999978 0.00000000099999999978 0.00000000099999999978 
0.00000000099999999954 0.99999999500000003039 0.00000000099999999954 0.00000000099999999954 0.00000000099999999954 0.00000000099999999954 
0.00000000099999999949 0.99999999500000014141 0.00000000099999999949 0.00000000099999999949 0.00000000099999999949 0.00000000099999999949 
0.40696955071261498027 0.59303044528738513286 0.00000000099999999986 0.00000000099999999986 0.00000000099999999986 0.00000000099999999986 
0.00000000099999999985 0.00000000099999999985 0.61254062305114054254 0.00000000099999999985 0.38745937294885934854 0.00000000099999999985 
0.00000000099999999983 0.00000000099999999983 0.00000000099999999983 0.00000000099999999983 0.99999999500000003039 0.00000000099999999983 
0.99999981401793736069 0.00000000099999999989 0.00000000099999999989 0.00000000099999999989 0.00000000099999999989 0.00000018198206279740 
0.00000000099999999980 0.89622770431511178391 0.00000000099999999980 0.00000000099999999980 0.00000000099999999980 0.10377229168488842637 
0.00000000099999999993 0.07067378630228182690 0.00000000099999999993 0.32298515246700948422 0.18303362778426288116 0.42330743144644583653 
0.00000000099999999972 0.00000000099999999972 0.99999999499999991937 0.00000000099999999972 0.00000000099999999972 0.00000000099999999972 
0.44031250986427999949 0.55968748613572005812 0.00000000099999999980 0.00000000099999999980 0.00000000099999999980 0.00000000099999999980 
0.00000000099999999978 0.18259239100918139842 0.00000000099999999978 0.81740760499081865920 0.00000000099999999978 0.00000000099999999978 
0.00000000099999999982 0.76917163362700935458 0.00000000099999999982 0.23082836237299070303 0.00000000099999999982 0.00000000099999999982 
0.00000000099999999967 0.36739698657354258327 0.63260300942645730782 0.00000000099999999967 0.00000000099999999967 0.00000000099999999967 
0.00000000099999999937 0.99999999500000003039 0.00000000099999999937 0.00000000099999999937 0.00000000099999999937 0.00000000099999999937 
0.99999999500000003039 0.00000000099999999988 0.00000000099999999988 0.00000000099999999988 0.00000000099999999988 0.00000000099999999988 
0.00000000099999999977 0.12995106650090312850 0.87004892949909684585 0.00000000099999999977 0.00000000099999999977 0.00000000099999999977 
0.00000000099999999933 0.99999999500000014141 0.00000000099999999933 0.00000000099999999933 0.00000000099999999933 0.00000000099999999933 
0.53999638260291094038 0.34939583941793800337 0.04363265040922288673 0.00000007761686344750 0.06697504895306480299 0.00000000099999999999 
0.00000000099999999978 0.00000000099999999978 0.00000000099999999978 0.00000000099999999978 0.99999999499999991937 0.00000000099999999978 
0.13697283447607541684 0.42339773938621516614 0.00000000099999999995 0.43962942313770947411 0.00000000099999999995 0.00000000099999999995 
0.00000000099999999992 0.00000000099999999992 0.00000000099999999992 0.00000000099999999992 0.86750706976247804469 0.13249292623752195741 
0.00000000099999999972 0.99999999500000014141 0.00000000099999999972 0.00000000099999999972 0.00000000099999999972 0.00000000099999999972 
0.99999999500000003039 0.00000000099999999981 0.00000000099999999981 0.00000000099999999981 0.00000000099999999981 0.00000000099999999981 
0.82580468536800044621 0.17419531063199952814 0.00000000099999999986 0.00000000099999999986 0.00000000099999999986 0.00000000099999999986 
0.57466492583450146103 0.00000000099999999984 0.00000000099999999984 0.00000000099999999984 0.00000000099999999984 0.42533507016549854107 
0.00000000099999999990 0.00000000099999999990 0.00000000099999999990 0.86843678626522202713 0.13156320973477794722 0.00000000099999999990 
0.88058980017411436769 0.01862625139348201078 0.00000000099999999992 0.00000000099999999992 0.00000000099999999992 0.10078394543240358494 
0.00000000099999999980 0.00000000099999999980 0.79264846467106286898 0.00000000099999999980 0.20735153132893718864 0.00000000099999999980 
