0.00000000099999999984 0.21499548392131370700 0.00000000099999999984 0.78500451407868643283 
0.00000000099999999997 0.32139853271387819333 0.51087007403704198794 0.16773139224907995803 
0.43856629870726010489 0.24551938284923444100 0.15962234306303541009 0.15629197538046998850 
0.14993658673946924642 0.00000000099999999996 0.73826929039778976804 0.11179412186274097218 
0.00000000957394055627 0.24330966695488631668 0.75669032247117307133 0.00000000099999999999 
0.00000000099999999998 0.54034735231705033343 0.38328262703534299316 0.07637001964760682660 
0.00000000099999999998 0.43278205263442953710 0.26118627332771415794 0.30603167303785622222 
0.00000000099999999989 0.99999999700000008485 0.00000000099999999989 0.00000000099999999989 
0.00000000099999999987 0.00000000099999999987 0.00000000099999999987 0.99999999699999997382 
0.00000000099999999960 0.00000000099999999960 0.00000000099999999960 0.99999999699999997382 
0.79434463132463517532 0.00000000099999999991 0.00000000099999999991 0.20565536667536488125 
0.00000000099999999990 0.38187503537484751570 0.00000000099999999990 0.61812496262515259637 
0.18798772277485062410 0.00000000099999999998 0.53290031234380941250 0.27911196388133990842 
0.60374411759730528537 0.00000000099999999982 0.00000000099999999982 0.39625588040269477119 
0.00000000099999999960 0.00000000099999999960 0.00000000099999999960 0.99999999699999997382 
0.00000000099999999990 0.99999999700000008485 0.00000000099999999990 0.00000000099999999990 
0.64114726951312961400 0.00000000099999999997 0.35885272848687027603 0.00000000099999999997 
0.54238937601943559841 0.00000000099999999993 0.00000000099999999993 0.45761062198056440264 
0.00000000099999999998 0.11310722913256858468 0.53204241387762551962 0.35485035598980585458 
0.77616186666682962514 0.21943060501908484561 0.00000000100000000000 0.00440752731408553845 
0.00000000099999999990 0.00000000099999999990 0.04955096554943250881 0.95044903245056755470 
0.00000000099999999987 0.00000000099999999987 0.00000000099999999987 0.99999999699999997382 
0.00000000099999999997 0.00000000099999999997 0.59396300941789559324 0.40603698858210429679 
0.00000000099999999977 0.00000000099999999977 0.00000000099999999977 0.99999999699999997382 
0.00000000099999999992 0.00000000099999999992 0.24593208908259558965 0.75406790891740449467 
0.00000000099999999996 0.18168985042235383243 0.71673536726410458364 0.10157478131354154283 
0.00000000099999999964 0.00000000099999999964 0.00000000099999999964 0.99999999699999997382 
0.44967156431404037287 0.41492746573656585918 0.13018321614783903706 0.00521775380155471962 
0.00000000099999999970 0.00000000099999999970 0.00000000099999999970 0.99999999699999997382 
0.25681766492878110864 0.02862646626128104513 0.61886168312112899148 0.09569418568880885823 
0.00000000099999999968 0.00000000099999999968 0.00000000099999999968 0.99999999699999997382 
0.06051483852078885783 0.93948503948797512653 0.00000012099123603055 0.00000000099999999998 
0.31549998726977329655 0.00000000099999999994 0.00000000099999999994 0.68450001073022659348 
0.00000000099999999997 0.00000000099999999997 0.57711045470472210894 0.42288954329527783660 
0.00000000350523174675 0.00000000099999999995 0.49151129264501447480 0.50848870284975367095 
0.58461661684388455118 0.00000000099999999996 0.33529358348268945011 0.08008979867342608250 
0.60085576667102191806 0.39914423132897808300 0.00000000099999999996 0.00000000099999999996 
0.06241058081336127439 0.00000000099999999998 0.52280444125749570006 0.41478497692914306771 
0.00000000099999999988 0.99999999699999997382 0.00000000099999999988 0.00000000099999999988 
0.00000000099999999994 0.00000000099999999994 0.66416804629141723559 0.33583195170858259893 
0.11564103645985687741 0.29878587098644315834 0.43476944024707608882 0.15080365230662381992 
0.82895288946081346904 0.00000000099999999985 0.00000000099999999985 0.17104710853918661528 
0.36517555215073765895 0.20796166030627136201 0.42686278654299103508 0.00000000099999999999 
0.47821377771628553743 0.00000000099999999996 0.52178622028371446362 0.00000000099999999996 
0.00000000099999999966 0.00000000099999999966 0.00000000099999999966 0.99999999699999997382 
0.99999999699999997382 0.00000000099999999988 0.00000000099999999988 0.00000000099999999988 
0.22121748889059691945 0.00000000099999999995 0.26866495409428486907 0.51011755601511821201 
0.99999999700000008485 0.00000000099999999987 0.00000000099999999987 0.00000000099999999987 
0.00000000099999999971 0.00000000099999999971 0.00000000099999999971 0.99999999700000008485 
0.00000000099999999966 0.00000000099999999966 0.00000000099999999966 0.99999999699999997382 
0.39715583682181693215 0.00000000099999999991 0.00000000099999999991 0.60284416117818306891 
0.00000000099999999995 0.85315609350890142526 0.14684390449109857579 0.00000000099999999995 
0.00000000099999999999 0.28693645725365307664 0.63613449252182618920 0.07692904922452079020 
0.99999999091356728265 0.00000000099999999992 0.00000000708643267733 0.00000000099999999992 
0.00000000099999999994 0.05916699879365718007 0.00000000099999999994 0.94083299920634289037 
0.00000000099999999994 0.00000000099999999994 0.77522298091515839946 0.22477701708484157384 
0.00000000099999999990 0.99999999700000008485 0.00000000099999999990 0.00000000099999999990 
0.43186160247106741839 0.00000000099999999986 0.00000000099999999986 0.56813839552893263818 
0.13367032595810612872 0.00000000099999999993 0.50490890567146473611 0.36142076737042921897 
0.00000000099999999995 0.00000000099999999995 0.17191521198327563980 0.82808478601672441677 
0.00000000099999999984 0.57205305011232809864 0.00000000099999999984 0.42794694788767184690 
0.00000000099999999960 0.00000000099999999960 0.00000000099999999960 0.99999999700000008485 
0.99999999699999997382 0.00000000099999999993 0.00000000099999999993 0.00000000099999999993 
0.00000000099999999988 0.81395890061435827167 0.00000000099999999988 0.18604109738564181264 
0.00000000099999999957 0.00000000099999999957 0.00000000099999999957 0.99999999700000008485 
0.56984253643985272042 0.08170706059944822519 0.00000000099999999999 0.34845040196069904104 
0.00000000099999999994 0.15516513009637333820 0.84483486790362649632 0.00000000099999999994 
0.25680681994838816529 0.00000000099999999997 0.26329522041941288979 0.47989795863219880667 
0.03973189784020508125 0.30265736588518182826 0.65761073527461311183 0.00000000100000000000 
0.00000000099999999984 0.00000000099999999984 0.00000000099999999984 0.99999999699999997382 
0.99999999699999997382 0.00000000099999999989 0.00000000099999999989 0.00000000099999999989 
0.81638802134903998287 0.00000000099999999992 0.00000000099999999992 0.18361197665096001819 
0.65649630712063233862 0.04851462291539745258 0.29498906896397014687 0.00000000099999999998 
0.17871037135589429301 0.00000000099999999994 0.70771221433338482587 0.11357741331072088165 
0.88222542572616147183 0.00000000099999999997 0.06594892720257039542 0.05182564607126823736 
0.00000000099999999987 0.99999999700000008485 0.00000000099999999987 0.00000000099999999987 
