0.00000000099999999984 0.78372879058503175376 0.21627120741496824730 0.00000000099999999984 
0.52593359381722071255 0.16889374296861520142 0.30517266221416411431 0.00000000099999999997 
0.12099578567246378757 0.15069558702876706402 0.26415699848178170184 0.46415162881698751596 
0.71387055371992136354 0.10829887476964149273 0.00000000099999999996 0.17783057051043710262 
0.77877408040626205921 0.00000000099999999999 0.22122257347179646869 0.00000334512194154216 
0.39820129867215570130 0.07463598216979686062 0.52716271815804738310 0.00000000099999999998 
0.24318530939125532209 0.30395001892780681985 0.45286467068093771982 0.00000000099999999999 
0.00000000099999999990 0.00000000099999999990 0.99999999699999986280 0.00000000099999999990 
0.00000000099999999986 0.99999999700000008485 0.00000000099999999986 0.00000000099999999986 
0.00000000099999999960 0.99999999699999997382 0.00000000099999999960 0.00000000099999999960 
0.00000000099999999991 0.20480699333330165679 0.00000000099999999991 0.79519300466669839977 
0.00000000099999999990 0.61470294319969043251 0.38529705480030951303 0.00000000099999999990 
0.52745780684105936231 0.28227871783129138139 0.00000000099999999997 0.19026347432764922907 
0.00000000099999999982 0.39758918325809738947 0.00000000099999999982 0.60241081474190250056 
0.00000000099999999960 0.99999999699999997382 0.00000000099999999960 0.00000000099999999960 
0.00000000099999999990 0.00000000099999999990 0.99999999699999986280 0.00000000099999999990 
0.38284096345210250067 0.00000000099999999997 0.00000000099999999997 0.61715903454789744487 
0.00000000099999999993 0.45998484142809686892 0.00000000099999999993 0.54001515657190302111 
0.54455189862971087322 0.36017994586170448690 0.09526815450858470979 0.00000000099999999998 
0.00000016060342185034 0.00591489647948143654 0.21993307741102285924 0.77415186550607395510 
0.04949757141643847114 0.95050242658356143277 0.00000000099999999989 0.00000000099999999989 
0.00000000099999999987 0.99999999699999997382 0.00000000099999999987 0.00000000099999999987 
0.59082622081655988833 0.40917377718344022375 0.00000000099999999998 0.00000000099999999998 
0.00000000099999999977 0.99999999700000008485 0.00000000099999999977 0.00000000099999999977 
0.24610713002176770603 0.75389286797823229502 0.00000000099999999992 0.00000000099999999992 
0.74369673823329773832 0.10157571189416153556 0.15472754887254075440 0.00000000099999999996 
0.00000000099999999964 0.99999999699999997382 0.00000000099999999964 0.00000000099999999964 
0.15625133197530025053 0.00526637678360825350 0.39622844778435800661 0.44225384345673346420 
0.00000000099999999970 0.99999999700000008485 0.00000000099999999970 0.00000000099999999970 
0.63457829615862137995 0.10035251499680335197 0.00679512695347181915 0.25827406189110346801 
0.00000000099999999968 0.99999999699999997382 0.00000000099999999968 0.00000000099999999968 
0.18571024574842306953 0.00000000099999999997 0.81424511063728655103 0.00004464261429054279 
0.00000000099999999994 0.68420129028585308095 0.00000000099999999994 0.31579870771414697561 
0.57420658196904927895 0.42579341603095077762 0.00000000099999999997 0.00000000099999999997 
0.41140119916394773947 0.47894378782900742797 0.00000000099999999995 0.10965501200704490248 
0.33013446490449299686 0.07906715547238123143 0.00000000099999999996 0.59079837862312578611 
0.00000083332713248697 0.00000000099999999997 0.40388634830645991913 0.59611281736640764350 
0.52456214765497433117 0.41464890632884238153 0.00000000099999999997 0.06078894501618323926 
0.00000000099999999987 0.00000000099999999987 0.99999999699999986280 0.00000000099999999987 
0.65695802626249599765 0.34304190527068834093 0.00000000099999999995 0.00000006746681575774 
0.41869912922592977811 0.14705979292800824831 0.30157601959123303548 0.13266505825482888259 
0.00000000099999999985 0.17041689197122078525 0.00000000099999999985 0.82958310602877927131 
0.46004963857701464125 0.00000000099999999999 0.18279357154130104757 0.35715678888168422844 
0.51649887518880599480 0.00000000099999999996 0.00000000099999999996 0.48350112281119400626 
0.00000000099999999966 0.99999999699999997382 0.00000000099999999966 0.00000000099999999966 
0.00000000099999999988 0.00000000099999999988 0.00000000099999999988 0.99999999699999997382 
0.25162509229343699158 0.50784448997417819260 0.00000000099999999996 0.24053041673238481635 
0.00000000099999999987 0.00000000099999999987 0.00000000099999999987 0.99999999700000008485 
0.00000000099999999972 0.99999999699999997382 0.00000000099999999972 0.00000000099999999972 
0.00000000099999999966 0.99999999699999997382 0.00000000099999999966 0.00000000099999999966 
0.00000000099999999991 0.60322171761221943243 0.00000000099999999991 0.39677828038778062414 
0.16337958684324319081 0.00000000099999999994 0.83662041115675667147 0.00000000099999999994 
0.64886801497663493254 0.08035887727338457409 0.27077310674998045226 0.00000000099999999999 
0.00801278861820772792 0.00000000099999999992 0.00000000099999999992 0.99198720938179230089 
0.00000000099999999994 0.94164984408460350451 0.05835015391539660062 0.00000000099999999994 
0.77204939587835463843 0.22795060212164530711 0.00000000099999999994 0.00000000099999999994 
0.00000000099999999989 0.00000000099999999989 0.99999999699999986280 0.00000000099999999989 
0.00000000099999999986 0.56873319808132560826 0.00000000099999999986 0.43126679991867439279 
0.46891374805096669443 0.35059529543912737459 0.00000000099999999993 0.18049095550990604253 
0.10179307321205244286 0.81225047031727071190 0.00000000099999999995 0.08595645547067702619 
0.00000000099999999983 0.41974254752476281016 0.58025745047523713538 0.00000000099999999983 
0.00000000099999999960 0.99999999700000008485 0.00000000099999999960 0.00000000099999999960 
0.00000000099999999994 0.00000000099999999994 0.00000000099999999994 0.99999999699999997382 
0.00000000099999999988 0.17844777333942604680 0.82155222466057387098 0.00000000099999999988 
0.00000000099999999958 0.99999999700000008485 0.00000000099999999958 0.00000000099999999958 
0.00000000099999999999 0.34894293224071243342 0.08351475867031075973 0.56754230808897687677 
0.86036079988815827857 0.00000000099999999994 0.13963919811184166697 0.00000000099999999994 
0.25864737507500146219 0.47947554383661339372 0.00000000099999999997 0.26187708008838528340 
0.66203028912659267480 0.00000075569204623854 0.29668141828365063306 0.04128753689771035018 
0.00000000099999999984 0.99999999700000008485 0.00000000099999999984 0.00000000099999999984 
0.00000000099999999989 0.00000000099999999989 0.00000000099999999989 0.99999999699999997382 
0.00000000099999999992 0.18535531187435730360 0.00000000099999999992 0.81464468612564266969 
0.32195429687223597881 0.00000000099999999998 0.03774315581058437785 0.64030254631717975489 
0.68202480563551470816 0.10767151683241320270 0.00000000099999999994 0.21030367653207199252 
0.07689251392216694958 0.05003626716672854996 0.00000000099999999997 0.87307121791110453568 
0.00000000099999999987 0.00000000099999999987 0.99999999699999986280 0.00000000099999999987 
