0.00000000099999999984 0.21499533299763787242 0.00000000099999999984 0.78500466500236221190 
0.51090828169836655093 0.32135295305171712732 0.00000000099999999997 0.16773876424991623901 
0.15959803168231478931 0.24553010690197324406 0.43857890821913636525 0.15629295319657549035 
0.73823599566328323984 0.00000000099999999996 0.14997215140237210584 0.11179185193434479362 
0.75668568581069861612 0.24331422784093043044 0.00000008534837085355 0.00000000099999999999 
0.38327685379134579513 0.54035200522195714345 0.00000000099999999998 0.07637113998669702031 
0.26118193045819509956 0.43278170299860535541 0.00000000099999999998 0.30603636554319946228 
0.00000000099999999989 0.99999999700000008485 0.00000000099999999989 0.00000000099999999989 
0.00000000099999999987 0.00000000099999999987 0.00000000099999999987 0.99999999700000008485 
0.00000000099999999960 0.00000000099999999960 0.00000000099999999960 0.99999999700000008485 
0.00000000099999999991 0.00000000099999999991 0.79433875513370177934 0.20566124286629819395 
0.00000000099999999990 0.38187320859013801355 0.00000000099999999990 0.61812678940986198750 
0.53290487752914716957 0.00000000099999999998 0.18798194273250304343 0.27911317873834989856 
0.00000000099999999982 0.00000000099999999982 0.60373830611918588573 0.39626169188081405981 
0.00000000099999999960 0.00000000099999999960 0.00000000099999999960 0.99999999700000008485 
0.00000000099999999990 0.99999999700000008485 0.00000000099999999990 0.00000000099999999990 
0.35886055196572935744 0.00000000099999999997 0.64113944603427053259 0.00000000099999999997 
0.00000000099999999993 0.00000000099999999993 0.54238429064215543107 0.45761570735784456998 
0.53181677979212460539 0.11336608983438054010 0.00000000099999999998 0.35481712937349485504 
0.00000000100000000000 0.21942412960304222280 0.77614641634161307682 0.00442945305534473040 
0.04955025585732814736 0.00000000099999999990 0.00000000099999999990 0.95044974214267174961 
0.00000000099999999987 0.00000000099999999987 0.00000000099999999987 0.99999999700000008485 
0.59395535978206548400 0.00000000099999999997 0.00000000099999999997 0.40604463821793451705 
0.00000000099999999977 0.00000000099999999977 0.00000000099999999977 0.99999999700000008485 
0.24593299309950902853 0.00000000099999999992 0.00000000099999999992 0.75406700490049094476 
0.71668490163796505499 0.18175872045350732753 0.00000000099999999996 0.10155637690852760413 
0.00000000099999999964 0.00000000099999999964 0.00000000099999999964 0.99999999699999997382 
0.13014900237678733719 0.41489850649237369762 0.44958492777848285682 0.00536756335235590194 
0.00000000099999999970 0.00000000099999999970 0.00000000099999999970 0.99999999699999997382 
0.61886082351277016400 0.02861679213276777448 0.25682094738426985980 0.09570143697019226070 
0.00000000099999999968 0.00000000099999999968 0.00000000099999999968 0.99999999699999997382 
0.00000013431414198786 0.93946386554040872685 0.06053599914544927768 0.00000000099999999998 
0.00000000099999999994 0.00000000099999999994 0.31550053950756123955 0.68449945849243887253 
0.57710567315150107515 0.00000000099999999997 0.00000000099999999997 0.42289432484849892591 
0.49150810508677977850 0.00000000099999999995 0.00000000376142804933 0.50849189015179219187 
0.33529569958061500312 0.00000000099999999996 0.58460192145902811767 0.08010237796035681035 
0.00000000099999999996 0.39913767186206372539 0.60086232613793633117 0.00000000099999999996 
0.52280762359647425797 0.00000000099999999998 0.06240375945196842411 0.41478861595155730457 
0.00000000099999999988 0.99999999700000008485 0.00000000099999999988 0.00000000099999999988 
0.66416014998547456827 0.00000000099999999994 0.00000000099999999994 0.33583984801452543278 
0.43476385774567377629 0.29878695092430856972 0.11564267190982199796 0.15080651942019579481 
0.00000000099999999985 0.00000000099999999985 0.82894102759668841784 0.17105897040331147219 
0.42685326586700744755 0.20796315523335015540 0.36518357789964239757 0.00000000099999999999 
0.52179066118914263495 0.00000000099999999996 0.47820933681085747713 0.00000000099999999996 
0.00000000099999999966 0.00000000099999999966 0.00000000099999999966 0.99999999700000008485 
0.00000000099999999988 0.00000000099999999988 0.99999999699999997382 0.00000000099999999988 
0.26865610393634897779 0.00000000099999999995 0.22122647613578910741 0.51011741892786188757 
0.00000000099999999987 0.00000000099999999987 0.99999999699999986280 0.00000000099999999987 
0.00000000099999999971 0.00000000099999999971 0.00000000099999999971 0.99999999700000008485 
0.00000000099999999966 0.00000000099999999966 0.00000000099999999966 0.99999999700000008485 
0.00000000099999999991 0.00000000099999999991 0.39715513140930641667 0.60284486659069358439 
0.14686471735955644591 0.85313528064044363841 0.00000000099999999995 0.00000000099999999995 
0.63615417455531664270 0.28691874747316126193 0.00000000099999999999 0.07692707697152209589 
0.00000000727643875025 0.00000000099999999992 0.99999999072356116070 0.00000000099999999992 
0.00000000099999999994 0.05917550946417483165 0.00000000099999999994 0.94082448853582523185 
0.77522112648480134833 0.00000000099999999994 0.00000000099999999994 0.22477887151519862496 
0.00000000099999999990 0.99999999700000008485 0.00000000099999999990 0.00000000099999999990 
0.00000000099999999986 0.00000000099999999986 0.43186030547310644279 0.56813969252689366929 
0.50487662958982715278 0.00000000099999999993 0.13371666708334697948 0.36140670232682603480 
0.17191960834343092412 0.00000000099999999995 0.00000000099999999995 0.82808038965656904917 
0.00000000099999999984 0.57205226091069916183 0.00000000099999999984 0.42794773708930106126 
0.00000000099999999960 0.00000000099999999960 0.00000000099999999960 0.99999999699999997382 
0.00000000099999999993 0.00000000099999999993 0.99999999699999997382 0.00000000099999999993 
0.00000000099999999988 0.81395915651100392285 0.00000000099999999988 0.18604084148899624473 
0.00000000099999999957 0.00000000099999999957 0.00000000099999999957 0.99999999700000008485 
0.00000000099999999999 0.08170134656973850051 0.56984271819566323369 0.34845593423459819693 
0.84486122627079562886 0.15513877172920448322 0.00000000099999999994 0.00000000099999999994 
0.26326934209525842956 0.00000000099999999997 0.25683452215802599072 0.47989613474671566351 
0.65768651988532544905 0.30259423393440981753 0.03971924518026468537 0.00000000100000000000 
0.00000000099999999984 0.00000000099999999984 0.00000000099999999984 0.99999999699999997382 
0.00000000099999999989 0.00000000099999999989 0.99999999699999997382 0.00000000099999999989 
0.00000000099999999992 0.00000000099999999992 0.81637779676696831110 0.18362220123303149566 
0.29495026683445862981 0.04853205443163163824 0.65651767773390967697 0.00000000099999999998 
0.70769793801333702454 0.00000000099999999994 0.17872840173642323691 0.11357365925023976683 
0.06596596433938423099 0.00000000099999999997 0.88221719751483396177 0.05181683714578173838 
0.00000000099999999987 0.99999999699999997382 0.00000000099999999987 0.00000000099999999987 
