0.00000000099999999937 0.00000000099999999937 0.00000000099999999937 0.00000000099999999937 0.66758632296854536481 0.33241367003145466663 0.00000000099999999937 0.00000000099999999937 0.00000000099999999937 
0.00000000099999999958 0.99999999200000011523 0.00000000099999999958 0.00000000099999999958 0.00000000099999999958 0.00000000099999999958 0.00000000099999999958 0.00000000099999999958 0.00000000099999999958 
0.20949489017679881475 0.00000090678734684828 0.34870720829128137863 0.00000000099999999996 0.01506210527308119058 0.35652266592628378827 0.07021222054520800948 0.00000000099999999996 0.00000000099999999996 
0.00000000099999999978 0.00000000099999999978 0.00000000099999999978 0.00000000099999999978 0.00000000099999999978 0.00000000099999999978 0.00000000099999999978 0.99999999200000000421 0.00000000099999999978 
0.00000000099999999977 0.23714157785495709740 0.00000000099999999977 0.52468831373886615221 0.00000000099999999977 0.00000000099999999977 0.00000000099999999977 0.23817010240617675354 0.00000000099999999977 
0.00000000099999999986 0.00000000099999999986 0.00000000099999999986 0.28848272712784489569 0.00000000099999999986 0.32397440454054399206 0.19651027130621942507 0.00000000099999999986 0.19103259202539166206 
0.06140129279061834477 0.00000000099999999973 0.00000000099999999973 0.00000000099999999973 0.00000000099999999973 0.62912931129927729401 0.00000000099999999973 0.30946938991010441988 0.00000000099999999973 
0.00000000099999999957 0.00000000099999999957 0.00000000099999999957 0.00000000099999999957 0.00000000099999999957 0.00000000099999999957 0.00000000099999999957 0.00000000099999999957 0.99999999199999989319 
0.14115080756004222406 0.00000000099999999960 0.00000000099999999960 0.00000000099999999960 0.85884918543995780738 0.00000000099999999960 0.00000000099999999960 0.00000000099999999960 0.00000000099999999960 
0.00000000099999999897 0.00000000099999999897 0.00000000099999999897 0.00000000099999999897 0.99999999199999989319 0.00000000099999999897 0.00000000099999999897 0.00000000099999999897 0.00000000099999999897 
0.14329293255161271170 0.00000000099999999978 0.74516401740273630061 0.00000000099999999978 0.11154304163336774269 0.00000000099999999978 0.00000000341228329769 0.00000000099999999978 0.00000000099999999978 
0.00000000099999999956 0.07750242406444898813 0.00000000099999999956 0.00000000099999999956 0.44874311005492889537 0.47375445988062214742 0.00000000099999999956 0.00000000099999999956 0.00000000099999999956 
0.00000000099999999986 0.14242859744094030217 0.00000000099999999986 0.00000000099999999986 0.26901252830625682622 0.00000000099999999986 0.25862901634120610828 0.32992985291159654393 0.00000000099999999986 
0.00000000099999999951 0.00000000099999999951 0.66063091466875978330 0.00000000099999999951 0.33936907833124019263 0.00000000099999999951 0.00000000099999999951 0.00000000099999999951 0.00000000099999999951 
0.00000000099999999900 0.00000000099999999900 0.00000000099999999900 0.00000000099999999900 0.99999999200000000421 0.00000000099999999900 0.00000000099999999900 0.00000000099999999900 0.00000000099999999900 
0.00000000099999999976 0.00000000099999999976 0.00000000099999999976 0.00000000099999999976 0.00000000099999999976 0.00000000099999999976 0.00000000099999999976 0.00000000099999999976 0.99999999199999989319 
0.00000000099999999984 0.16622658117923980181 0.54618563490690208440 0.20616727986535074435 0.00000000099999999984 0.00000000099999999984 0.08142049904850749698 0.00000000099999999984 0.00000000099999999984 
0.99999999200000011523 0.00000000099999999953 0.00000000099999999953 0.00000000099999999953 0.00000000099999999953 0.00000000099999999953 0.00000000099999999953 0.00000000099999999953 0.00000000099999999953 
0.00000000099999999975 0.00000000099999999975 0.00000000099999999975 0.12820943374813506543 0.08601305163401107290 0.17041995508532911674 0.00000000099999999975 0.61535755453252471980 0.00000000099999999975 
0.00000000099999999994 0.00000000099999999994 0.69891041814136289911 0.14961304195994340471 0.00078142592865607010 0.00000000099999999994 0.00000000099999999994 0.00000000099999999994 0.15069510897003754457 
0.00000000099999999970 0.05394759193196740216 0.00000000099999999970 0.00000000099999999970 0.94605240106803267786 0.00000000099999999970 0.00000000099999999970 0.00000000099999999970 0.00000000099999999970 
0.17092712603789694814 0.00000000099999999948 0.00000000099999999948 0.00000000099999999948 0.82907286696210302779 0.00000000099999999948 0.00000000099999999948 0.00000000099999999948 0.00000000099999999948 
0.00000000099999999988 0.00000000099999999988 0.00000000099999999988 0.43596872084859022989 0.38772751319652448698 0.00000000099999999988 0.17630375405447612502 0.00000000690040928006 0.00000000099999999988 
0.00000000099999999929 0.00000000099999999929 0.00000000099999999929 0.00000000099999999929 0.99999999200000011523 0.00000000099999999929 0.00000000099999999929 0.00000000099999999929 0.00000000099999999929 
0.00000000099999999975 0.00000000099999999975 0.00000000099999999975 0.00000000099999999975 0.81533059021378095910 0.00000000099999999975 0.18466940278621915561 0.00000000099999999975 0.00000000099999999975 
0.00000000099999999952 0.00000000099999999952 0.00000000099999999952 0.99999999200000000421 0.00000000099999999952 0.00000000099999999952 0.00000000099999999952 0.00000000099999999952 0.00000000099999999952 
0.00000000099999999917 0.00000000099999999917 0.00000000099999999917 0.00000000099999999917 0.99999999200000000421 0.00000000099999999917 0.00000000099999999917 0.00000000099999999917 0.00000000099999999917 
0.00000000099999999991 0.00000000099999999991 0.36751243096782337805 0.00001892291343894354 0.00000000099999999991 0.27528888415811469947 0.19569808489710693866 0.00000000099999999991 0.16148167306351587924 
0.00000000099999999912 0.00000000099999999912 0.00000000099999999912 0.00000000099999999912 0.99999999200000011523 0.00000000099999999912 0.00000000099999999912 0.00000000099999999912 0.00000000099999999912 
0.00000000099999999982 0.17045864837578300621 0.17003356002698813421 0.00000000099999999982 0.00000000099999999982 0.00000000099999999982 0.00000000099999999982 0.51244875565862801903 0.14705903093860084319 
0.00000000099999999916 0.00000000099999999916 0.00000000099999999916 0.00000000099999999916 0.99999999200000000421 0.00000000099999999916 0.00000000099999999916 0.00000000099999999916 0.00000000099999999916 
0.00000000099999999962 0.00000000099999999962 0.00000000099999999962 0.00000000099999999962 0.00000000099999999962 0.00000000099999999962 0.00000000099999999962 0.00000000099999999962 0.99999999199999989319 
0.37187505763590084085 0.00000000099999999950 0.00000000099999999950 0.00000000099999999950 0.62812493536409919059 0.00000000099999999950 0.00000000099999999950 0.00000000099999999950 0.00000000099999999950 
0.23018144436963020039 0.00000000099999999977 0.00000000099999999977 0.50923225369390134887 0.26058629593646848166 0.00000000099999999977 0.00000000099999999977 0.00000000099999999977 0.00000000099999999977 
0.21089628523384276737 0.00000000099999999972 0.00000000099999999972 0.00000000099999999972 0.52129954620183704961 0.00000000099999999972 0.26780416256432010291 0.00000000099999999972 0.00000000099999999972 
0.00000000099999999988 0.00000000099999999988 0.49276674979668594334 0.00001097118605415497 0.08554135660470113534 0.00000000099999999988 0.20538612071173770190 0.21629479770082107870 0.00000000099999999988 
0.19931184528013093371 0.00000000099999999990 0.24993992990361582618 0.00000000099999999990 0.00000000099999999990 0.00000000099999999990 0.14564181074919166359 0.00000000099999999990 0.40510640906706152364 
0.16638969574663753370 0.17619504716011150092 0.00000000099999999989 0.13454876896783021789 0.35540218066074147352 0.00000000099999999989 0.16746430346467927608 0.00000000099999999989 0.00000000099999999989 
0.00000000099999999973 0.00000000099999999973 0.00000000099999999973 0.00000000099999999973 0.00000000099999999973 0.45178970381763350339 0.16035248505923518914 0.00000000099999999973 0.38785780512313122737 
0.00000000099999999966 0.00000000099999999966 0.00000000099999999966 0.00000000099999999966 0.03728122928170866934 0.00000000099999999966 0.00000000099999999966 0.96271876371829134822 0.00000000099999999966 
0.00000000099999999986 0.00000000099999999986 0.00000000099999999986 0.00000000099999999986 0.21619002656846830757 0.35158299008764948290 0.43222697734388221269 0.00000000099999999986 0.00000000099999999986 
0.00000000099999999960 0.00000000099999999960 0.89591702117456728516 0.00000000099999999960 0.10408297182543284343 0.00000000099999999960 0.00000000099999999960 0.00000000099999999960 0.00000000099999999960 
0.00000000099999999956 0.00000000099999999956 0.00000000099999999956 0.99999999200000000421 0.00000000099999999956 0.00000000099999999956 0.00000000099999999956 0.00000000099999999956 0.00000000099999999956 
0.00000000099999999985 0.02583806614159182141 0.34830286076984284804 0.28714319185302139559 0.00000000099999999985 0.00000000099999999985 0.15338226043578198632 0.18533361679976181891 0.00000000099999999985 
0.00000000099999999919 0.00000000099999999919 0.00000000099999999919 0.00000000099999999919 0.99999999200000000421 0.00000000099999999919 0.00000000099999999919 0.00000000099999999919 0.00000000099999999919 
0.02204974939940997775 0.00000000099999999973 0.90583722337710703698 0.00000000099999999973 0.00000000099999999973 0.00000000099999999973 0.07211302122348305088 0.00000000099999999973 0.00000000099999999973 
0.25055598919310118067 0.00000000099999999974 0.00000000099999999974 0.00000000099999999974 0.54552600918128357765 0.00000000099999999974 0.20391799562561513381 0.00000000099999999974 0.00000000099999999974 
0.15320450967994228564 0.00000000099999999966 0.84679548332005782907 0.00000000099999999966 0.00000000099999999966 0.00000000099999999966 0.00000000099999999966 0.00000000099999999966 0.00000000099999999966 
0.00000000099999999922 0.00000000099999999922 0.00000000099999999922 0.00000000099999999922 0.99999999200000011523 0.00000000099999999922 0.00000000099999999922 0.00000000099999999922 0.00000000099999999922 
0.00000000099999999922 0.00000000099999999922 0.00000000099999999922 0.00000000099999999922 0.99999999200000011523 0.00000000099999999922 0.00000000099999999922 0.00000000099999999922 0.00000000099999999922 
0.24810504042115325007 0.00000000099999999972 0.17378885481967443205 0.00000000099999999972 0.57810609875917251532 0.00000000099999999972 0.00000000099999999972 0.00000000099999999972 0.00000000099999999972 
0.00000000099999999974 0.32221360913029090112 0.00000000099999999974 0.00000000099999999974 0.00000000099999999974 0.00015120094717320997 0.00000000099999999974 0.00000000099999999974 0.67763518392253574429 
0.00000000099999999973 0.99999999200000011523 0.00000000099999999973 0.00000000099999999973 0.00000000099999999973 0.00000000099999999973 0.00000000099999999973 0.00000000099999999973 0.00000000099999999973 
0.00000000099999999976 0.00000000099999999976 0.80110097554320669477 0.00000000099999999976 0.00000000099999999976 0.00000000099999999976 0.19889901745679350320 0.00000000099999999976 0.00000000099999999976 
0.00000000099999999972 0.00000000099999999972 0.00000000099999999972 0.00000000099999999972 0.84301320451147310209 0.15698678848852690160 0.00000000099999999972 0.00000000099999999972 0.00000000099999999972 
0.00000000099999999990 0.01016752683942796255 0.00000000099999999990 0.35826599179896045921 0.11823995445591874154 0.00000000099999999990 0.17524320326125372715 0.33808331964443910644 0.00000000099999999990 
0.00000000099999999962 0.00000000099999999962 0.00000000099999999962 0.00000000099999999962 0.00000000099999999962 0.45683798169038825066 0.00000000099999999962 0.00000000099999999962 0.54316201130961172527 
0.25828143637427569690 0.00000000099999999962 0.24986158113135836789 0.00000000099999999962 0.49185697649436599388 0.00000000099999999962 0.00000000099999999962 0.00000000099999999962 0.00000000099999999962 
0.30948976241241571428 0.00000000099999999973 0.00000000099999999973 0.00000000099999999973 0.11919448914896091374 0.00000000099999999973 0.00000000099999999973 0.57131574243862326412 0.00000000099999999973 
0.00000000099999999960 0.00000000099999999960 0.00000000099999999960 0.00000000099999999960 0.85282968685337867676 0.00000000099999999960 0.14717030614662132693 0.00000000099999999960 0.00000000099999999960 
0.00000000099999999928 0.00000000099999999928 0.00000000099999999928 0.00000000099999999928 0.13312831072932040932 0.86687168227067967763 0.00000000099999999928 0.00000000099999999928 0.00000000099999999928 
0.00000000099999999894 0.00000000099999999894 0.00000000099999999894 0.00000000099999999894 0.99999999199999989319 0.00000000099999999894 0.00000000099999999894 0.00000000099999999894 0.00000000099999999894 
0.00000000099999999971 0.00000000099999999971 0.99999999200000011523 0.00000000099999999971 0.00000000099999999971 0.00000000099999999971 0.00000000099999999971 0.00000000099999999971 0.00000000099999999971 
0.00000000099999999933 0.00000000099999999933 0.00000000099999999933 0.00000000099999999933 0.00000000099999999933 0.99999999200000011523 0.00000000099999999933 0.00000000099999999933 0.00000000099999999933 
0.00000000099999999889 0.00000000099999999889 0.00000000099999999889 0.00000000099999999889 0.99999999199999989319 0.00000000099999999889 0.00000000099999999889 0.00000000099999999889 0.00000000099999999889 
0.00000000099999999989 0.00000000099999999989 0.42756452313567316903 0.00000000099999999989 0.37782717498294554614 0.00000000099999999989 0.12240311721438280890 0.00000000099999999989 0.07220517966699845080 
0.00000000099999999958 0.99999999200000011523 0.00000000099999999958 0.00000000099999999958 0.00000000099999999958 0.00000000099999999958 0.00000000099999999958 0.00000000099999999958 0.00000000099999999958 
0.19635420057655883497 0.00000000099999999973 0.00000000099999999973 0.00000000099999999973 0.31558312777943248184 0.00000000099999999973 0.00000000099999999973 0.48806266564400879737 0.00000000099999999973 
0.00000000099999999979 0.82732722563946070604 0.00000000099999999979 0.17267276736053951969 0.00000000099999999979 0.00000000099999999979 0.00000000099999999979 0.00000000099999999979 0.00000000099999999979 
0.00000000099999999943 0.00000000099999999943 0.00000000099999999943 0.00000000099999999943 0.99999999200000000421 0.00000000099999999943 0.00000000099999999943 0.00000000099999999943 0.00000000099999999943 
0.00000000099999999964 0.00000000099999999964 0.99999999200000000421 0.00000000099999999964 0.00000000099999999964 0.00000000099999999964 0.00000000099999999964 0.00000000099999999964 0.00000000099999999964 
0.00000000099999999975 0.00000000099999999975 0.88358460847774522584 0.00000000099999999975 0.11641538452225468070 0.00000000099999999975 0.00000000099999999975 0.00000000099999999975 0.00000000099999999975 
0.00000000099999999970 0.00000000099999999970 0.46837279897192640732 0.53162719402807367963 0.00000000099999999970 0.00000000099999999970 0.00000000099999999970 0.00000000099999999970 0.00000000099999999970 
0.00000000099999999977 0.00000000099999999977 0.00000000099999999977 0.00000000099999999977 0.00000000099999999977 0.00000000099999999977 0.18961936498924811256 0.81038062801075183561 0.00000000099999999977 
0.00000000099999999978 0.00000000099999999978 0.85637912145080441473 0.14362087154919561671 0.00000000099999999978 0.00000000099999999978 0.00000000099999999978 0.00000000099999999978 0.00000000099999999978 
0.00000000099999999948 0.00000000099999999948 0.00000000099999999948 0.00000000099999999948 0.00000000099999999948 0.00000000099999999948 0.00000000099999999948 0.00000000099999999948 0.99999999200000000421 
