0.00000000099999999977 0.23602996209876331291 0.00000000099999999977 0.00000000099999999977 0.76397003490123660541 
0.70601375796259502327 0.15566093590014504211 0.00000000099999999991 0.00000000099999999991 0.13832530413726004670 
0.17933565530499273599 0.24769830114420388067 0.44510406934824420233 0.00000000099999999998 0.12786197320255907051 
0.55816013514131423978 0.00000000099999999998 0.28635625492992416996 0.05529387784821102741 0.10018973108055072296 
0.48647321782413310842 0.00000000099999999993 0.00000000099999999993 0.51352677917586686540 0.00000000099999999993 
0.02840248784042262442 0.56143511131322199059 0.00000000099999999997 0.41016195021300605461 0.00000044963334940247 
0.26477131825844696378 0.48053694372349903263 0.00000000099999999995 0.00000000099999999995 0.25469173601805411566 
0.00000000099999999986 0.74777940197329795247 0.00000000099999999986 0.25222059502670218789 0.00000000099999999986 
0.00000000099999999983 0.00000000099999999983 0.00000000099999999983 0.00000000099999999983 0.99999999599999989108 
0.00000000099999999948 0.00000000099999999948 0.00000000099999999948 0.00000000099999999948 0.99999999599999989108 
0.00000000099999999989 0.00000000099999999989 0.79526818259335907424 0.00000000099999999989 0.20473181440664084407 
0.04912945744095077033 0.36449035114355998743 0.00000000099999999988 0.00000000099999999988 0.58638018941548919472 
0.56287849899660369335 0.00000000099999999994 0.16689063753234481546 0.00000000099999999994 0.27023086147105146448 
0.00000000099999999975 0.00000000099999999975 0.59958178456788124855 0.00000000099999999975 0.40041821243211878079 
0.00000000099999999948 0.00000000099999999948 0.00000000099999999948 0.00000000099999999948 0.99999999600000000211 
0.00000000099999999989 0.99999999600000011313 0.00000000099999999989 0.00000000099999999989 0.00000000099999999989 
0.14043586823266451802 0.00000000099999999995 0.53906861491909496831 0.32049551484824057024 0.00000000099999999995 
0.00000000099999999991 0.00000000099999999991 0.53972257452583549675 0.00000000099999999991 0.46027742247416447707 
0.29146142619301551591 0.13855118619387160606 0.00000000099999999999 0.23462708770748583187 0.33536029890562701894 
0.00000000099999999998 0.00003214566786065824 0.61770180069418834101 0.38226605163795090991 0.00000000099999999998 
0.05669399366681524693 0.00000000099999999985 0.00000000099999999985 0.00000000099999999985 0.94330600333318481709 
0.00000000099999999982 0.00000000099999999982 0.00000000099999999982 0.00000000099999999982 0.99999999600000000211 
0.00000000099999999991 0.00000000099999999991 0.00000000099999999991 0.62731113205678490363 0.37268886494321523672 
0.00000000099999999969 0.00000000099999999969 0.00000000099999999969 0.00000000099999999969 0.99999999599999989108 
0.19733618677623268600 0.00000000099999999993 0.00000000099999999993 0.04927996037468716090 0.75338385084908021661 
0.00000000099999999986 0.00000000099999999986 0.00000000099999999986 0.96896228594934252776 0.03103771105065736280 
0.00000000099999999953 0.00000000099999999953 0.00000000099999999953 0.00000000099999999953 0.99999999599999989108 
0.00000000099999999998 0.40708532455865004129 0.39460605628293293767 0.19830861715841682780 0.00000000099999999998 
0.00000000099999999961 0.00000000099999999961 0.00000000099999999961 0.00000000099999999961 0.99999999600000000211 
0.51729919947970193217 0.00000000099999999999 0.26600355040073364599 0.12081805862490463399 0.09587919049465970511 
0.00000000099999999958 0.00000000099999999958 0.00000000099999999958 0.00000000099999999958 0.99999999600000000211 
0.00000000099999999988 0.42338677471292435195 0.00000000099999999988 0.57661322228707545534 0.00000000099999999988 
0.00000000099999999990 0.00000000099999999990 0.31662886430956860284 0.00000000099999999990 0.68337113269043137098 
0.00000000099999999994 0.00000000099999999994 0.00000000099999999994 0.57769189787325836427 0.42230809912674160955 
0.16064355638834112994 0.00000000099999999996 0.19956505820557571274 0.18728845113397962763 0.45250293327210350247 
0.21582674399695775391 0.00000000099999999997 0.58887200448042231749 0.12223019424817167800 0.07307105627444827889 
0.06688090811585845064 0.34175835263046011603 0.53581004963595135759 0.05555068861773017341 0.00000000099999999997 
0.35903834681481833213 0.00000000099999999995 0.00000001716683824006 0.24495858918672056004 0.39600304583162293515 
0.00000000099999999987 0.74054809077746741597 0.00000000099999999987 0.25945190622253250234 0.00000000099999999987 
0.63211876219872475957 0.00000000099999999994 0.02198002975879008447 0.00000000099999999994 0.34590120604248514313 
0.31895917451950689392 0.37582985628383996923 0.15027841428548960323 0.04880722151267297831 0.10612533339849057612 
0.00000000099999999979 0.00000000099999999979 0.82963856551091152980 0.00000000099999999979 0.17036143148908844402 
0.00000000099999999989 0.00000000099999999989 0.00000000099999999989 0.99999999600000000211 0.00000000099999999989 
0.23583431820747360885 0.00000000099999999995 0.39984618400503429969 0.36431949578749195373 0.00000000099999999995 
0.00000000099999999955 0.00000000099999999955 0.00000000099999999955 0.00000000099999999955 0.99999999600000000211 
0.00000000099999999983 0.00000000099999999983 0.99999999600000000211 0.00000000099999999983 0.00000000099999999983 
0.14951148963078356169 0.00000000099999999996 0.27656013301404891447 0.07517573586190250123 0.49875264049326512028 
0.00000000099999999984 0.00000000099999999984 0.99999999599999989108 0.00000000099999999984 0.00000000099999999984 
0.00000000099999999964 0.00000000099999999964 0.00000000099999999964 0.00000000099999999964 0.99999999600000000211 
0.00000000099999999955 0.00000000099999999955 0.00000000099999999955 0.00000000099999999955 0.99999999600000000211 
0.00000000099999999988 0.00000000099999999988 0.39838365873463876810 0.00000000099999999988 0.60161633826536120573 
0.23230920308599409263 0.76769079391400596446 0.00000000099999999992 0.00000000099999999992 0.00000000099999999992 
0.89799416770516327091 0.00000012882873570135 0.00000000099999999995 0.00000000099999999995 0.10200570146610105082 
0.00000000099999999992 0.00000000099999999992 0.99999999600000000211 0.00000000099999999992 0.00000000099999999992 
0.00000000099999999991 0.09860833902364964099 0.00000000099999999991 0.00000626417008464900 0.90138539480626567180 
0.44103157150226529604 0.00000000099999999995 0.00000000099999999995 0.34845837954013858528 0.21051004695759603647 
0.00000000099999999977 0.99999999600000011313 0.00000000099999999977 0.00000000099999999977 0.00000000099999999977 
0.00000000099999999981 0.00000000099999999981 0.43370295053631996440 0.00000000099999999981 0.56629704646368006493 
0.38506571862573962806 0.00000000099999999992 0.29829033892641132475 0.00000000099999999992 0.31664394044784904825 
0.00000000099999999990 0.00000000099999999990 0.00000000099999999990 0.16787852223896310155 0.83212147476103692778 
0.00000000099999999972 0.65160203129175320313 0.00000000099999999972 0.00000000099999999972 0.34839796570824693722 
0.00000000099999999947 0.00000000099999999947 0.00000000099999999947 0.00000000099999999947 0.99999999600000000211 
0.00000000099999999997 0.00000000099999999997 0.99511409365687586437 0.00488590334312400450 0.00000000099999999997 
0.00000000099999999981 0.90444688892894264942 0.00000000099999999981 0.00000000099999999981 0.09555310807105736604 
0.00000000099999999944 0.00000000099999999944 0.00000000099999999944 0.00000000099999999944 0.99999999599999989108 
0.00000000099999999999 0.11884797346784738148 0.53950902381802590124 0.00000000099999999999 0.34164300071412673221 
0.99999999600000011313 0.00000000099999999987 0.00000000099999999987 0.00000000099999999987 0.00000000099999999987 
0.19998532434468499486 0.00000000099999999997 0.32661207544715775697 0.00000000099999999997 0.47340259820815716596 
0.61459627832337482278 0.13079030645856443149 0.00000000099999999999 0.25461341321806052473 0.00000000099999999999 
0.00000000099999999978 0.00000000099999999978 0.00000000099999999978 0.00000000099999999978 0.99999999599999989108 
0.00000000099999999985 0.00000000099999999985 0.99999999600000000211 0.00000000099999999985 0.00000000099999999985 
0.00000000099999999988 0.00000000099999999988 0.81727041067286998466 0.00000000099999999988 0.18272958632712998917 
0.00000000099999999988 0.00000000099999999988 0.51512103247338647538 0.48487896452661338742 0.00000000099999999988 
0.60114356481968755919 0.00000000099999999994 0.30520939273288083537 0.00000000099999999994 0.09364704044743162037 
0.00000000099999999993 0.00000000099999999993 0.83751370629041055338 0.14566810282026262935 0.01681818888932681139 
0.13954133320265482698 0.86045866379734514684 0.00000000099999999984 0.00000000099999999984 0.00000000099999999984 
