0.00000000099999999953 0.00000000099999999953 0.26099790253423171826 0.00000000099999999953 0.00000000099999999953 0.73900209046576825767 0.00000000099999999953 0.00000000099999999953 0.00000000099999999953 
0.99999999200000022626 0.00000000099999999959 0.00000000099999999959 0.00000000099999999959 0.00000000099999999959 0.00000000099999999959 0.00000000099999999959 0.00000000099999999959 0.00000000099999999959 
0.00000000099999999992 0.00000000099999999992 0.33851410326264780304 0.00000000099999999992 0.28480253762368407111 0.09220231059233488513 0.00000000099999999992 0.00000000099999999992 0.28448104352133335437 
0.13042885003257112531 0.00000000099999999988 0.00000000099999999988 0.03380099386204283435 0.30833345863958466770 0.00000000099999999988 0.48050966430477237701 0.00000000099999999988 0.04692702916102907407 
0.34094976584587699531 0.00000000099999999982 0.00000000099999999982 0.00000000099999999982 0.00000000099999999982 0.00000000099999999982 0.14027283471324675235 0.51877739344087614448 0.00000000099999999982 
0.00000000099999999990 0.00000000099999999990 0.47139282702266160907 0.00000000099999999990 0.00000000099999999990 0.00012754390896737970 0.00000107386776395524 0.52847855020060707787 0.00000000099999999990 
0.00000000099999999982 0.00000000099999999982 0.52343692709521982831 0.00000000099999999982 0.00000000099999999982 0.08854043825214229224 0.22272449320102968850 0.00000000099999999982 0.16529813645160823521 
0.00000000099999999965 0.00000000099999999965 0.73151851783940124996 0.00000000099999999965 0.00000000099999999965 0.00000000099999999965 0.00000000099999999965 0.26848147516059872597 0.00000000099999999965 
0.00000000099999999954 0.00000000099999999954 0.00000000099999999954 0.28773767061129740252 0.00000000099999999954 0.66320788779189354667 0.00000000099999999954 0.00000000099999999954 0.04905443559680904703 
0.00000000099999999910 0.00000000099999999910 0.00000000099999999910 0.00000000099999999910 0.00000000099999999910 0.99999999200000011523 0.00000000099999999910 0.00000000099999999910 0.00000000099999999910 
0.00000000099999999971 0.75224885406507013830 0.00000000099999999971 0.00000000099999999971 0.00000000099999999971 0.09750095388827106913 0.00000000099999999971 0.00000000099999999971 0.15025018604665899002 
0.07585960193791753403 0.00000000099999999973 0.37015221033813033857 0.03488667191834748244 0.00000000099999999973 0.51910151080560451575 0.00000000099999999973 0.00000000099999999973 0.00000000099999999973 
0.23178091619092588971 0.10423183041002251348 0.00000000099999999990 0.03248040854069867561 0.00000000099999999990 0.10938025215086352726 0.52212658870748940299 0.00000000099999999990 0.00000000099999999990 
0.00000000099999999950 0.70418287303427351542 0.00000000099999999950 0.00000000099999999950 0.00000000099999999950 0.29581711996572657153 0.00000000099999999950 0.00000000099999999950 0.00000000099999999950 
0.00000000099999999906 0.00000000099999999906 0.00000000099999999906 0.00000000099999999906 0.00000000099999999906 0.99999999200000011523 0.00000000099999999906 0.00000000099999999906 0.00000000099999999906 
0.00000000099999999977 0.00000000099999999977 0.99999999200000000421 0.00000000099999999977 0.00000000099999999977 0.00000000099999999977 0.00000000099999999977 0.00000000099999999977 0.00000000099999999977 
0.13976557156224750367 0.19498316808030952130 0.00000000099999999985 0.00000000099999999985 0.45439777713738876974 0.00000000099999999985 0.00000000099999999985 0.21085347822005420793 0.00000000099999999985 
0.00000000099999999966 0.00000000099999999966 0.00000000099999999966 0.00000000099999999966 0.00000000099999999966 0.00000000099999999966 0.00000000099999999966 0.00000000099999999966 0.99999999199999989319 
0.00000000099999999984 0.00000000099999999984 0.10162409884788213554 0.27552993542437764773 0.00000000099999999984 0.00071361933721837917 0.52174282409976391328 0.10038951829075783151 0.00000000099999999984 
0.00000000099999999992 0.74279857873388233092 0.00000000099999999992 0.00000000099999999992 0.00000000099999999992 0.00000000099999999992 0.00000000099999999992 0.25720141426611781155 0.00000000099999999992 
0.00000000099999999953 0.00000000099999999953 0.00000000099999999953 0.34277418073944970756 0.00000000099999999953 0.65722581226055032388 0.00000000099999999953 0.00000000099999999953 0.00000000099999999953 
0.00000000099999999951 0.00000000099999999951 0.00000000099999999951 0.19822735853687756258 0.00000000099999999951 0.67395102160547692982 0.00000000099999999951 0.00000000099999999951 0.12782161385764548300 
0.00000000099999999985 0.00000000099999999985 0.00000000099999999985 0.54610903744920302749 0.00000000099999999985 0.00000000099999999985 0.00000000099999999985 0.45389095555079705946 0.00000000099999999985 
0.00000000099999999926 0.00000000099999999926 0.00000000099999999926 0.26368723954701256407 0.00000000099999999926 0.73631275345298741186 0.00000000099999999926 0.00000000099999999926 0.00000000099999999926 
0.00000000099999999928 0.00000000099999999928 0.00000000099999999928 0.99999999200000000421 0.00000000099999999928 0.00000000099999999928 0.00000000099999999928 0.00000000099999999928 0.00000000099999999928 
0.00000000099999999966 0.00000000099999999966 0.00000000099999999966 0.00000000099999999966 0.00000000099999999966 0.00000000099999999966 0.00000000099999999966 0.99999999199999989319 0.00000000099999999966 
0.00000000099999999927 0.00000000099999999927 0.00000000099999999927 0.00000000099999999927 0.00000000099999999927 0.99999999200000011523 0.00000000099999999927 0.00000000099999999927 0.00000000099999999927 
0.00000000099999999981 0.49201662768808968051 0.30966874150278467237 0.00000000099999999981 0.00000000099999999981 0.00000000099999999981 0.00000000099999999981 0.19831462480912565027 0.00000000099999999981 
0.00000000099999999922 0.00000000099999999922 0.00000000099999999922 0.19902112618684369982 0.00000000099999999922 0.80097886681315633162 0.00000000099999999922 0.00000000099999999922 0.00000000099999999922 
0.29625060826164922867 0.00000000099999999986 0.00000000099999999986 0.00000000127270061895 0.41217858411475571945 0.00000000099999999986 0.29157080135089447070 0.00000000099999999986 0.00000000099999999986 
0.00000000099999999938 0.00000000099999999938 0.00000000099999999938 0.09707786907533560994 0.00000000099999999938 0.90292212392466431048 0.00000000099999999938 0.00000000099999999938 0.00000000099999999938 
0.00000000099999999975 0.00000000099999999975 0.36800382872001358159 0.00000000099999999975 0.00000000099999999975 0.00000000099999999975 0.00000000099999999975 0.63199616427998617230 0.00000000099999999975 
0.00000000099999999959 0.00000000099999999959 0.00000000099999999959 0.00000000099999999959 0.00000000099999999959 0.63378184887272470682 0.00000000099999999959 0.00000000099999999959 0.36621814412727526911 
0.00000000099999999987 0.00000000099999999987 0.00000000099999999987 0.00007352940858447326 0.00000000099999999987 0.31687848445411403997 0.00000000099999999987 0.45194381463327842896 0.23110416650402301753 
0.00000000099999999980 0.00000000099999999980 0.00000000099999999980 0.00000000099999999980 0.00000000099999999980 0.40086604587354940366 0.00000000099999999980 0.17534884867477953940 0.42378509945167114337 
0.00000000099999999987 0.57765742320294233281 0.00000000099999999987 0.00000000099999999987 0.00000000099999999987 0.00000000099999999987 0.33504529583116265945 0.08729727496589513580 0.00000000099999999987 
0.15222141728850649423 0.18878117814430325772 0.28854853575525568621 0.00000000099999999991 0.28458276724612757702 0.00000000099999999991 0.00000000099999999991 0.00000000099999999991 0.08586609756580709796 
0.16792487828400684546 0.00000000099999999988 0.00000000099999999988 0.39661510485858197939 0.00000000099999999988 0.00000000099999999988 0.00000000099999999988 0.18701870195296713129 0.24844130990444432405 
0.00000000099999999971 0.00000000099999999971 0.72917956767371705507 0.00000000099999999971 0.07632436547393744997 0.00000000099999999971 0.00000000099999999971 0.19449606085234547037 0.00000000099999999971 
0.00000000099999999970 0.00000000099999999970 0.00000000099999999970 0.00000000099999999970 0.00000000099999999970 0.07007229337118409118 0.92992769962881594026 0.00000000099999999970 0.00000000099999999970 
0.08767760033396618247 0.06468561402398996518 0.30888602114266378029 0.05738860963101870272 0.00000000099999999999 0.00000000099999999999 0.37228641162637987616 0.10907361200635733167 0.00000212923562433824 
0.00000000099999999968 0.90713207933109896164 0.00000000099999999968 0.00000000099999999968 0.00000000099999999968 0.09286791366890115307 0.00000000099999999968 0.00000000099999999968 0.00000000099999999968 
0.00000000099999999983 0.00000000099999999983 0.00000000099999999983 0.00000000099999999983 0.32343245105462881117 0.00000000099999999983 0.00000000099999999983 0.67656754194537116476 0.00000000099999999983 
0.01955028866101426663 0.00000000099999999987 0.00000000099999999987 0.00000000099999999987 0.47307070973564857574 0.00000000099999999987 0.21707532722023872851 0.29030366938309837277 0.00000000099999999987 
0.00000000099999999926 0.00000000099999999926 0.00000000099999999926 0.00000000099999999926 0.00000000099999999926 0.99999999200000011523 0.00000000099999999926 0.00000000099999999926 0.00000000099999999926 
0.00000000099999999972 0.00260732263290738191 0.00000000099999999972 0.00000000099999999972 0.75527547314161747050 0.07963684220075878395 0.00000000099999999972 0.00000000099999999972 0.16248035702471649855 
0.00000000099999999976 0.00000000099999999976 0.00000000099999999976 0.00000000099999999976 0.00000000099999999976 0.39906951901333209687 0.36622952943340147947 0.00000000099999999976 0.23470094555326631580 
0.00000000099999999975 0.34750981073678360866 0.00000000099999999975 0.00000000099999999975 0.48683095275899346266 0.00000000099999999975 0.00000000099999999975 0.00000000099999999975 0.16565923050422295959 
0.00000000099999999927 0.00000000099999999927 0.00000000099999999927 0.00000000099999999927 0.00000000099999999927 0.99999999200000000421 0.00000000099999999927 0.00000000099999999927 0.00000000099999999927 
0.00000000099999999930 0.00000000099999999930 0.00000000099999999930 0.00000000099999999930 0.00000000099999999930 0.99999999200000000421 0.00000000099999999930 0.00000000099999999930 0.00000000099999999930 
0.00000000099999999973 0.00000000099999999973 0.00000000099999999973 0.16974164442305267331 0.28030558760321105938 0.44710867326468678451 0.00000000099999999973 0.00000000099999999973 0.10284408970904955483 
0.38505290122584168166 0.00000000099999999973 0.61494709177415840529 0.00000000099999999973 0.00000000099999999973 0.00000000099999999973 0.00000000099999999973 0.00000000099999999973 0.00000000099999999973 
0.84671236625543533361 0.00000000099999999979 0.00000000099999999979 0.00000000099999999979 0.00000000099999999979 0.00000000099999999979 0.00000000099999999979 0.00000000099999999979 0.15328762674456491988 
0.00000000099999999979 0.32206710291641277299 0.00000000099999999979 0.00000000099999999979 0.67793289008358714742 0.00000000099999999979 0.00000000099999999979 0.00000000099999999979 0.00000000099999999979 
0.00000000099999999969 0.00000000099999999969 0.00000000099999999969 0.00000000099999999969 0.00000000099999999969 0.89049350623127987436 0.00000000099999999969 0.10950648676872017095 0.00000000099999999969 
0.00000017290667617921 0.00000000099999999987 0.00000000099999999987 0.00000000099999999987 0.00000000099999999987 0.07729189275981224183 0.46328513880465305164 0.45942279052885853785 0.00000000099999999987 
0.00000000099999999953 0.00000000099999999953 0.99999999200000000421 0.00000000099999999953 0.00000000099999999953 0.00000000099999999953 0.00000000099999999953 0.00000000099999999953 0.00000000099999999953 
0.00000000099999999974 0.09014570758783678472 0.00000000099999999974 0.00000000099999999974 0.13261182912576696680 0.51044243585931481366 0.00000000099999999974 0.00000000099999999974 0.26680002242708156235 
0.00000000099999999974 0.00000000099999999974 0.00000000099999999974 0.00000000099999999974 0.00000000099999999974 0.16003422239629241930 0.52290571360867510453 0.00000000099999999974 0.31706005799503239606 
0.00000000099999999971 0.00000000099999999971 0.00000000099999999971 0.00000000099999999971 0.00000000099999999971 0.73380744455968349715 0.26619254844031664531 0.00000000099999999971 0.00000000099999999971 
0.00000000099999999949 0.00000000099999999949 0.67593971219859849686 0.00000000099999999949 0.00000000099999999949 0.32406028080140159009 0.00000000099999999949 0.00000000099999999949 0.00000000099999999949 
0.00000000099999999907 0.00000000099999999907 0.00000000099999999907 0.00000000099999999907 0.00000000099999999907 0.99999999200000011523 0.00000000099999999907 0.00000000099999999907 0.00000000099999999907 
0.00000000099999999970 0.00000000099999999970 0.00000000099999999970 0.00000000099999999970 0.96624051275913491743 0.03375948024086505850 0.00000000099999999970 0.00000000099999999970 0.00000000099999999970 
0.00000000099999999964 0.00000000099999999964 0.90494146505136052738 0.00000000099999999964 0.00000000099999999964 0.09505852794863949018 0.00000000099999999964 0.00000000099999999964 0.00000000099999999964 
0.00000000099999999903 0.00000000099999999903 0.00000000099999999903 0.00000000099999999903 0.00000000099999999903 0.99999999200000011523 0.00000000099999999903 0.00000000099999999903 0.00000000099999999903 
0.00000000099999999980 0.75387631866499471567 0.00000000099999999980 0.00000000099999999980 0.00000000099999999980 0.24612367433500548231 0.00000000099999999980 0.00000000099999999980 0.00000000099999999980 
0.99999999200000022626 0.00000000099999999962 0.00000000099999999962 0.00000000099999999962 0.00000000099999999962 0.00000000099999999962 0.00000000099999999962 0.00000000099999999962 0.00000000099999999962 
0.00000000099999999984 0.00000000099999999984 0.00000000099999999984 0.32509641152837481792 0.00000000471212559604 0.15969643182521589542 0.24194089179364858255 0.00000000099999999984 0.27326625614063509984 
0.77875522971614197232 0.00000000099999999978 0.00000000099999999978 0.22124476328385817014 0.00000000099999999978 0.00000000099999999978 0.00000000099999999978 0.00000000099999999978 0.00000000099999999978 
0.00000000099999999930 0.00000000099999999930 0.00000000099999999930 0.31719563296846131628 0.00000000099999999930 0.68280436003153865965 0.00000000099999999930 0.00000000099999999930 0.00000000099999999930 
0.00000000099999999974 0.72956268251810718617 0.00000000099999999974 0.00000000099999999974 0.27043731048189284527 0.00000000099999999974 0.00000000099999999974 0.00000000099999999974 0.00000000099999999974 
0.00000000099999999976 0.00000000099999999976 0.00000000099999999976 0.00000000099999999976 0.74013823906261566599 0.25986175393738442096 0.00000000099999999976 0.00000000099999999976 0.00000000099999999976 
0.00000000099999999974 0.00000000099999999974 0.00000000099999999974 0.00000000099999999974 0.66888335291934919447 0.00000000099999999974 0.00000000099999999974 0.33111664008065078146 0.00000000099999999974 
0.00000000099999999974 0.00000000099999999974 0.00000000099999999974 0.00000000099999999974 0.00000000099999999974 0.00000000099999999974 0.99999999200000000421 0.00000000099999999974 0.00000000099999999974 
0.00000000099999999968 0.00000000099999999968 0.00000000099999999968 0.09142696450247030093 0.90857302849752963336 0.00000000099999999968 0.00000000099999999968 0.00000000099999999968 0.00000000099999999968 
0.19388417041063241153 0.00000000099999999959 0.80611582258936764767 0.00000000099999999959 0.00000000099999999959 0.00000000099999999959 0.00000000099999999959 0.00000000099999999959 0.00000000099999999959 
