0.15768973460239946172 0.00000000099999999940 0.00000000099999999940 0.33300612721854877529 0.00000000099999999940 0.50930413117905193321 0.00000000099999999940 0.00000000099999999940 0.00000000099999999940 0.00000000099999999940 
0.00000000099999999949 0.00000000099999999949 0.00000000099999999949 0.00000000099999999949 0.00000000099999999949 0.00000000099999999949 0.99999999100000003249 0.00000000099999999949 0.00000000099999999949 0.00000000099999999949 
0.03084913272668135184 0.34168921451618539109 0.00000000099999999988 0.35304206600145676687 0.27441958075567646214 0.00000000099999999988 0.00000000099999999988 0.00000000099999999988 0.00000000099999999988 0.00000000099999999988 
0.01272717218120342567 0.28173463107218199575 0.00000000099999999978 0.00000000099999999978 0.00000000099999999978 0.00000000099999999978 0.00000000099999999978 0.00000000099999999978 0.70553818974661430818 0.00000000099999999978 
0.00000000099999999975 0.00000000099999999975 0.42992611669865249402 0.00000000099999999975 0.00000000099999999975 0.00000000099999999975 0.16967999313020007413 0.00000000099999999975 0.40039388317114732452 0.00000000099999999975 
0.00000000099999999991 0.00000000099999999991 0.28429921114585071651 0.21249684434288398927 0.00000000099999999991 0.00000000099999999991 0.00000000099999999991 0.31718234884015644726 0.18602158967110879462 0.00000000099999999991 
0.09360702274399990142 0.00000000099999999969 0.00000000099999999969 0.64962571055227336103 0.00000000099999999969 0.00000000099999999969 0.00000000099999999969 0.00000000099999999969 0.25676725970372671348 0.00000000099999999969 
0.00000000099999999954 0.00000000099999999954 0.00000000099999999954 0.00000000099999999954 0.00000000099999999954 0.00000000099999999954 0.00000000099999999954 0.99999999100000003249 0.00000000099999999954 0.00000000099999999954 
0.99999999100000025454 0.00000000099999999951 0.00000000099999999951 0.00000000099999999951 0.00000000099999999951 0.00000000099999999951 0.00000000099999999951 0.00000000099999999951 0.00000000099999999951 0.00000000099999999951 
0.12346548125079566394 0.00000000099999999900 0.00000000099999999900 0.00000000099999999900 0.00000000099999999900 0.87653451074920429864 0.00000000099999999900 0.00000000099999999900 0.00000000099999999900 0.00000000099999999900 
0.18990460909223522146 0.00000000099999999962 0.00000000099999999962 0.00000000099999999962 0.00000000099999999962 0.00000000099999999962 0.00000000099999999962 0.00000000099999999962 0.00000000099999999962 0.81009538290776472724 
0.00000000099999999955 0.00000000099999999955 0.00000000099999999955 0.42144826001040786023 0.00000000099999999955 0.49684024069492283004 0.08171149229466932729 0.00000000099999999955 0.00000000099999999955 0.00000000099999999955 
0.14421114552470845616 0.00000000099999999990 0.00000000099999999990 0.00000000099999999990 0.18331581194930621215 0.00312568123341173650 0.24564309476143553201 0.00000000099999999990 0.28714761656771214948 0.13655664596342576012 
0.21828530627818257259 0.00000000099999999943 0.00000000099999999943 0.00000000099999999943 0.00000000099999999943 0.07615778234828929349 0.00000000099999999943 0.00000000099999999943 0.00000000099999999943 0.70555690437352824862 
0.74609826509058740918 0.00000000099999999902 0.00000000099999999902 0.00000000099999999902 0.00000000099999999902 0.25390172690941270606 0.00000000099999999902 0.00000000099999999902 0.00000000099999999902 0.00000000099999999902 
0.00000000099999999972 0.00000000099999999972 0.00000000099999999972 0.00000000099999999972 0.00000000099999999972 0.00000000099999999972 0.00000000099999999972 0.99999999099999992147 0.00000000099999999972 0.00000000099999999972 
0.00000000099999999983 0.40300537387986440363 0.19497966696920129848 0.00000000099999999983 0.00000000099999999983 0.00000000099999999983 0.17998771002840713296 0.00000000099999999983 0.00000000099999999983 0.22202724312252733463 
0.41658022335032696137 0.00000000099999999975 0.00000000099999999975 0.00000000099999999975 0.18806855348921042159 0.00000000099999999975 0.00000000099999999975 0.00000000099999999975 0.00000000099999999975 0.39535121616046264847 
0.00000000099999999968 0.00000000099999999968 0.00000000099999999968 0.00157958637217679460 0.00000000099999999968 0.32046129429598202432 0.00000000099999999968 0.00000000099999999968 0.67795911233184114053 0.00000000099999999968 
0.00000000099999999991 0.00000000099999999991 0.29950480568997123187 0.00000000099999999991 0.00000000099999999991 0.00000000099999999991 0.00000000099999999991 0.00000000099999999991 0.00000000099999999991 0.70049518631002849478 
0.00000000099999999951 0.00000000099999999951 0.00000000099999999951 0.00000000099999999951 0.00000000099999999951 0.99999999100000014352 0.00000000099999999951 0.00000000099999999951 0.00000000099999999951 0.00000000099999999951 
0.99999999100000014352 0.00000000099999999951 0.00000000099999999951 0.00000000099999999951 0.00000000099999999951 0.00000000099999999951 0.00000000099999999951 0.00000000099999999951 0.00000000099999999951 0.00000000099999999951 
0.00000000099999999981 0.00000000099999999981 0.30286624921401622546 0.00000000099999999981 0.00000000099999999981 0.29582999512446728207 0.00000000099999999981 0.00000000099999999981 0.40130374866151624635 0.00000000099999999981 
0.20671762030530360654 0.00000000099999999929 0.00000000099999999929 0.00000000099999999929 0.00000000099999999929 0.79328237169469639767 0.00000000099999999929 0.00000000099999999929 0.00000000099999999929 0.00000000099999999929 
0.00000000099999999967 0.00000000099999999967 0.00000000099999999967 0.00000000099999999967 0.30537423590632134518 0.69462575609367871454 0.00000000099999999967 0.00000000099999999967 0.00000000099999999967 0.00000000099999999967 
0.00000000099999999956 0.00000000099999999956 0.99999999100000014352 0.00000000099999999956 0.00000000099999999956 0.00000000099999999956 0.00000000099999999956 0.00000000099999999956 0.00000000099999999956 0.00000000099999999956 
0.99999999100000025454 0.00000000099999999903 0.00000000099999999903 0.00000000099999999903 0.00000000099999999903 0.00000000099999999903 0.00000000099999999903 0.00000000099999999903 0.00000000099999999903 0.00000000099999999903 
0.00000000099999999987 0.00000000099999999987 0.06719399206619262876 0.09912789106078821744 0.00000000099999999987 0.00000000099999999987 0.00000000099999999987 0.28845766990674287511 0.00000000099999999987 0.54522044096627630960 
0.00000000099999999896 0.00000000099999999896 0.00000000099999999896 0.00000000099999999896 0.00000000099999999896 0.99999999100000003249 0.00000000099999999896 0.00000000099999999896 0.00000000099999999896 0.00000000099999999896 
0.00000000099999999983 0.35909447949124506660 0.00000000099999999983 0.00000000099999999983 0.00000000099999999983 0.00428049449840974851 0.19390548051619851955 0.03915922091058769705 0.40356031958355892408 0.00000000099999999983 
0.00000000099999999907 0.00000000099999999907 0.00000000099999999907 0.00000000099999999907 0.00000000099999999907 0.99999999100000003249 0.00000000099999999907 0.00000000099999999907 0.00000000099999999907 0.00000000099999999907 
0.00000000099999999965 0.00000000099999999965 0.37785783249790000360 0.00000000099999999965 0.00000000099999999965 0.00000000099999999965 0.00000000099999999965 0.62214215950209994510 0.00000000099999999965 0.00000000099999999965 
0.78138616711707653550 0.00000000099999999973 0.00000000099999999973 0.00000000099999999973 0.21861382488292369075 0.00000000099999999973 0.00000000099999999973 0.00000000099999999973 0.00000000099999999973 0.00000000099999999973 
0.24273196503122684842 0.00000000099999999983 0.42852559895324904282 0.06313204425318845459 0.18168151098621060369 0.08392887577612512251 0.00000000099999999983 0.00000000099999999983 0.00000000099999999983 0.00000000099999999983 
0.20283805064401996821 0.00000000099999999964 0.00000000099999999964 0.00000000099999999964 0.58616624367556680042 0.21099569868041334608 0.00000000099999999964 0.00000000099999999964 0.00000000099999999964 0.00000000099999999964 
0.00000000099999999984 0.00000000099999999984 0.00000000099999999984 0.00000000099999999984 0.00000000099999999984 0.00000000099999999984 0.00000000099999999984 0.00000000099999999984 0.35014608374463535023 0.64985390825536459847 
0.00000000099999999986 0.36032705356406619090 0.00000000099999999986 0.00000000099999999986 0.21365490191759672900 0.00000000099999999986 0.00000000099999999986 0.39088988680620784244 0.00000000099999999986 0.03512815171212933102 
0.29474486212395417661 0.00000000099999999983 0.18893323559450814209 0.00000000099999999983 0.42383482311736386805 0.00000000099999999983 0.09248707316417391355 0.00000000099999999983 0.00000000099999999983 0.00000000099999999983 
0.00000000099999999966 0.00000000099999999966 0.00000000099999999966 0.41020416037002332965 0.00000000099999999966 0.00000000099999999966 0.00000000099999999966 0.58979583162997650803 0.00000000099999999966 0.00000000099999999966 
0.00028853778050012097 0.00000000099999999973 0.00000000099999999973 0.00000000099999999973 0.19244408783604152746 0.18167012575543947661 0.00000000099999999973 0.00000000099999999973 0.62559724262801885697 0.00000000099999999973 
0.00000000099999999994 0.00000000099999999994 0.00000000099999999994 0.09183032719395856081 0.27655992833543446840 0.13670051378260952846 0.00000000099999999994 0.29589335794899512821 0.19901586773900220573 0.00000000099999999994 
0.14220538756027939487 0.27714849845688505070 0.00000000099999999962 0.00000000099999999962 0.00000000099999999962 0.00000000099999999962 0.00000000099999999962 0.00000000099999999962 0.00000000099999999962 0.58064610698283536383 
0.00000000099999999960 0.00000000099999999960 0.99999999100000014352 0.00000000099999999960 0.00000000099999999960 0.00000000099999999960 0.00000000099999999960 0.00000000099999999960 0.00000000099999999960 0.00000000099999999960 
0.00000000099999999983 0.30375593748461870991 0.30005161041423727974 0.00000000099999999983 0.00000000099999999983 0.00000000099999999983 0.06600284493139969844 0.00000000099999999983 0.22303984751277408649 0.10714975465697026968 
0.99999999100000025454 0.00000000099999999900 0.00000000099999999900 0.00000000099999999900 0.00000000099999999900 0.00000000099999999900 0.00000000099999999900 0.00000000099999999900 0.00000000099999999900 0.00000000099999999900 
0.08660632494070585885 0.78683497005075009323 0.00000000099999999969 0.00000000099999999969 0.11859498031854434630 0.00000000099999999969 0.00000000099999999969 0.00000000099999999969 0.00000000099999999969 0.00796371868999978805 
0.25812262282712922223 0.00000000099999999963 0.00000000099999999963 0.00000000099999999963 0.51144650066834462798 0.23043086950452615347 0.00000000099999999963 0.00000000099999999963 0.00000000099999999963 0.00000000099999999963 
0.00000000099999999967 0.61217753771818816944 0.00000000099999999967 0.00000000099999999967 0.00000000099999999967 0.00000000099999999967 0.00000000099999999967 0.00000000099999999967 0.00000000099999999967 0.38782245428181211233 
0.99993893489026675070 0.00000000099999999914 0.00000000099999999914 0.00000000099999999914 0.00000000099999999914 0.00006105710973330112 0.00000000099999999914 0.00000000099999999914 0.00000000099999999914 0.00000000099999999914 
0.77983684744749826034 0.00000000099999999917 0.00000000099999999917 0.00000000099999999917 0.00000000099999999917 0.22016314455250202142 0.00000000099999999917 0.00000000099999999917 0.00000000099999999917 0.00000000099999999917 
0.62359737493740441394 0.37640261706259575680 0.00000000099999999965 0.00000000099999999965 0.00000000099999999965 0.00000000099999999965 0.00000000099999999965 0.00000000099999999965 0.00000000099999999965 0.00000000099999999965 
0.00000000099999999972 0.00000000099999999972 0.00000000099999999972 0.00000000099999999972 0.00000000099999999972 0.00000000099999999972 0.34681881816845622213 0.65318117383154383759 0.00000000099999999972 0.00000000099999999972 
0.00000000099999999966 0.00000000099999999966 0.00000000099999999966 0.00000000099999999966 0.00000000099999999966 0.00000000099999999966 0.99999999099999992147 0.00000000099999999966 0.00000000099999999966 0.00000000099999999966 
0.00000000099999999977 0.63519828510780818043 0.00000000099999999977 0.00000000099999999977 0.00000000099999999977 0.00000000099999999977 0.00000000099999999977 0.00000000099999999977 0.00000000099999999977 0.36480170689219199032 
0.00000000099999999957 0.00000000099999999957 0.00000000099999999957 0.00000000099999999957 0.00000000099999999957 0.99999999100000014352 0.00000000099999999957 0.00000000099999999957 0.00000000099999999957 0.00000000099999999957 
0.15658474341516023798 0.00000000099999999985 0.35603356745311198761 0.00000000099999999985 0.00000000099999999985 0.00000000099999999985 0.00000000099999999985 0.00000000099999999985 0.48738168213172783361 0.00000000099999999985 
0.00000000099999999960 0.00000000099999999960 0.00000000099999999960 0.49555347340845584680 0.00000000099999999960 0.00000000099999999960 0.00000000099999999960 0.50444651859154399087 0.00000000099999999960 0.00000000099999999960 
0.61700042101051000287 0.26125530490211507084 0.00000000099999999966 0.00000000099999999966 0.00000000099999999966 0.00000000099999999966 0.00000000099999999966 0.00000000099999999966 0.00000000099999999966 0.12174426708737520753 
0.29555514270088562023 0.00000000099999999968 0.00000000099999999968 0.00000000099999999968 0.41434283216824324692 0.00000000099999999968 0.00000000099999999968 0.00000000099999999968 0.29010201813087094225 0.00000000099999999968 
0.00000000099999999953 0.00000000099999999953 0.00000000099999999953 0.00000000099999999953 0.20439049237473205789 0.79560949962526794632 0.00000000099999999953 0.00000000099999999953 0.00000000099999999953 0.00000000099999999953 
0.00000000099999999930 0.00000000099999999930 0.00000000099999999930 0.79261028580729686599 0.00000000099999999930 0.20738970619270313822 0.00000000099999999930 0.00000000099999999930 0.00000000099999999930 0.00000000099999999930 
0.00000000099999999892 0.00000000099999999892 0.00000000099999999892 0.00000000099999999892 0.00000000099999999892 0.99999999099999992147 0.00000000099999999892 0.00000000099999999892 0.00000000099999999892 0.00000000099999999892 
0.00000000099999999964 0.99999999100000014352 0.00000000099999999964 0.00000000099999999964 0.00000000099999999964 0.00000000099999999964 0.00000000099999999964 0.00000000099999999964 0.00000000099999999964 0.00000000099999999964 
0.00000000099999999935 0.00000000099999999935 0.00000000099999999935 0.99999999100000014352 0.00000000099999999935 0.00000000099999999935 0.00000000099999999935 0.00000000099999999935 0.00000000099999999935 0.00000000099999999935 
0.39959272921043181848 0.00000000099999999895 0.00000000099999999895 0.00000000099999999895 0.00000000099999999895 0.60040726278956801920 0.00000000099999999895 0.00000000099999999895 0.00000000099999999895 0.00000000099999999895 
0.00000000130991400376 0.00000000099999999979 0.00000000099999999979 0.00000000099999999979 0.00000000099999999979 0.24333026741651095359 0.00000000099999999979 0.00000000099999999979 0.00000000099999999979 0.75666972427357503950 
0.00000000099999999957 0.00000000099999999957 0.00000000099999999957 0.00000000099999999957 0.00000000099999999957 0.00000000099999999957 0.64844758138902303113 0.00000000099999999957 0.35155241061097686206 0.00000000099999999957 
0.44908869880562635180 0.22378455724058771148 0.00000000099999999971 0.00000000099999999971 0.00000000099999999971 0.00000000099999999971 0.00000000099999999971 0.00000000099999999971 0.32712673695378619021 0.00000000099999999971 
0.00000000099999999979 0.00000000099999999979 0.11331396731703798075 0.00000000099999999979 0.00000000099999999979 0.00000000099999999979 0.88668602468296209285 0.00000000099999999979 0.00000000099999999979 0.00000000099999999979 
0.00000000099999999922 0.00000000099999999922 0.00000000099999999922 0.00000000099999999922 0.00000000099999999922 0.99999999100000014352 0.00000000099999999922 0.00000000099999999922 0.00000000099999999922 0.00000000099999999922 
0.00000000099999999966 0.34274946923885790673 0.00000000099999999966 0.00000000099999999966 0.00000000099999999966 0.00000000099999999966 0.00000000099999999966 0.00000000099999999966 0.00000000099999999966 0.65725052276114181993 
0.04658367983766958931 0.74439251055574573446 0.00000000099999999966 0.00000000099999999966 0.00000000099999999966 0.20902380260658481870 0.00000000099999999966 0.00000000099999999966 0.00000000099999999966 0.00000000099999999966 
0.00000000099999999961 0.53143415351131706448 0.46856583848868310627 0.00000000099999999961 0.00000000099999999961 0.00000000099999999961 0.00000000099999999961 0.00000000099999999961 0.00000000099999999961 0.00000000099999999961 
0.00000000099999999982 0.00000000099999999982 0.00000000099999999982 0.00000000099999999982 0.38869845453676815650 0.00000000099999999982 0.00000000099999999982 0.00000000099999999982 0.61130153746323168118 0.00000000099999999982 
0.00000000099999999971 0.92324517001667649740 0.00000000099999999971 0.00000000099999999971 0.00000000099999999971 0.07675482198332357620 0.00000000099999999971 0.00000000099999999971 0.00000000099999999971 0.00000000099999999971 
0.00000000099999999948 0.00000000099999999948 0.00000000099999999948 0.00000000099999999948 0.00000000099999999948 0.00000000099999999948 0.00000000099999999948 0.99999999099999992147 0.00000000099999999948 0.00000000099999999948 
