0.00000000099999999984 0.00000000099999999984 0.21626002735028970747 0.78373997064971034909 
0.00000000099999999997 0.52773625284921765743 0.30375925542265963530 0.16850449072812281881 
0.46500071110945251363 0.11968136201853525613 0.26463163788372923158 0.15068628898828309581 
0.17761553547713154755 0.71441525052559817777 0.00000000099999999996 0.10796921299727033072 
0.00000000099999999998 0.78065683005610575496 0.21934316794389430161 0.00000000099999999998 
0.00000000099999999998 0.39920800543648865544 0.52641817597199946910 0.07437381759151191762 
0.00000000099999999999 0.24295728894522206076 0.45333444878345868778 0.30370826127131933525 
0.00000000099999999990 0.00000000099999999990 0.99999999699999986280 0.00000000099999999990 
0.00000000099999999986 0.00000000099999999986 0.00000000099999999986 0.99999999699999997382 
0.00000000099999999960 0.00000000099999999960 0.00000000099999999960 0.99999999699999997382 
0.79485473902298986459 0.00000000099999999990 0.00000000099999999990 0.20514525897701016421 
0.00000000099999999990 0.00000000099999999990 0.38535392647254379517 0.61464607152745631691 
0.19057136834726695618 0.52746315300435964168 0.00000000099999999997 0.28196547764837343042 
0.60183944211315176798 0.00000000099999999982 0.00000000099999999982 0.39816055588684823308 
0.00000000099999999960 0.00000000099999999960 0.00000000099999999960 0.99999999699999997382 
0.00000000099999999990 0.00000000099999999990 0.99999999699999997382 0.00000000099999999990 
0.61705241657811127354 0.38294758142188867200 0.00000000099999999997 0.00000000099999999997 
0.53941923585772999505 0.00000000099999999993 0.00000000099999999993 0.46058076214227011702 
0.00000000099999999998 0.54550179339785687116 0.09445331073780063869 0.36004489486434254619 
0.77705815606634343062 0.00293495402303128395 0.22000688656270375732 0.00000000334792159366 
0.00000000099999999989 0.04968397771444597183 0.00000000099999999989 0.95031602028555406392 
0.00000000099999999987 0.00000000099999999987 0.00000000099999999987 0.99999999699999997382 
0.00000000099999999998 0.59116632244685995978 0.00000000099999999998 0.40883367555314009678 
0.00000000099999999977 0.00000000099999999977 0.00000000099999999977 0.99999999699999997382 
0.00000000099999999992 0.24626379800738940062 0.00000000099999999992 0.75373619999261065594 
0.00000000099999999996 0.74512926958076974859 0.15395979705337159427 0.10091093236585872706 
0.00000000099999999964 0.00000000099999999964 0.00000000099999999964 0.99999999700000008485 
0.44249860247760297582 0.15524614992773491662 0.39653711432514010538 0.00571813326952202213 
0.00000000099999999970 0.00000000099999999970 0.00000000099999999970 0.99999999699999997382 
0.25715860404823542851 0.64105542076257993056 0.00000000123617975987 0.10178597395300496842 
0.00000000099999999968 0.00000000099999999968 0.00000000099999999968 0.99999999699999997382 
0.00000000099999999997 0.18686657773709985930 0.81313342026290003073 0.00000000099999999997 
0.31556926314340399964 0.00000000099999999994 0.00000000099999999994 0.68443073485659600141 
0.00000000099999999997 0.57462155216731425345 0.00000000099999999997 0.42537844583268574761 
0.11597688405796288680 0.40687842947619079492 0.00000000099999999995 0.47714468546584631881 
0.59153734061023643953 0.32946427834155855852 0.00000000099999999996 0.07899838004820493309 
0.59627886513000127877 0.00000000099999999997 0.40372113286999872228 0.00000000099999999997 
0.06071486255930386849 0.52506992699275645275 0.00000000099999999997 0.41421520944793971397 
0.00000000099999999987 0.00000000099999999987 0.99999999699999997382 0.00000000099999999987 
0.00019385212526683396 0.65704234838391895046 0.00000000099999999995 0.34276379849081428652 
0.13368120610016381855 0.41829189719677906112 0.30144534648649939923 0.14658155021655777661 
0.82904975755099041823 0.00000000099999999985 0.00000000099999999985 0.17095024044900961058 
0.35745041809719085846 0.46045252806599396012 0.18209705283681518195 0.00000000099999999999 
0.48396471358547515917 0.51603528441452484188 0.00000000099999999996 0.00000000099999999996 
0.00000000099999999966 0.00000000099999999966 0.00000000099999999966 0.99999999700000008485 
0.99999999700000008485 0.00000000099999999988 0.00000000099999999988 0.00000000099999999988 
0.24106794595005195947 0.25121724925265537243 0.00000000099999999996 0.50771480379729272414 
0.99999999699999997382 0.00000000099999999987 0.00000000099999999987 0.00000000099999999987 
0.00000000099999999972 0.00000000099999999972 0.00000000099999999972 0.99999999700000008485 
0.00000000099999999966 0.00000000099999999966 0.00000000099999999966 0.99999999700000008485 
0.39658171348426862757 0.00000000099999999991 0.00000000099999999991 0.60341828451573120695 
0.00000000099999999994 0.16446482347220253706 0.83553517452779735297 0.00000000099999999994 
0.00000000099999999999 0.65094332356421369390 0.26909325365093389459 0.07996342178485246754 
0.99999999700000008485 0.00000000099999999992 0.00000000099999999992 0.00000000099999999992 
0.00000000099999999994 0.00000000099999999994 0.05852173499370814241 0.94147826300629178231 
0.00000000099999999994 0.77262089879285122951 0.00000000099999999994 0.22737909920714874379 
0.00000000099999999988 0.00000000099999999988 0.99999999699999986280 0.00000000099999999988 
0.43096013162542329278 0.00000000099999999986 0.00000000099999999986 0.56903986637457670827 
0.18271161997782986441 0.46751860530064848209 0.00000000099999999993 0.34976977372152157075 
0.08847751504883664964 0.09972570458211409139 0.00000000099999999995 0.81179677936904925950 
0.00000000099999999983 0.00000000099999999983 0.58048103341499390773 0.41951896458500592679 
0.00000000099999999960 0.00000000099999999960 0.00000000099999999960 0.99999999699999997382 
0.99999999700000008485 0.00000000099999999994 0.00000000099999999994 0.00000000099999999994 
0.00000000099999999988 0.00000000099999999988 0.82189858414380712048 0.17810141385619271404 
0.00000000099999999958 0.00000000099999999958 0.00000000099999999958 0.99999999700000008485 
0.56714458018680358187 0.00000000099999999999 0.08354861989259525223 0.34930679892060129133 
0.00000000099999999994 0.86173783330917086420 0.13826216469082922012 0.00000000099999999994 
0.26180424043254535427 0.25876444292937011982 0.00000000099999999997 0.47943131563808455420 
0.04117890865487009583 0.66372174615521639662 0.29509934418991345950 0.00000000100000000000 
0.00000000099999999984 0.00000000099999999984 0.00000000099999999984 0.99999999699999997382 
0.99999999699999997382 0.00000000099999999989 0.00000000099999999989 0.00000000099999999989 
0.81431578567680196201 0.00000000099999999992 0.00000000099999999992 0.18568421232319801129 
0.64019711410315427447 0.32228081284231829828 0.03752207205452748329 0.00000000099999999998 
0.21236297350516594729 0.68087680358322233420 0.00000000099999999994 0.10676022191161166353 
0.87344174763926352156 0.07599964013323823320 0.00000000099999999997 0.05055861122749821107 
0.00000000099999999987 0.00000000099999999987 0.99999999699999997382 0.00000000099999999987 
