0.18257479025058456767 0.81742520874941548836 0.00000000099999999991 
0.78331265468915145522 0.21665571232681785085 0.00003163298403078582 
0.27792368146701884601 0.20890348404209099775 0.51317283449089023950 
0.41937583764813696208 0.08715924721403807418 0.49346491513782492211 
0.83892528443002534200 0.01238761217309092624 0.14868710339688373523 
0.86190824426236389844 0.13809175473763601882 0.00000000099999999999 
0.61563450173574185698 0.35848576623209371661 0.02587973203216438825 
0.99999999800000005656 0.00000000099999999990 0.00000000099999999990 
0.00000000099999999990 0.99999999799999994554 0.00000000099999999990 
0.00000000099999999972 0.99999999799999994554 0.00000000099999999972 
0.00000000099999999993 0.27527715066780372721 0.72472284833219624556 
0.35491330056172259999 0.64508669843827726176 0.00000000099999999992 
0.31081196389822074444 0.28114908966221158204 0.40803894643956761801 
0.00000000099999999989 0.47981219248712608794 0.52018780651287388483 
0.00000000099999999972 0.99999999799999994554 0.00000000099999999972 
0.99999999800000005656 0.00000000099999999993 0.00000000099999999993 
0.23230862307899530217 0.00000000099999999999 0.76769137592100467060 
0.00000000099999999996 0.51748928668003346676 0.48251071231996667255 
0.40780936638548892503 0.33964313819898944713 0.25254749541552162784 
0.21980552417765120143 0.00000024613236448275 0.78019422968998441981 
0.04347569363831024769 0.95652430536168986386 0.00000000099999999991 
0.00000000099999999991 0.99999999800000005656 0.00000000099999999991 
0.33410164739931608180 0.36999845812522330624 0.29589989447546061196 
0.00000000099999999983 0.99999999799999994554 0.00000000099999999983 
0.13304931380435838784 0.74813236602305832612 0.11881832017258328604 
0.73304635326262590489 0.16236329154191217472 0.10459035519546186488 
0.00000000099999999975 0.99999999800000005656 0.00000000099999999975 
0.44368548719393813284 0.07385170119903497477 0.48246281160702692015 
0.00000000099999999978 0.99999999800000005656 0.00000000099999999978 
0.48700245275512776821 0.08834327806345781964 0.42465426918141441215 
0.00000000099999999978 0.99999999799999994554 0.00000000099999999978 
0.91059289330532888762 0.00000000099999999997 0.08940710569467107127 
0.00000000099999999995 0.71874084190130693717 0.28125915709869309111 
0.34930843335399419658 0.38239388616570235691 0.26829768048030350203 
0.00000000099999999999 0.48844020188680947747 0.51155979711319055081 
0.19254916253528261971 0.12560163669376123163 0.68184920077095623192 
0.40873834839457356960 0.00000000099999999999 0.59126165060542656970 
0.23488207443854144940 0.37618899015448870049 0.38892893540696982235 
0.84328095225700183679 0.00000000099999999997 0.15671904674299821925 
0.25107925704479261420 0.27929440570280228417 0.46962633725240515714 
0.55057433640527475571 0.16016310224754912173 0.28926256134717615032 
0.00000000099999999991 0.26251171758475683182 0.73748828141524325197 
0.46182453929061823006 0.00000000099999999999 0.53817545970938185373 
0.23018105643884698153 0.00000000099999999999 0.76981894256115301900 
0.00000000099999999977 0.99999999799999994554 0.00000000099999999977 
0.00000000099999999993 0.07765454523219737781 0.92234545376780263659 
0.00000000099999999997 0.53270837640305934713 0.46729162259694062564 
0.00000000099999999993 0.04676087724557475428 0.95323912175442526706 
0.00000000099999999978 0.99999999799999994554 0.00000000099999999978 
0.00000000099999999976 0.99999999800000005656 0.00000000099999999976 
0.00000000099999999994 0.64701469896964780570 0.35298530003035216707 
0.99999999799999994554 0.00000000099999999991 0.00000000099999999991 
0.67124110397405500894 0.09704107606596845681 0.23171781995997647874 
0.00000000099999999995 0.00000000099999999995 0.99999999800000005656 
0.04729582867651589695 0.95270417032348397868 0.00000000099999999995 
0.55852620275704745190 0.19649455737007587297 0.24497923987287675840 
0.79817598456869764956 0.09803262271707476050 0.10379139271422763158 
0.00000000099999999992 0.60653523289375732563 0.39346476610624264714 
0.18370022717170225723 0.32709266207457587949 0.48920711075372202981 
0.00000000099999999996 0.81708285729963858746 0.18291714170036149634 
0.48273744052157679940 0.51726255847842328439 0.00000000099999999993 
0.00000000099999999972 0.99999999800000005656 0.00000000099999999972 
0.00000000099999999996 0.06244267451966403065 0.93755732448033601845 
0.67940562963445871869 0.32059436936554119857 0.00000000099999999995 
0.00000000099999999970 0.99999999799999994554 0.00000000099999999970 
0.06591735217460119312 0.41096932555053938829 0.52311332227485951574 
0.82756497806735729306 0.00000000099999999999 0.17243502093264262420 
0.11538144747114963129 0.49411627152859172174 0.39050228100025868860 
0.75662678307109187958 0.00473538551195181682 0.23863783141695621426 
0.00000000099999999988 0.99999999800000005656 0.00000000099999999988 
0.00000000099999999994 0.05754041227561339233 0.94245958672438656656 
0.00000000099999999994 0.26212399854066364968 0.73787600045933643411 
0.20812969926449845226 0.00000000099999999999 0.79187029973550160378 
0.30014219822793997139 0.09801132831858615224 0.60184647345347397351 
0.00000000099999999997 0.10380030680511433128 0.89619969219488559986 
0.99999999799999994554 0.00000000099999999993 0.00000000099999999993 
