0.23388115726160249586 0.00000000099999999958 0.76611883673839753506 0.00000000099999999958 0.00000000099999999958 0.00000000099999999958 0.00000000099999999958 0.00000000099999999958 
0.00000000099999999960 0.00000000099999999960 0.00000000099999999960 0.00000000099999999960 0.00000000099999999960 0.00000000099999999960 0.00000000099999999960 0.99999999300000008695 
0.31059685937661629662 0.00000000099999999993 0.09345130987070014716 0.31307641938795444103 0.00000000099999999993 0.00000000099999999993 0.28287540736472910341 0.00000000099999999993 
0.00000000099999999990 0.00000000099999999990 0.00000000099999999990 0.36314569371160970723 0.45707115469754600046 0.00000000099999999990 0.07228938717763741528 0.10749376041320690689 
0.00000000099999999982 0.53093001714600629448 0.00000000099999999982 0.00000000099999999982 0.13335882168135476666 0.00000000099999999982 0.00000000099999999982 0.33571115617263896924 
0.47435214980727025136 0.38310361818856936145 0.00000000099999999990 0.00000000099999999990 0.14254422700416052860 0.00000000099999999990 0.00000000099999999990 0.00000000099999999990 
0.50125891183879522917 0.00000000099999999984 0.12959959214992428089 0.00000000099999999984 0.19576541344442088821 0.00000000099999999984 0.17337607856685968710 0.00000000099999999984 
0.79466845641223549102 0.20533153758776462317 0.00000000099999999971 0.00000000099999999971 0.00000000099999999971 0.00000000099999999971 0.00000000099999999971 0.00000000099999999971 
0.00000000099999999966 0.00000000099999999966 0.86489594088087162760 0.00000000099999999966 0.00000000099999999966 0.00000000099999999966 0.13510405311912837556 0.00000000099999999966 
0.00000000099999999915 0.00000000099999999915 0.99999999300000008695 0.00000000099999999915 0.00000000099999999915 0.00000000099999999915 0.00000000099999999915 0.00000000099999999915 
0.00000000099999999975 0.00000000099999999975 0.04134595934625041880 0.00000000099999999975 0.00000000099999999975 0.83246222422723170631 0.12619181142651778038 0.00000000099999999975 
0.33588558246746347269 0.00000000099999999974 0.58361354708847434924 0.00000000099999999974 0.00000000099999999974 0.00000000099999999974 0.00000000099999999974 0.08050086544406225009 
0.00000000099999999991 0.00000000099999999991 0.12612016353187383011 0.00000000099999999991 0.49732211574375945196 0.12031047710232335712 0.00000000099999999991 0.25624723962204343231 
0.00000000099999999951 0.00000000099999999951 0.21302794783223008568 0.00000000099999999951 0.00000000099999999951 0.78697204616776994524 0.00000000099999999951 0.00000000099999999951 
0.00000000099999999917 0.00000000099999999917 0.99999999299999997593 0.00000000099999999917 0.00000000099999999917 0.00000000099999999917 0.00000000099999999917 0.00000000099999999917 
0.99999999300000019797 0.00000000099999999979 0.00000000099999999979 0.00000000099999999979 0.00000000099999999979 0.00000000099999999979 0.00000000099999999979 0.00000000099999999979 
0.00000000099999999986 0.23001031547946559908 0.00000000099999999986 0.47189570895689059160 0.00000000099999999986 0.17602200930102773757 0.00000000099999999986 0.12207196226261608774 
0.00000000099999999976 0.00000000099999999976 0.00000000099999999976 0.00000000099999999976 0.00000000099999999976 0.21505871969891884876 0.78494127430108118215 0.00000000099999999976 
0.08844734282488847521 0.21148571044259639740 0.22479057702684029918 0.00000000099999999986 0.47527636570567483032 0.00000000099999999986 0.00000000099999999986 0.00000000099999999986 
0.00000000099999999993 0.27856099517801569121 0.00000000099999999993 0.00000000099999999993 0.00000000099999999993 0.72143899882198425644 0.00000000099999999993 0.00000000099999999993 
0.00000000099999999971 0.00000000099999999971 0.94496657761428248801 0.00000000099999999971 0.00000000099999999971 0.00000000099999999971 0.00000000099999999971 0.05503341638571765393 
0.00000000099999999959 0.00000000099999999959 0.82935378854343511090 0.00000000099999999959 0.00000000099999999959 0.00000000099999999959 0.17064620545656489226 0.00000000099999999959 
0.00000000099999999990 0.45928794268859335359 0.32517540266048650111 0.21553664645480560824 0.00000000099999999990 0.00000000099999999990 0.00000000419611454187 0.00000000099999999990 
0.00000000099999999940 0.00000000099999999940 0.99999999299999997593 0.00000000099999999940 0.00000000099999999940 0.00000000099999999940 0.00000000099999999940 0.00000000099999999940 
0.00000000099999999988 0.00000612344805988060 0.72676477955368823380 0.00000000099999999988 0.27241356606050787237 0.00000000099999999988 0.00000000099999999988 0.00081552693774421833 
0.00000000099999999963 0.99999999300000008695 0.00000000099999999963 0.00000000099999999963 0.00000000099999999963 0.00000000099999999963 0.00000000099999999963 0.00000000099999999963 
0.00000000099999999934 0.00000000099999999934 0.99999999300000008695 0.00000000099999999934 0.00000000099999999934 0.00000000099999999934 0.00000000099999999934 0.00000000099999999934 
0.30907386143363363429 0.20810132160590652517 0.00000000099999999986 0.00000000099999999986 0.00000000099999999986 0.48282481196045995420 0.00000000099999999986 0.00000000099999999986 
0.00000000099999999925 0.00000000099999999925 0.99999999300000008695 0.00000000099999999925 0.00000000099999999925 0.00000000099999999925 0.00000000099999999925 0.00000000099999999925 
0.00000000099999999987 0.00000000099999999987 0.00000804657385044705 0.44196574834425028655 0.27107006259556409855 0.00000000099999999987 0.00000000099999999987 0.28695613848633533260 
0.00000000099999999931 0.00000000099999999931 0.99999999299999997593 0.00000000099999999931 0.00000000099999999931 0.00000000099999999931 0.00000000099999999931 0.00000000099999999931 
0.35849014133104772917 0.64150985266895244052 0.00000000099999999977 0.00000000099999999977 0.00000000099999999977 0.00000000099999999977 0.00000000099999999977 0.00000000099999999977 
0.00000000099999999963 0.00000000099999999963 0.60634686071642773797 0.00000000099999999963 0.00000000099999999963 0.00000000099999999963 0.39365313328357226519 0.00000000099999999963 
0.00000000099999999986 0.43884440374942856877 0.29232206172248409448 0.00000000099999999986 0.00000000099999999986 0.00000000099999999986 0.26883352952808736713 0.00000000099999999986 
0.00000000099999999982 0.17320301430581255819 0.35807877459186310265 0.00000000099999999982 0.00000000099999999982 0.00000000099999999982 0.46871820610232428628 0.00000000099999999982 
0.00000000099999999987 0.10970446916069147292 0.00000000099999999987 0.00000000099999999987 0.33897995958389515181 0.55131556625541333627 0.00000000099999999987 0.00000000099999999987 
0.30018252959294455806 0.00000000099999999993 0.00000000099999999993 0.31649885878979794329 0.00000000099999999993 0.14385492419322781776 0.14550601279617500494 0.09395767162785460813 
0.00000000099999999989 0.16121132623826339714 0.22619966179308104159 0.00000000099999999989 0.00000000099999999989 0.00000000099999999989 0.33113398390567838625 0.28145502406297712161 
0.99999999300000008695 0.00000000099999999967 0.00000000099999999967 0.00000000099999999967 0.00000000099999999967 0.00000000099999999967 0.00000000099999999967 0.00000000099999999967 
0.00000000099999999971 0.00000000099999999971 0.08953205378682366211 0.00000000099999999971 0.91046794021317634105 0.00000000099999999971 0.00000000099999999971 0.00000000099999999971 
0.37116426117761502912 0.02982621199783663454 0.05497616037215444923 0.03842703677808510798 0.42973459039347533528 0.00077688628197920254 0.00000000168137619321 0.07509485131747808961 
0.00000000099999999969 0.00000000099999999969 0.00000000099999999969 0.00000000099999999969 0.00000000099999999969 0.99999999299999997593 0.00000000099999999969 0.00000000099999999969 
0.00000000099999999982 0.66298422172137472241 0.00000000099999999982 0.33701577227862533626 0.00000000099999999982 0.00000000099999999982 0.00000000099999999982 0.00000000099999999982 
0.00000000099999999990 0.27633363682906003644 0.00000000099999999990 0.48308482611693720488 0.24058153205400265029 0.00000000099999999990 0.00000000099999999990 0.00000000099999999990 
0.00000000099999999937 0.00000000099999999937 0.99999999300000008695 0.00000000099999999937 0.00000000099999999937 0.00000000099999999937 0.00000000099999999937 0.00000000099999999937 
0.00000000099999999976 0.00000000099999999976 0.00000000099999999976 0.63640500243949316150 0.00000000099999999976 0.24972792377593064361 0.11386706878457621139 0.00000000099999999976 
0.00000000099999999978 0.00000000099999999978 0.38758175606160599758 0.00000000099999999978 0.32333912775701717512 0.00000000099999999978 0.28907911118137685769 0.00000000099999999978 
0.00000000099999999978 0.00000000099999999978 0.00000000099999999978 0.36606525389593430608 0.00000000099999999978 0.48571410118446689541 0.14822063991959860685 0.00000000099999999978 
0.00000000099999999936 0.00000000099999999936 0.99999999300000008695 0.00000000099999999936 0.00000000099999999936 0.00000000099999999936 0.00000000099999999936 0.00000000099999999936 
0.00000000099999999937 0.00000000099999999937 0.99999999299999997593 0.00000000099999999937 0.00000000099999999937 0.00000000099999999937 0.00000000099999999937 0.00000000099999999937 
0.00000000099999999973 0.00000000099999999973 0.56608685389334245652 0.29794778054191711769 0.00000000099999999973 0.00000000099999999973 0.13596536056474034515 0.00000000099999999973 
0.60038932697427693785 0.00000000099999999975 0.00000000099999999975 0.00000000099999999975 0.00000000099999999975 0.00000000099999999975 0.00000000099999999975 0.39961066702572328735 
0.00000000099999999978 0.00000000099999999978 0.00000000099999999978 0.00000000099999999978 0.00000000099999999978 0.00000000099999999978 0.16676727813240213583 0.83323271586759783958 
0.00000000099999999982 0.00000000099999999982 0.00000000099999999982 0.63901248316426084717 0.00000479563345333955 0.36098271620228589152 0.00000000099999999982 0.00000000099999999982 
0.00000000099999999970 0.10372386613487805107 0.89627612786512200760 0.00000000099999999970 0.00000000099999999970 0.00000000099999999970 0.00000000099999999970 0.00000000099999999970 
0.00000000099999999989 0.42838770777668633283 0.06250678667455758508 0.00000000099999999989 0.50910550054875614023 0.00000000099999999989 0.00000000099999999989 0.00000000099999999989 
0.99999999300000019797 0.00000000099999999962 0.00000000099999999962 0.00000000099999999962 0.00000000099999999962 0.00000000099999999962 0.00000000099999999962 0.00000000099999999962 
0.00000000099999999973 0.00000000099999999973 0.46723924316885739882 0.00000000099999999973 0.00000000099999999973 0.23530433856470783782 0.29745641326643479374 0.00000000099999999973 
0.00000000099999999976 0.00000000099999999976 0.14603620536969036392 0.00000000099999999976 0.50675474264613407094 0.00000000099999999976 0.34720904698417554002 0.00000000099999999976 
0.00000000099999999975 0.00000000099999999975 0.75057375976199813827 0.00000000099999999975 0.24942623423800186488 0.00000000099999999975 0.00000000099999999975 0.00000000099999999975 
0.62994345165618703675 0.00000000099999999954 0.37005654234381296641 0.00000000099999999954 0.00000000099999999954 0.00000000099999999954 0.00000000099999999954 0.00000000099999999954 
0.00000000099999999913 0.00000000099999999913 0.99999999299999997593 0.00000000099999999913 0.00000000099999999913 0.00000000099999999913 0.00000000099999999913 0.00000000099999999913 
0.00000000099999999974 0.00000000099999999974 0.00000000099999999974 0.82120885254548015020 0.00000000099999999974 0.17879114145451982520 0.00000000099999999974 0.00000000099999999974 
0.86553491146801109224 0.00000000099999999968 0.13446508253198885541 0.00000000099999999968 0.00000000099999999968 0.00000000099999999968 0.00000000099999999968 0.00000000099999999968 
0.00000000099999999908 0.00000000099999999908 0.99999999299999997593 0.00000000099999999908 0.00000000099999999908 0.00000000099999999908 0.00000000099999999908 0.00000000099999999908 
0.00000000099999999984 0.00000000099999999984 0.22362571259756858222 0.00000000099999999984 0.00000000099999999984 0.77637428140243136543 0.00000000099999999984 0.00000000099999999984 
0.00000000099999999965 0.00000000099999999965 0.00000000099999999965 0.00000000099999999965 0.00000000099999999965 0.00000000099999999965 0.00000000099999999965 0.99999999299999997593 
0.00000000099999999990 0.00000000099999999990 0.36805558625437062581 0.12481277728320339104 0.21076911509037607462 0.00000000099999999990 0.29636251737204999390 0.00000000099999999990 
0.00000000099999999985 0.00000000099999999985 0.00000000099999999985 0.24962307340363512620 0.00000000099999999985 0.00000000099999999985 0.00000000099999999985 0.75037692059636484920 
0.00000000099999999952 0.00000000099999999952 0.99999999300000008695 0.00000000099999999952 0.00000000099999999952 0.00000000099999999952 0.00000000099999999952 0.00000000099999999952 
0.00000000099999999975 0.00000000099999999975 0.00000000099999999975 0.20970655216502026574 0.00000000099999999975 0.79029344183497973741 0.00000000099999999975 0.00000000099999999975 
0.00000000099999999978 0.00000000099999999978 0.17931290788066400754 0.59492485156073571240 0.00000000099999999978 0.22576223555860031045 0.00000000099999999978 0.00000000099999999978 
0.00000000099999999975 0.31332274590096659272 0.00000000099999999975 0.68667724809903341043 0.00000000099999999975 0.00000000099999999975 0.00000000099999999975 0.00000000099999999975 
0.00000000099999999976 0.00000000099999999976 0.00000000099999999976 0.00000000099999999976 0.99999999300000008695 0.00000000099999999976 0.00000000099999999976 0.00000000099999999976 
0.00000000099999999970 0.00000000099999999970 0.05172923108831541800 0.94827076291168466149 0.00000000099999999970 0.00000000099999999970 0.00000000099999999970 0.00000000099999999970 
0.74246908566257907580 0.00000000099999999967 0.00000000099999999967 0.00000000099999999967 0.00000000099999999967 0.00000000099999999967 0.00000000099999999967 0.25753090833742103838 
