0.81776077258132284786 0.00000000099999999991 0.18223922641867715266 
0.21789998198432916632 0.00002258904514601412 0.78207742897052467956 
0.20917959807819680451 0.51281061687454254638 0.27800978504726064910 
0.08755467676249455156 0.49178105737662497488 0.42066426586088045969 
0.01560640013530437131 0.14624669212502802718 0.83814690773966771253 
0.13883809480592301799 0.00000000099999999999 0.86116190419407689927 
0.35965632202334985035 0.02506827167012764396 0.61527540630652244324 
0.00000000099999999990 0.00000000099999999990 0.99999999799999994554 
0.99999999799999994554 0.00000000099999999990 0.00000000099999999990 
0.99999999799999994554 0.00000000099999999972 0.00000000099999999972 
0.27469821921706638612 0.72530177978293364216 0.00000000099999999993 
0.64579209889346844697 0.00000000099999999992 0.35420790010653169233 
0.28147856617404054536 0.40611367576522572342 0.31240775806073378673 
0.47920344975211209837 0.52079654924788776338 0.00000000099999999989 
0.99999999800000005656 0.00000000099999999972 0.00000000099999999972 
0.00000000099999999993 0.00000000099999999993 0.99999999799999994554 
0.00000000099999999999 0.76724007992813048062 0.23275991907186951990 
0.51704408196429596511 0.48295591703570400766 0.00000000099999999996 
0.34017457064046840998 0.25172365231135629404 0.40810177704817540700 
0.00011967141665442063 0.78006488650903993420 0.21981544207430581128 
0.95661400184350642295 0.00000000099999999991 0.04338599715649358451 
0.99999999799999994554 0.00000000099999999991 0.00000000099999999991 
0.37034485637091590915 0.29565603524992489781 0.33399910837915924855 
0.99999999799999994554 0.00000000099999999983 0.00000000099999999983 
0.74905064970823986847 0.11516199165450824449 0.13578735863725194255 
0.16342607574796080838 0.10384987760947592128 0.73272404664256340912 
0.99999999800000005656 0.00000000099999999975 0.00000000099999999975 
0.07421732546815489051 0.48198308841795212132 0.44379958611389302980 
0.99999999799999994554 0.00000000099999999978 0.00000000099999999978 
0.08896823221929626990 0.42335461125922319026 0.48767715652148052596 
0.99999999800000005656 0.00000000099999999978 0.00000000099999999978 
0.00000000099999999997 0.08960017396256476918 0.91039982503743532849 
0.71849777066790154745 0.28150222833209848083 0.00000000099999999995 
0.38292337560646216854 0.26733576618567678196 0.34974085820786104950 
0.48833338870226927764 0.51166661029773075064 0.00000000099999999999 
0.12531695005694368228 0.68117471370143312104 0.19350833624162322444 
0.00000000099999999999 0.59140218551458223484 0.40859781348541784896 
0.37646288872747163401 0.38722670772237260950 0.23631040355015561771 
0.00000000099999999997 0.15707156537813274366 0.84292843362186720135 
0.27931347709182324790 0.46517166152647720923 0.25551486138169943185 
0.16093938494307702403 0.28809937513213507154 0.55096123992478795994 
0.26170277182580992115 0.73829722717418999611 0.00000000099999999991 
0.00000000099999999999 0.53824534490173492340 0.46175465409826504937 
0.00000000099999999999 0.76865359915915820732 0.23134639984084176545 
0.99999999799999994554 0.00000000099999999977 0.00000000099999999977 
0.07669884150110166388 0.92330115749889829502 0.00000000099999999993 
0.53262289909659732423 0.46737709990340270405 0.00000000099999999997 
0.04568375441444294527 0.95431624458555708301 0.00000000099999999993 
0.99999999800000005656 0.00000000099999999978 0.00000000099999999978 
0.99999999800000005656 0.00000000099999999976 0.00000000099999999976 
0.64680733196699546905 0.35319266703300444821 0.00000000099999999994 
0.00000000099999999991 0.00000000099999999991 0.99999999800000005656 
0.09831595373601147159 0.23085757657641778340 0.67082646968757075889 
0.00000000099999999995 0.99999999800000005656 0.00000000099999999995 
0.95287395911284333838 0.00000000099999999995 0.04712603988715674541 
0.19731251905705540772 0.24415991845900553159 0.55852756248393908844 
0.09959934922294497173 0.10406349328197038451 0.79633715749508460213 
0.60621632991710205918 0.39378366908289791359 0.00000000099999999992 
0.32722020319803835076 0.48612849493897924980 0.18665130186298239945 
0.81704436148835957177 0.18295563751164040101 0.00000000099999999996 
0.51813748036840268085 0.00000000099999999993 0.48186251863159734743 
0.99999999799999994554 0.00000000099999999972 0.00000000099999999972 
0.06152914958015053004 0.93847084941984948436 0.00000000099999999996 
0.32199762635356060647 0.00000000099999999995 0.67800237264643925528 
0.99999999800000005656 0.00000000099999999970 0.00000000099999999970 
0.41079979626749735244 0.52327415163341894910 0.06592605209908365682 
0.00000000099999999999 0.17086401138076082185 0.82913598761923923419 
0.49399986355644237568 0.38983007291598464894 0.11617006352757297538 
0.00967151590855127100 0.23563458609754001083 0.75469389799390862450 
0.99999999799999994554 0.00000000099999999988 0.00000000099999999988 
0.05643032379720597236 0.94356967520279400041 0.00000000099999999994 
0.26151106136997381846 0.73848893763002609880 0.00000000099999999994 
0.00000000099999999999 0.79171924470619137182 0.20828075429380873973 
0.09794711584053508724 0.59961218583231079560 0.30244069832715408941 
0.10356108013036570414 0.89643891886963433802 0.00000000099999999997 
0.00000000099999999993 0.00000000099999999993 0.99999999800000005656 
