0.00000000099999999971 0.00000000099999999971 0.00000000099999999971 0.75373495901462661539 0.00000000099999999971 0.24626503698537330345 
0.99999999500000014141 0.00000000099999999978 0.00000000099999999978 0.00000000099999999978 0.00000000099999999978 0.00000000099999999978 
0.00921231326026954352 0.28790250147162593786 0.32500662510307060105 0.08567325090978927804 0.00000000099999999998 0.29220530825524476670 
0.28640669444062039073 0.71359330155937972240 0.00000000099999999996 0.00000000099999999996 0.00000000099999999996 0.00000000099999999996 
0.47680795529860037218 0.00000071204668223445 0.00000000099999999993 0.00000000099999999993 0.52319132965471726315 0.00000000099999999993 
0.00000000099999999995 0.00002011774528300492 0.00000000099999999995 0.00000000099999999995 0.48131937559024245976 0.51866050366447458142 
0.00000000099999999988 0.38751816357369905930 0.00000000099999999988 0.13011912175275686110 0.00000000099999999988 0.48236271167354410894 
0.00000000099999999982 0.00000000099999999982 0.00000000099999999982 0.00000000099999999982 0.29093889487556356954 0.70906110112443643256 
0.00000000099999999981 0.00000000099999999981 0.00000000099999999981 0.99999999499999991937 0.00000000099999999981 0.00000000099999999981 
0.00000000099999999937 0.00000000099999999937 0.00000000099999999937 0.99999999499999991937 0.00000000099999999937 0.00000000099999999937 
0.00000000099999999986 0.00000000099999999986 0.80281242553745679746 0.19718757046254312137 0.00000000099999999986 0.00000000099999999986 
0.07389843186748742965 0.00000000099999999984 0.00000000099999999984 0.56905458260421071248 0.00000000099999999984 0.35704698252830180394 
0.32090426824580686738 0.39360564248534668508 0.10918018988598583718 0.17630989738286059754 0.00000000099999999995 0.00000000099999999995 
0.00000000099999999970 0.00000000099999999970 0.61656121904995475624 0.38343877695004513484 0.00000000099999999970 0.00000000099999999970 
0.00000000099999999937 0.00000000099999999937 0.00000000099999999937 0.99999999499999991937 0.00000000099999999937 0.00000000099999999937 
0.00000000099999999987 0.00000000099999999987 0.00000000099999999987 0.00000000099999999987 0.00000012202792120184 0.99999987397207878992 
0.15644247731330862550 0.00000000099999999990 0.59210046238175340072 0.00000000099999999990 0.25145705730493794761 0.00000000099999999990 
0.00000000099999999991 0.00000000099999999991 0.53874631123596794513 0.46125368476403200146 0.00000000099999999991 0.00000000099999999991 
0.00000000099999999994 0.47933886931989794222 0.00000000099999999994 0.21559338720647178156 0.16953620068604405291 0.13553154078758611334 
0.00000000099999999997 0.00000000099999999997 0.67358684904696086715 0.00000000099999999997 0.32641314695303907945 0.00000000099999999997 
0.05868127873665932720 0.00000000099999999982 0.00000000099999999982 0.94131871726334059858 0.00000000099999999982 0.00000000099999999982 
0.00000000099999999980 0.00000000099999999980 0.00000000099999999980 0.99999999499999991937 0.00000000099999999980 0.00000000099999999980 
0.00000000099999999992 0.20887614355194086824 0.00000000099999999992 0.31626809532540306469 0.47485575812265595763 0.00000000099999999992 
0.00000000099999999962 0.00000000099999999962 0.00000000099999999962 0.99999999499999991937 0.00000000099999999962 0.00000000099999999962 
0.00000000099999999987 0.00000000099999999987 0.00000000099999999987 0.73026904287057337051 0.26973095312942646506 0.00000000099999999987 
0.00000000099999999981 0.00000000099999999981 0.00000000099999999981 0.00001202291019402594 0.99998797308980591492 0.00000000099999999981 
0.00000000099999999944 0.00000000099999999944 0.00000000099999999944 0.99999999499999991937 0.00000000099999999944 0.00000000099999999944 
0.00000000099999999995 0.00000000099999999995 0.39510628916346635098 0.00000000099999999995 0.24072820756300070122 0.36416550027353294938 
0.00000000099999999952 0.00000000099999999952 0.00000000099999999952 0.99999999500000003039 0.00000000099999999952 0.00000000099999999952 
0.45630588567723034954 0.28906204618748776447 0.25061049947644742364 0.00329933753044864275 0.00072223012838586425 0.00000000099999999999 
0.00000000099999999951 0.00000000099999999951 0.00000000099999999951 0.99999999500000003039 0.00000000099999999951 0.00000000099999999951 
0.00000000099999999984 0.00000000099999999984 0.00000000099999999984 0.00000000099999999984 0.61758168085509257406 0.38241831514490742805 
0.00000000099999999985 0.32300354147927834436 0.00000000099999999985 0.67699645452072165774 0.00000000099999999985 0.00000000099999999985 
0.00000000099999999992 0.20236786518170693516 0.00000000099999999992 0.35167050860245385735 0.44596162321583920907 0.00000000099999999992 
0.00000000099999999990 0.42889834639824070406 0.00000000099999999990 0.40709792665970651049 0.16400372394205275928 0.00000000099999999990 
0.00000000099999999996 0.28540116243603425028 0.54543002999874756753 0.02563806281175937465 0.14353074275345861777 0.00000000099999999996 
0.15940842190918780297 0.00000000099999999994 0.53161428187833026371 0.00000000099999999994 0.00000000099999999994 0.30897729321248196266 
0.31707727193680629307 0.00000000099999999994 0.07633145352653436522 0.34141138729982539735 0.26517988523683383439 0.00000000099999999994 
0.00000000099999999983 0.00000000099999999983 0.00000000099999999983 0.00000000099999999983 0.20215885538376207609 0.79784114061623800929 
0.00000000099999999983 0.85672490224147901383 0.00000000099999999983 0.14327509375852112705 0.00000000099999999983 0.00000000099999999983 
0.11422432912793634152 0.31539037552977261525 0.04033804759346523716 0.04335950026908990534 0.14507599305647980725 0.34161175442325630858 
0.00000000099999999975 0.00000000099999999975 0.84174262900154672717 0.15825736699845335820 0.00000000099999999975 0.00000000099999999975 
0.00000000099999999990 0.00000000099999999990 0.21938252860965815061 0.00000000099999999990 0.78061746739034187925 0.00000000099999999990 
0.13451218674956960664 0.12507559125480491313 0.45737044823698819185 0.00000000099999999994 0.28304177175863720617 0.00000000099999999994 
0.00000000099999999946 0.00000000099999999946 0.00000000099999999946 0.99999999500000003039 0.00000000099999999946 0.00000000099999999946 
0.00000000099999999980 0.00000000099999999980 0.99999999499999991937 0.00000000099999999980 0.00000000099999999980 0.00000000099999999980 
0.00000000099999999982 0.54436142756191985281 0.00000000099999999982 0.45563856843808031583 0.00000000099999999982 0.00000000099999999982 
0.00000000099999999978 0.00000000099999999978 0.99999999500000003039 0.00000000099999999978 0.00000000099999999978 0.00000000099999999978 
0.00000000099999999953 0.00000000099999999953 0.00000000099999999953 0.99999999500000003039 0.00000000099999999953 0.00000000099999999953 
0.00000000099999999948 0.00000000099999999948 0.00000000099999999948 0.99999999499999991937 0.00000000099999999948 0.00000000099999999948 
0.00000000099999999986 0.00000000099999999986 0.40834176463596782991 0.59165823136403228322 0.00000000099999999986 0.00000000099999999986 
0.39516918350703206242 0.00000000099999999985 0.00000000099999999985 0.00000000099999999985 0.00000000099999999985 0.60483081249296788418 
0.99999999500000014141 0.00000000099999999982 0.00000000099999999982 0.00000000099999999982 0.00000000099999999982 0.00000000099999999982 
0.00000000099999999989 0.00000000099999999989 0.99999999500000003039 0.00000000099999999989 0.00000000099999999989 0.00000000099999999989 
0.00000000099999999982 0.00000000099999999982 0.00000000099999999982 0.90633264328262563847 0.09366735271737416935 0.00000000099999999982 
0.19755215763039729593 0.30582553427390102296 0.00000000099999999994 0.09848461817509839011 0.39813768792060316715 0.00000000099999999994 
0.00000000099999999969 0.00000000099999999969 0.00000000099999999969 0.00000000099999999969 0.00000000099999999969 0.99999999499999991937 
0.00000000099999999980 0.00000000099999999980 0.43922364845402001032 0.56077634754597993627 0.00000000099999999980 0.00000000099999999980 
0.00000000099999999979 0.81418814570651509843 0.00000000099999999979 0.18581185029348507021 0.00000000099999999979 0.00000000099999999979 
0.00000000099999999982 0.23255582678905914462 0.00000000099999999982 0.76744416921094094075 0.00000000099999999982 0.00000000099999999982 
0.00000000099999999965 0.00000000099999999965 0.00000000099999999965 0.33993791738823719850 0.00000000099999999965 0.66006207861176280360 
0.00000000099999999937 0.00000000099999999937 0.00000000099999999937 0.99999999499999991937 0.00000000099999999937 0.00000000099999999937 
0.00000000099999999987 0.00000000099999999987 0.99999999499999991937 0.00000000099999999987 0.00000000099999999987 0.00000000099999999987 
0.00000000099999999977 0.00000000099999999977 0.00000000099999999977 0.10334984362585221407 0.00000000099999999977 0.89665015237414780191 
0.00000000099999999932 0.00000000099999999932 0.00000000099999999932 0.99999999500000003039 0.00000000099999999932 0.00000000099999999932 
0.00000000099999999999 0.00000000099999999999 0.52251949016151033600 0.34070175154113124805 0.09210566377789862480 0.04467309251945975057 
0.99999999500000003039 0.00000000099999999977 0.00000000099999999977 0.00000000099999999977 0.00000000099999999977 0.00000000099999999977 
0.00000000099999999991 0.50564213646054301243 0.07891635470891181225 0.41544150583054523240 0.00000000099999999991 0.00000000099999999991 
0.89529889883762536762 0.00000000099999999993 0.00000000099999999993 0.00000000099999999993 0.10470109716237481490 0.00000000099999999993 
0.00000000099999999974 0.00000000099999999974 0.00000000099999999974 0.99999999499999991937 0.00000000099999999974 0.00000000099999999974 
0.00000000099999999980 0.00000000099999999980 0.99999999500000003039 0.00000000099999999980 0.00000000099999999980 0.00000000099999999980 
0.00000000099999999986 0.00000000099999999986 0.82757397921538056185 0.17242601678461946801 0.00000000099999999986 0.00000000099999999986 
0.00000000099999999985 0.00000000099999999985 0.60996369654468018950 0.00000000099999999985 0.39003629945531970158 0.00000000099999999985 
0.16293903781806359787 0.83706095818193637648 0.00000000099999999990 0.00000000099999999990 0.00000000099999999990 0.00000000099999999990 
0.00000000099999999993 0.00000000099999999993 0.89212269091153306722 0.03234000158117660007 0.07553730450729032042 0.00000000099999999993 
0.18768950715414131625 0.00000000099999999978 0.00000000099999999978 0.00000000099999999978 0.00000000099999999978 0.81231048884585865810 
