0.18223012934796029016 0.00000000099999999991 0.81776986965203968261 
0.78206109669417478436 0.00000379638712654226 0.21793510691869869000 
0.27801674956743310796 0.51279335652891566699 0.20918989390365122505 
0.42055282471309973769 0.49189696386406051021 0.08755021142283966884 
0.83809257652413193806 0.14615195393790764156 0.01575546953796026425 
0.86114155906383815786 0.00000059349642015086 0.13885784743974174948 
0.61524109130823545488 0.02508407438168630890 0.35967483431007812866 
0.99999999800000005656 0.00000000099999999990 0.00000000099999999990 
0.00000000099999999990 0.00000000099999999990 0.99999999800000005656 
0.00000000099999999972 0.00000000099999999972 0.99999999799999994554 
0.00000000099999999993 0.72531450703035771355 0.27468549196964231474 
0.35419719776822156110 0.00000000099999999992 0.64580280123177846718 
0.31234746287429160372 0.40616960343785202259 0.28148293368785637369 
0.00000000099999999989 0.52079963853689292819 0.47920036046310704458 
0.00000000099999999972 0.00000000099999999972 0.99999999800000005656 
0.99999999800000005656 0.00000000099999999993 0.00000000099999999993 
0.23272813786675619618 0.76727181590109228004 0.00000004623215161820 
0.00000000099999999996 0.48294747107109176065 0.51705252792890821212 
0.40800858398098155400 0.25181604586332795304 0.34017537015569043746 
0.21980787911237759102 0.78003520835056738836 0.00015691253705503593 
0.04338258234200869506 0.00000000099999999991 0.95661741665799127077 
0.00000000099999999991 0.00000000099999999991 0.99999999800000005656 
0.33397571351654981031 0.29567082313173320696 0.37035346335171692722 
0.00000000099999999983 0.00000000099999999983 0.99999999799999994554 
0.13600499392277970445 0.11486419506893960629 0.74913081100828082803 
0.73273298670405972999 0.10379847852616945481 0.16346853476977088460 
0.00000000099999999975 0.00000000099999999975 0.99999999799999994554 
0.44380388239606577416 0.48197308671480154629 0.07422303088913276281 
0.00000000099999999978 0.00000000099999999978 0.99999999799999994554 
0.48759900124574040436 0.42342270912742568933 0.08897828962683396181 
0.00000000099999999978 0.00000000099999999978 0.99999999799999994554 
0.91051056985474354555 0.08948942914525637171 0.00000000099999999997 
0.00000000099999999995 0.28151234840111671875 0.71848765059888342055 
0.34973402037742667980 0.26732340931461595623 0.38294257030795741947 
0.00000690490203107650 0.51166354885376419404 0.48832954624420482626 
0.19343095556397119084 0.68125235732720701431 0.12531668710882185036 
0.40861321488367574606 0.59138649677084498268 0.00000028834547932518 
0.23632622989974275129 0.38719625849438699117 0.37647751160587011876 
0.84297166159764980176 0.15702833740235028204 0.00000000099999999997 
0.25530646981679055996 0.46536994403433307177 0.27932358614887642378 
0.55092034395810207670 0.28813770234895053068 0.16094195369294736486 
0.00000000099999999991 0.73830459857800001533 0.26169540042200001295 
0.46177950959672020570 0.53822041681930832269 0.00000007358397146022 
0.23128380000793596905 0.76871617463365771172 0.00000002535840637156 
0.00000000099999999977 0.00000000099999999977 0.99999999799999994554 
0.00000000099999999993 0.92329741895448980138 0.07670258004551035180 
0.00000000099999999997 0.46737878682997263668 0.53262121217002744711 
0.00000000099999999993 0.95432286496012630472 0.04567713403987364029 
0.00000000099999999978 0.00000000099999999978 0.99999999799999994554 
0.00000000099999999976 0.00000000099999999976 0.99999999799999994554 
0.00000000099999999994 0.35318875272379740560 0.64681124627620267820 
0.99999999800000005656 0.00000000099999999991 0.00000000099999999991 
0.67083539953852000526 0.23083656502839272617 0.09832803543308742122 
0.00000000099999999995 0.99999999799999994554 0.00000000099999999995 
0.04711728800339064216 0.00000000099999999995 0.95288271099660937224 
0.55848958003327597854 0.24420152049490309598 0.19730889947182100874 
0.79637301212837652287 0.10400703849195472306 0.09961994937966876795 
0.00000000099999999992 0.39379287499032350484 0.60620712400967646794 
0.18653656706646576380 0.48624536462351697352 0.32721806831001726268 
0.00000000099999999996 0.18296078701922266485 0.81703921198077722465 
0.48184772252125990244 0.00000000099999999993 0.51815227647874018135 
0.00000000099999999972 0.00000000099999999972 0.99999999799999994554 
0.00000000099999999996 0.93848504764660500843 0.06151495135339499210 
0.67805635504041195105 0.00000000099999999995 0.32194364395958807723 
0.00000000099999999970 0.00000000099999999970 0.99999999800000005656 
0.06592600912611593089 0.52326891722777690852 0.41080507364610729937 
0.82909852687343454924 0.17090097717378927022 0.00000049595277619843 
0.11609019070232927395 0.38990817057691118386 0.49400163872075958382 
0.75456047249926916365 0.23552601704476316957 0.00991351045596767719 
0.00000000099999999988 0.00000000099999999988 0.99999999799999994554 
0.00000000099999999994 0.94358522608697392720 0.05641477291302621905 
0.00000000099999999994 0.73850489151514331354 0.26149510748485665923 
0.20827118365579064263 0.79172881534420924687 0.00000000099999999999 
0.30229809931432793935 0.59972714591641274051 0.09797475476925937565 
0.00000000099999999997 0.89645645568513310231 0.10354354331486702312 
0.99999999800000005656 0.00000000099999999993 0.00000000099999999993 
