0.81771855445651642214 0.18228144454348341186 0.00000000099999999991 
0.21806363943307527364 0.78191706884547806933 0.00001929172144659942 
0.20921511088378091925 0.27820887549478656720 0.51257601362143245805 
0.08769064628559319896 0.42219021883573670806 0.49011913487867020400 
0.01568046557553608861 0.83794969946359854074 0.14636983496086550249 
0.13897048826433344715 0.86102951073566647011 0.00000000099999999999 
0.36085630506684907015 0.61733212599832376632 0.02181156893482712883 
0.00000000099999999990 0.99999999800000005656 0.00000000099999999990 
0.99999999799999994554 0.00000000099999999990 0.00000000099999999990 
0.99999999799999994554 0.00000000099999999972 0.00000000099999999972 
0.27452385618369240516 0.00000000099999999993 0.72547614281630756761 
0.64600573647095460572 0.35399426252904520052 0.00000000099999999992 
0.28154790365252047035 0.31300261931598899467 0.40544947703149047946 
0.47892457505196894818 0.00000000099999999989 0.52107542394803108010 
0.99999999799999994554 0.00000000099999999972 0.00000000099999999972 
0.00000000099999999993 0.99999999800000005656 0.00000000099999999993 
0.00000000099999999999 0.23286001658718771812 0.76713998241281222690 
0.51665725772329729182 0.00000000099999999996 0.48334274127670284749 
0.34033896779103922636 0.40876916215830472190 0.25089187005065616276 
0.00037811596962018129 0.21978591488863216674 0.77983596914174757586 
0.95663675821069527050 0.04336324078930472309 0.00000000099999999991 
0.99999999800000005656 0.00000000099999999991 0.00000000099999999991 
0.37039882760764031300 0.33416884719323064479 0.29543232519912915324 
0.99999999800000005656 0.00000000099999999983 0.00000000099999999983 
0.74950424426458195359 0.13730964185346583584 0.11318611388195222445 
0.16372742153776070895 0.73276830924846791948 0.10350426921377138545 
0.99999999799999994554 0.00000000099999999975 0.00000000099999999975 
0.07422534398171179437 0.44374877730349698846 0.48202587871479124493 
0.99999999799999994554 0.00000000099999999978 0.00000000099999999978 
0.08916309043368489395 0.48828397691118369250 0.42255293265513138579 
0.99999999799999994554 0.00000000099999999978 0.00000000099999999978 
0.00000000099999999997 0.90861429904078383490 0.09138569995921627664 
0.71842029436530363551 0.00000000099999999995 0.28157970463469639277 
0.38312424552223112162 0.35046610070121081426 0.26640965377655823065 
0.48837082027210615420 0.00000000099999999999 0.51162917872789381857 
0.12512572748756689567 0.19501225332832317072 0.67986201918410993361 
0.00000000099999999999 0.40840410923316078362 0.59159588976683918915 
0.37651521536845616867 0.23651881816572231654 0.38696596646582154255 
0.00000000099999999997 0.84216551749678125738 0.15783448150321882641 
0.27926579583443783550 0.25869284989163771060 0.46204135427392456492 
0.16124338114210973183 0.55158553247775810036 0.28717108638013211230 
0.26133354740603531585 0.00000000099999999991 0.73866645159396471243 
0.00000000099999999999 0.46164060565943831893 0.53835939334056159833 
0.00000000099999999999 0.23200072345590819212 0.76799927554409186392 
0.99999999799999994554 0.00000000099999999977 0.00000000099999999977 
0.07625680703138182359 0.00000000099999999993 0.92374319196861820469 
0.53265990313856215188 0.00000000099999999997 0.46734009586143787640 
0.04516037623117396399 0.00000000099999999993 0.95483962276882616838 
0.99999999799999994554 0.00000000099999999978 0.00000000099999999978 
0.99999999800000005656 0.00000000099999999976 0.00000000099999999976 
0.64677516920248301346 0.00000000099999999994 0.35322482979751712584 
0.00000000099999999991 0.99999999799999994554 0.00000000099999999991 
0.09867271419316707426 0.67121947409470972268 0.23010781171212332796 
0.00000000099999999995 0.00000000099999999995 0.99999999799999994554 
0.95291576474822692333 0.04708423425177310495 0.00000000099999999995 
0.19761982597260632777 0.55899880664554169041 0.24338136738185198182 
0.09962795316862232964 0.79514550154858609776 0.10522654528279168362 
0.60612961227635897554 0.00000000099999999992 0.39387038672364110825 
0.32731281587105515163 0.18876940559564081568 0.48391777853330414372 
0.81706053243752974069 0.00000000099999999996 0.18293946656247023208 
0.51839877856541471957 0.48160122043458514218 0.00000000099999999993 
0.99999999800000005656 0.00000000099999999972 0.00000000099999999972 
0.06102884372166569177 0.00000000099999999996 0.93897115527833430182 
0.32236251911513441604 0.67763747988486566776 0.00000000099999999995 
0.99999999800000005656 0.00000000099999999970 0.00000000099999999970 
0.41068501018419995008 0.06586162795699353201 0.52345336185880664281 
0.00000000099999999999 0.83019195936293244120 0.16980803963706753157 
0.49396133486347676422 0.11695515032425650437 0.38908351481226671753 
0.01019867094547385541 0.75469760858658185843 0.23510372046794431045 
0.99999999799999994554 0.00000000099999999988 0.00000000099999999988 
0.05590492188299688719 0.00000000099999999994 0.94409507711700302313 
0.26127928072226630496 0.00000000099999999994 0.73872071827773366781 
0.00000000099999999999 0.20828940288098735101 0.79171059611901273279 
0.09776942076236644352 0.30493015153117025706 0.59730042770646341044 
0.10364509535462490541 0.00000000099999999997 0.89635490364537495633 
0.00000000099999999993 0.99999999799999994554 0.00000000099999999993 
