0.21650959537180777814 0.78349040262819225067 0.00000000099999999984 0.00000000099999999984 
0.25670694168105834265 0.16247717049291032776 0.58081588682603135787 0.00000000099999999997 
0.30349706013587363085 0.14626765218813317371 0.04531319652167891537 0.50492209115431418986 
0.00000000099999999996 0.08650683272369220911 0.69235848722671722300 0.22113467904959052679 
0.00000040278806967786 0.00000000099999999997 0.99999959521193038103 0.00000000099999999997 
0.48712370480432648501 0.06942318335965365350 0.44345311083601984814 0.00000000099999999998 
0.46541424771765693702 0.29966208574993991043 0.23492366553240295879 0.00000000099999999999 
0.99999999699999997382 0.00000000099999999990 0.00000000099999999990 0.00000000099999999990 
0.00000000099999999986 0.99999999699999997382 0.00000000099999999986 0.00000000099999999986 
0.00000000099999999960 0.99999999699999997382 0.00000000099999999960 0.00000000099999999960 
0.00000000099999999990 0.21001768231673470511 0.00000000099999999990 0.78998231568326515717 
0.38637129693124117047 0.61362870106875899712 0.00000000099999999991 0.00000000099999999991 
0.00000000099999999998 0.27286624011255833366 0.50242978334092236459 0.22470397554651933003 
0.00000000099999999982 0.40524044736744857520 0.00000000099999999982 0.59475955063255137034 
0.00000000099999999961 0.99999999699999997382 0.00000000099999999961 0.00000000099999999961 
0.99999999700000008485 0.00000000099999999991 0.00000000099999999991 0.00000000099999999991 
0.00000000099999999996 0.00000000099999999996 0.40488616180082603879 0.59511383619917390675 
0.00000000099999999993 0.46742584050509811133 0.00000000099999999993 0.53257415749490188972 
0.07834519773792716912 0.35644347195970982334 0.56521132930236295255 0.00000000099999999999 
0.16874367036898774153 0.00000000100000000000 0.07982947637275020214 0.75142685225826200135 
0.00000000099999999989 0.95025769132313098186 0.04974230667686899143 0.00000000099999999989 
0.00000000099999999987 0.99999999699999997382 0.00000000099999999987 0.00000000099999999987 
0.00000000099999999998 0.39989462361433131266 0.60010537438566868840 0.00000000099999999998 
0.00000000099999999977 0.99999999700000008485 0.00000000099999999977 0.00000000099999999977 
0.00000000099999999992 0.75013864043809541648 0.24986135756190458457 0.00000000099999999992 
0.00000062481919089821 0.09994570200731346665 0.90005367217349574460 0.00000000099999999996 
0.00000000099999999965 0.99999999699999997382 0.00000000099999999965 0.00000000099999999965 
0.38969313184867937494 0.00398359954859369390 0.15798563029788009748 0.44833763830484690827 
0.00000000099999999970 0.99999999700000008485 0.00000000099999999970 0.00000000099999999970 
0.00000000099999999999 0.08638660959753502455 0.65284286402723323839 0.26077052537523176534 
0.00000000099999999968 0.99999999700000008485 0.00000000099999999968 0.00000000099999999968 
0.73585219279950808691 0.00000000099999999996 0.26414780520049191415 0.00000000099999999996 
0.00000000099999999993 0.68738747251290910345 0.00000000099999999993 0.31261252548709089760 
0.00000000099999999997 0.41652359840831215676 0.58347639959168773327 0.00000000099999999997 
0.00000000099999999996 0.45243478007050569323 0.32958143058649691515 0.21798378834299725337 
0.00000000099999999996 0.07307101139023922109 0.30839856949402910669 0.61853041811573172826 
0.40921167579796274838 0.00000000099999999997 0.00000000099999999997 0.59078832220203725267 
0.00000000099999999996 0.40276118560536555702 0.52039994743364992313 0.07683886596098431221 
0.99999999699999997382 0.00000000099999999987 0.00000000099999999987 0.00000000099999999987 
0.00000000099999999995 0.31701727241889099407 0.61613251178454842005 0.06685021479656060028 
0.30283676646403900889 0.13329352670604335818 0.39559169638127927859 0.16827801044863821556 
0.00000000099999999985 0.17617712218650929956 0.00000000099999999985 0.82382287581349067374 
0.11810443216779563380 0.00000000099999999999 0.53364251241909377299 0.34825305441311055210 
0.00000000099999999996 0.00000000099999999996 0.50842762331082191896 0.49157237468917819312 
0.00000000099999999966 0.99999999700000008485 0.00000000099999999966 0.00000000099999999966 
0.00000000099999999987 0.00000000099999999987 0.00000000099999999987 0.99999999700000008485 
0.00000000099999999997 0.49912947616789121730 0.19349053188760770294 0.30737999094450102477 
0.00000000099999999987 0.00000000099999999987 0.00000000099999999987 0.99999999700000008485 
0.00000000099999999972 0.99999999700000008485 0.00000000099999999972 0.00000000099999999972 
0.00000000099999999966 0.99999999699999997382 0.00000000099999999966 0.00000000099999999966 
0.00000000099999999991 0.60742235102860586693 0.00000000099999999991 0.39257764697139413412 
0.78956600800967846610 0.00000000099999999993 0.21043398999032150720 0.00000000099999999993 
0.22097344102472860072 0.07755487615302215920 0.70147168182224928223 0.00000000099999999999 
0.00000000099999999992 0.00000000099999999992 0.00000000099999999992 0.99999999699999997382 
0.06034368133503054121 0.93965631666496951535 0.00000000099999999994 0.00000000099999999994 
0.00000000099999999994 0.21773384679244478512 0.78226615120755504940 0.00000000099999999994 
0.99999999699999997382 0.00000000099999999987 0.00000000099999999987 0.00000000099999999987 
0.00000000099999999986 0.57318610895724153576 0.00000000099999999986 0.42681388904275846530 
0.00000000099999999994 0.32449310988995644367 0.41298999271538883171 0.26251689639465469739 
0.00000000099999999996 0.80729935716904088761 0.00055571241274195745 0.19214492941821731398 
0.58857181979497896762 0.41142817820502097792 0.00000000099999999983 0.00000000099999999983 
0.00000000099999999961 0.99999999700000008485 0.00000000099999999961 0.00000000099999999961 
0.00000000099999999996 0.00000000099999999996 0.00000000099999999996 0.99999999699999997382 
0.82644690582330870843 0.17355309217669134814 0.00000000099999999988 0.00000000099999999988 
0.00000000099999999958 0.99999999699999997382 0.00000000099999999958 0.00000000099999999958 
0.08322209900335786337 0.35577522574265146860 0.00000000099999999998 0.56100267425399075183 
0.07168521809327832450 0.00000000099999999994 0.92831477990672173206 0.00000000099999999994 
0.00000000099999999997 0.47594148854718598685 0.25191817742409983172 0.27214033302871404318 
0.22977760076601666528 0.00000000100000000000 0.73195495302669111304 0.03826744520729209037 
0.00000000099999999984 0.99999999699999997382 0.00000000099999999984 0.00000000099999999984 
0.00000000099999999989 0.00000000099999999989 0.00000000099999999989 0.99999999700000008485 
0.00000000099999999992 0.19289978552355235841 0.00000000099999999992 0.80710021247644769815 
0.02941160301603215968 0.00000000099999999998 0.33609685763160818128 0.63449153835235971854 
0.00000000099999999995 0.08453463996867513486 0.64562098149654190138 0.26984437753478296429 
0.00000000099999999997 0.05406914481053774063 0.08193663128160054432 0.86399422290786165313 
0.99999999699999997382 0.00000000099999999987 0.00000000099999999987 0.00000000099999999987 
