0.00000000099999999954 0.25831087598706065078 0.00000000099999999954 0.00000000099999999954 0.00000000099999999954 0.00000000099999999954 0.25337773128159735148 0.00000000099999999954 0.48831138573134197367 0.00000000099999999954 
0.00000000099999999961 0.00000000099999999961 0.00000000099999999961 0.99999999100000014352 0.00000000099999999961 0.00000000099999999961 0.00000000099999999961 0.00000000099999999961 0.00000000099999999961 0.00000000099999999961 
0.00000000099999999988 0.29947727397289208850 0.00000000099999999988 0.00000000099999999988 0.00000000099999999988 0.00000000099999999988 0.00000000099999999988 0.23137504286261406650 0.19601643284837605430 0.27313124431611779386 
0.10074866112978128618 0.00000000099999999986 0.16142229573571678647 0.25644167829504155298 0.00000000099999999986 0.00000000099999999986 0.00000000099999999986 0.23847282359935584317 0.00000000099999999986 0.24291453624010458934 
0.00054764465942420406 0.00000000099999999983 0.00000000099999999983 0.47847160440222258337 0.52098074393835325235 0.00000000099999999983 0.00000000099999999983 0.00000000099999999983 0.00000000099999999983 0.00000000099999999983 
0.16112229649605244730 0.42800565301080151226 0.07824516495476772915 0.00000000099999999984 0.33262687953837849486 0.00000000099999999984 0.00000000099999999984 0.00000000099999999984 0.00000000099999999984 0.00000000099999999984 
0.00000000099999999979 0.45886516847433206356 0.30637477598133283641 0.00000000099999999979 0.00000000099999999979 0.00000000099999999979 0.00000000099999999979 0.00000000099999999979 0.00000000099999999979 0.23476004854433524249 
0.00000000099999999959 0.69718281554279659673 0.00000000099999999959 0.00000000099999999959 0.30281717645720357401 0.00000000099999999959 0.00000000099999999959 0.00000000099999999959 0.00000000099999999959 0.00000000099999999959 
0.00000000099999999945 0.00000000099999999945 0.23011141221430897463 0.00000000099999999945 0.00000000099999999945 0.00000000099999999945 0.76988857978569102958 0.00000000099999999945 0.00000000099999999945 0.00000000099999999945 
0.00000000099999999893 0.00000000099999999893 0.00000000099999999893 0.00000000099999999893 0.00000000099999999893 0.00000000099999999893 0.00000000099999999893 0.00000000099999999893 0.99999999099999981045 0.00000000099999999893 
0.00000000099999999969 0.00000000099999999969 0.00000000099999999969 0.00000000099999999969 0.00000000099999999969 0.84206015992380811586 0.15489437380420872925 0.00000000099999999969 0.00304545927198316031 0.00000000099999999969 
0.00000000099999999948 0.25578697057645938262 0.74421302142354073261 0.00000000099999999948 0.00000000099999999948 0.00000000099999999948 0.00000000099999999948 0.00000000099999999948 0.00000000099999999948 0.00000000099999999948 
0.72933244296960253461 0.00000000099999999981 0.00000000099999999981 0.00000000099999999981 0.00000000099999999981 0.00000000099999999981 0.00000001011083650925 0.00000000099999999981 0.27066753991956121750 0.00000000099999999981 
0.00000000099999999948 0.00000000099999999948 0.00000000099999999948 0.00000000099999999948 0.00000000099999999948 0.71268014492099629464 0.10174397832545982456 0.00000000099999999948 0.18557586975354395387 0.00000000099999999948 
0.00000000099999999900 0.00000000099999999900 0.00000000099999999900 0.00000000099999999900 0.00000000099999999900 0.00000000099999999900 0.99998927258313474731 0.00000000099999999900 0.00001071941686521833 0.00000000099999999900 
0.00000000099999999975 0.98931476789799832616 0.00000000099999999975 0.00000000099999999975 0.01068522410200186193 0.00000000099999999975 0.00000000099999999975 0.00000000099999999975 0.00000000099999999975 0.00000000099999999975 
0.00000000099999999983 0.00000000099999999983 0.00000000099999999983 0.16263867680853427711 0.21407156081363171163 0.23315100390697421351 0.00000000099999999983 0.39013875247085982867 0.00000000099999999983 0.00000000099999999983 
0.00000000099999999980 0.00000000099999999980 0.00000000099999999980 0.00000000099999999980 0.00000000099999999980 0.39558276964069227777 0.46758866366770679424 0.00000000099999999980 0.00000000099999999980 0.13682855969160090392 
0.49579569543857981984 0.00000000099999999978 0.50420429656142029540 0.00000000099999999978 0.00000000099999999978 0.00000000099999999978 0.00000000099999999978 0.00000000099999999978 0.00000000099999999978 0.00000000099999999978 
0.00000000099999999990 0.00000000099999999990 0.00000000099999999990 0.00000000099999999990 0.28725822122664851355 0.71274177077335154618 0.00000000099999999990 0.00000000099999999990 0.00000000099999999990 0.00000000099999999990 
0.00000000099999999914 0.00000000099999999914 0.99984299377829344291 0.00000000099999999914 0.00000000099999999914 0.00000000099999999914 0.00000000124595530632 0.00000000099999999914 0.00015699797575131018 0.00000000099999999914 
0.00000000099999999944 0.00000000099999999944 0.00000000099999999944 0.00000000099999999944 0.00000000099999999944 0.00000000099999999944 0.99999999100000003249 0.00000000099999999944 0.00000000099999999944 0.00000000099999999944 
0.00000000099999999982 0.00000000099999999982 0.50617020943778501252 0.00000000099999999982 0.36489727267651878018 0.00000000099999999982 0.00000000099999999982 0.00000000099999999982 0.00000000099999999982 0.12893251088569626650 
0.00000000099999999920 0.00000000099999999920 0.49456515060848721399 0.00000000099999999920 0.00000000099999999920 0.00000000099999999920 0.50543475994908626525 0.00000000099999999920 0.00000008244242634592 0.00000000099999999920 
0.21936688209849108944 0.00000000099999999985 0.00000000099999999985 0.00000000099999999985 0.00000000099999999985 0.00000000099999999985 0.15918877599603881157 0.00000000099999999985 0.62144433490547001941 0.00000000099999999985 
0.00000000099999999961 0.00000000099999999961 0.14722850672681023210 0.00000000099999999961 0.85277148527318979987 0.00000000099999999961 0.00000000099999999961 0.00000000099999999961 0.00000000099999999961 0.00000000099999999961 
0.00000000099999999904 0.00000000099999999904 0.00000000099999999904 0.00000000099999999904 0.00000000099999999904 0.00000000099999999904 0.99999999099999992147 0.00000000099999999904 0.00000000099999999904 0.00000000099999999904 
0.00000000099999999982 0.33582355947470177160 0.00000000099999999982 0.00000000099999999982 0.16190849855525915602 0.50226793497003896505 0.00000000099999999982 0.00000000099999999982 0.00000000099999999982 0.00000000099999999982 
0.00000000099999999902 0.00000000099999999902 0.42378708016751148735 0.00000000099999999902 0.00000000099999999902 0.00000000099999999902 0.00000000099999999902 0.00000000099999999902 0.57621291183248846135 0.00000000099999999902 
0.17406902788858766296 0.00000000099999999986 0.06007901228919043657 0.35869954524211233871 0.00000000099999999986 0.00000000099999999986 0.00000000099999999986 0.40715240858010970371 0.00000000099999999986 0.00000000099999999986 
0.00000000099999999917 0.00000000099999999917 0.26757503911362334748 0.00000000099999999917 0.00000000099999999917 0.00000000099999999917 0.00000000099999999917 0.00000000099999999917 0.73242495288637654571 0.00000000099999999917 
0.00000000099999999959 0.34307677161928473719 0.00000000099999999959 0.00000000099999999959 0.65692322038071515600 0.00000000099999999959 0.00000000099999999959 0.00000000099999999959 0.00000000099999999959 0.00000000099999999959 
0.00000000099999999964 0.00000000099999999964 0.00000000099999999964 0.00000000099999999964 0.00000000099999999964 0.00000000099999999964 0.39802679883313563103 0.00000000099999999964 0.36909210849773882446 0.23288108566912549269 
0.00000000099999999982 0.00000000099999999982 0.48940583331700665548 0.00000000099999999982 0.32180073028192651696 0.00000000099999999982 0.00319102029030304043 0.00000000099999999982 0.00000000099999999982 0.18560241011076389350 
0.00000000099999999968 0.00000000099999999968 0.00000000099999999968 0.00000000099999999968 0.00000000099999999968 0.00000000099999999968 0.00000000099999999968 0.00000000099999999968 0.57262962863317279361 0.42737036336682721060 
0.15609297152720091884 0.00000000099999999994 0.03448868202421576795 0.18080846530569841257 0.00000000099999999994 0.62818423175555504478 0.00000000099999999994 0.00000000099999999994 0.00000000099999999994 0.00042564438732987128 
0.00000000099999999991 0.33221613271878897011 0.00000000099999999991 0.09705414861848331298 0.00000000099999999991 0.18947608770974108672 0.00000000099999999991 0.31285612317481992228 0.00000000099999999991 0.06839750277816658564 
0.22538316766219984588 0.00000000099999999990 0.00000000099999999990 0.08549002690074887501 0.26418465425940512725 0.00000000099999999990 0.40466892671540033444 0.00000000099999999990 0.00000000099999999990 0.02027321946224594842 
0.00000000099999999962 0.78308893687462766131 0.00000000099999999962 0.00000000099999999962 0.21691105512537245392 0.00000000099999999962 0.00000000099999999962 0.00000000099999999962 0.00000000099999999962 0.00000000099999999962 
0.80731406235843161667 0.00000000099999999970 0.00000000099999999970 0.00000000099999999970 0.00000000099999999970 0.00000000099999999970 0.03851757304024484158 0.00000000099999999970 0.15416835760132377442 0.00000000099999999970 
0.45840178115365204370 0.35679703039854065993 0.18480118144780746658 0.00000000099999999995 0.00000000099999999995 0.00000000099999999995 0.00000000099999999995 0.00000000099999999995 0.00000000099999999995 0.00000000099999999995 
0.00000000099999999966 0.00000000099999999966 0.00000000099999999966 0.00000000099999999966 0.00000000099999999966 0.86272749587056374310 0.13727249612943628887 0.00000000099999999966 0.00000000099999999966 0.00000000099999999966 
0.00000000099999999978 0.00000000099999999978 0.00000000099999999978 0.00000000099999999978 0.76694308915772313462 0.00000000099999999978 0.00000000099999999978 0.23305690284227684184 0.00000000099999999978 0.00000000099999999978 
0.26246054871024704358 0.00000000099999999986 0.00000000099999999986 0.00000000099999999986 0.28259927557537678489 0.00000000099999999986 0.00000000099999999986 0.45494016871437614746 0.00000000099999999986 0.00000000099999999986 
0.00000000099999999904 0.00000000099999999904 0.00000000099999999904 0.00000000099999999904 0.00000000099999999904 0.00000000099999999904 0.99999999100000003249 0.00000000099999999904 0.00000000099999999904 0.00000000099999999904 
0.00000000099999999973 0.00000000099999999973 0.00000000099999999973 0.00000000099999999973 0.00000000099999999973 0.14784703498689671930 0.06183829934874918166 0.76172739543833478670 0.00000011650414122275 0.02858714872187802583 
0.00000000099999999968 0.00000000099999999968 0.00000000099999999968 0.00000000099999999968 0.00000000099999999968 0.00000000099999999968 0.00000000099999999968 0.00000000099999999968 0.60094060840728158457 0.39905938359271853066 
0.00000000099999999973 0.00000000099999999973 0.00000000099999999973 0.00000000099999999973 0.00000000099999999973 0.46216653051127776219 0.00000000099999999973 0.50813216492616530839 0.00000000099999999973 0.02970129756255681513 
0.00000000099999999908 0.00000000099999999908 0.00000000099999999908 0.00000000099999999908 0.00000000099999999908 0.00000000099999999908 0.99999999099999992147 0.00000000099999999908 0.00000000099999999908 0.00000000099999999908 
0.00000000099999999918 0.00000000099999999918 0.00000000099999999918 0.00000000099999999918 0.00000000099999999918 0.00000000099999999918 0.68584479561548694626 0.00000000099999999918 0.31415519638451305795 0.00000000099999999918 
0.00000000099999999972 0.00000000099999999972 0.00000001710067745411 0.00000000099999999972 0.00000000099999999972 0.00000000099999999972 0.51715036881895348753 0.40971867195020034158 0.07313093613016859174 0.00000000099999999972 
0.00000000099999999967 0.60127624832623194351 0.00000000099999999967 0.39872374367376822724 0.00000000099999999967 0.00000000099999999967 0.00000000099999999967 0.00000000099999999967 0.00000000099999999967 0.00000000099999999967 
0.00000000099999999974 0.00000000099999999974 0.00000000099999999974 0.98121648807373851309 0.00000000099999999974 0.00000000099999999974 0.01878350392626159174 0.00000000099999999974 0.00000000099999999974 0.00000000099999999974 
0.00000000099999999976 0.00000000099999999976 0.00000000099999999976 0.00000000099999999976 0.00000000099999999976 0.31069208523082758600 0.00000000099999999976 0.68930790676917252924 0.00000000099999999976 0.00000000099999999976 
0.00000000099999999916 0.00000000099999999916 0.81609776070252637581 0.00000000099999999916 0.00000000099999999916 0.00000000099999999916 0.00000000099999999916 0.00000000099999999916 0.18390223129747379494 0.00000000099999999916 
0.23406860204634019618 0.00000000099999999990 0.21861132168758140581 0.21364175484269654071 0.27141279209172497477 0.00000000099999999990 0.00000000099999999990 0.00000000099999999990 0.00000000099999999990 0.06226552433165694067 
0.00000000099999999945 0.99999999100000014352 0.00000000099999999945 0.00000000099999999945 0.00000000099999999945 0.00000000099999999945 0.00000000099999999945 0.00000000099999999945 0.00000000099999999945 0.00000000099999999945 
0.00000000099999999975 0.00000000099999999975 0.00000000099999999975 0.00000000099999999975 0.00000000099999999975 0.19161800862640038234 0.58216764689931999044 0.12300116091103090177 0.00000000099999999975 0.10321317756324882575 
0.00000000099999999962 0.00000000099999999962 0.00000000099999999962 0.00000000099999999962 0.00000000099999999962 0.00000000099999999962 0.00000000099999999962 0.00000000099999999962 0.45421515034133758126 0.54578484165866236744 
0.00000000099999999942 0.00000000099999999942 0.00000000099999999942 0.00000000099999999942 0.00000000099999999942 0.00000000099999999942 0.00000000099999999942 0.00000000099999999942 0.99999999100000003249 0.00000000099999999942 
0.00000000099999999946 0.61306715322368610099 0.16632429574259111060 0.00000000099999999946 0.00000000099999999946 0.00000000099999999946 0.00000000099999999946 0.00000000099999999946 0.22060854403372284760 0.00000000099999999946 
0.00000000099999999889 0.00000000099999999889 0.00000000099999999889 0.00000000099999999889 0.00000000099999999889 0.00000000099999999889 0.00000000099999999889 0.00000000099999999889 0.99999999099999981045 0.00000000099999999889 
0.00000000099999999965 0.00000000099999999965 0.00000000099999999965 0.00000000099999999965 0.00000000099999999965 0.00000000099999999965 0.00015625956810267979 0.99984373243189728075 0.00000000099999999965 0.00000000099999999965 
0.00000000099999999959 0.80186594032866242987 0.19813405167133776863 0.00000000099999999959 0.00000000099999999959 0.00000000099999999959 0.00000000099999999959 0.00000000099999999959 0.00000000099999999959 0.00000000099999999959 
0.00000000099999999896 0.00000000099999999896 0.00000000099999999896 0.00000000099999999896 0.00000000099999999896 0.00000000099999999896 0.39232135304733539716 0.00000000099999999896 0.60767863895266449603 0.00000000099999999896 
0.00000000099999999978 0.00000000099999999978 0.00000000099999999978 0.00000000099999999978 0.00000000099999999978 0.73636472347495196544 0.00000000099999999978 0.00000000099999999978 0.26363526852504809428 0.00000000099999999978 
0.00000000099999999957 0.00000000099999999957 0.00000000099999999957 0.99999999100000003249 0.00000000099999999957 0.00000000099999999957 0.00000000099999999957 0.00000000099999999957 0.00000000099999999957 0.00000000099999999957 
0.10788559661700425352 0.00000000099999999984 0.26045823441551813060 0.00000000099999999984 0.00000000099999999984 0.00000000099999999984 0.30135963785446578944 0.12758667763459363709 0.00000000099999999984 0.20270984847841802545 
0.00000000099999999983 0.00000000099999999983 0.00118423281556499045 0.87882231782985120727 0.11999344235458396513 0.00000000099999999983 0.00000000099999999983 0.00000000099999999983 0.00000000099999999983 0.00000000099999999983 
0.00000000099999999923 0.00000000099999999923 0.47363907484150713501 0.00000000099999999923 0.00000000099999999923 0.00000000099999999923 0.00000000099999999923 0.00000000099999999923 0.52636091715849275818 0.00000000099999999923 
0.00000000099999999968 0.00000000099999999968 0.00000000099999999968 0.00000000099999999968 0.00000000099999999968 0.71919082170790338271 0.00000000099999999968 0.28080917029209667701 0.00000000099999999968 0.00000000099999999968 
0.00000000099999999970 0.00000000099999999970 0.00000000099999999970 0.00000000099999999970 0.00000000099999999970 0.00000000099999999970 0.00000000099999999970 0.75146813433070147603 0.24853185766929841716 0.00000000099999999970 
0.00000000099999999967 0.00000000099999999967 0.00000000099999999967 0.00000000099999999967 0.36883250088188435090 0.00000000099999999967 0.00000000099999999967 0.63116749111811554229 0.00000000099999999967 0.00000000099999999967 
0.97799167365557326814 0.00000000099999999976 0.00000000099999999976 0.00000000099999999976 0.00000000099999999976 0.00000000099999999976 0.02200831834442678117 0.00000000099999999976 0.00000000099999999976 0.00000000099999999976 
0.00000000099999999966 0.00000000099999999966 0.06822247470537509684 0.00000000099999999966 0.00000000099999999966 0.00000000099999999966 0.00000000099999999966 0.93177751729462487962 0.00000000099999999966 0.00000000099999999966 
0.00000000099999999955 0.85965470638509244861 0.00000000099999999955 0.14034528561490772214 0.00000000099999999955 0.00000000099999999955 0.00000000099999999955 0.00000000099999999955 0.00000000099999999955 0.00000000099999999955 
