0.00000000099999999955 0.00000000099999999955 0.00000000099999999955 0.00000000099999999955 0.26187549515628877339 0.73812449884371111875 0.00000000099999999955 0.00000000099999999955 
0.00000000099999999960 0.00000000099999999960 0.00000000099999999960 0.00000000099999999960 0.00000000099999999960 0.00000000099999999960 0.00000000099999999960 0.99999999299999997593 
0.00000000099999999995 0.10789518287640705030 0.34523251335506516257 0.00000000099999999995 0.28038792672981721621 0.06736380212110769372 0.16482533062558668568 0.03429524229201616481 
0.00000000099999999982 0.84576188874174573762 0.00000000099999999982 0.15423810525825443207 0.00000000099999999982 0.00000000099999999982 0.00000000099999999982 0.00000000099999999982 
0.16204409683842654899 0.28730733918758799561 0.00000000099999999985 0.35319253812978784746 0.00000000099999999985 0.00000000099999999985 0.00000000099999999985 0.19745602184419772107 
0.00000000099999999981 0.00000000099999999981 0.00000000099999999981 0.65306263403790598687 0.34693735996209407180 0.00000000099999999981 0.00000000099999999981 0.00000000099999999981 
0.00000000099999999971 0.44887023383512986152 0.00000000099999999971 0.00000000099999999971 0.48283841026656676432 0.06829135089830333516 0.00000000099999999971 0.00000000099999999971 
0.31129645329075783522 0.00000000099999999973 0.00000000099999999973 0.00000000099999999973 0.68870354070924211243 0.00000000099999999973 0.00000000099999999973 0.00000000099999999973 
0.00000000099999999961 0.09840444285622974852 0.00000000099999999961 0.00000000099999999961 0.00000000099999999961 0.90159555114377032403 0.00000000099999999961 0.00000000099999999961 
0.00000000099999999911 0.00000000099999999911 0.00000000099999999911 0.00000000099999999911 0.00000000099999999911 0.99999999299999997593 0.00000000099999999911 0.00000000099999999911 
0.00000000099999999979 0.00000000099999999979 0.71852237592650547438 0.00000000099999999979 0.00000000099999999979 0.14687512865094537462 0.13460249042254915364 0.00000000099999999979 
0.00000000099999999972 0.00000000099999999972 0.00000000099999999972 0.00000000099999999972 0.38211451123937639762 0.54027598524460573870 0.00000000099999999972 0.07760949851601789407 
0.00000000099999999991 0.27682982448429166444 0.00000000099999999991 0.00000000099999999991 0.00000000099999999991 0.14742877121051906064 0.35763917225466196337 0.21810222805052723039 
0.00000000099999999959 0.00000000099999999959 0.64033409253373874126 0.00000000099999999959 0.00000000099999999959 0.35966590146626137292 0.00000000099999999959 0.00000000099999999959 
0.00000000099999999911 0.00000000099999999911 0.00000000099999999911 0.00000000099999999911 0.00000000099999999911 0.99999999300000008695 0.00000000099999999911 0.00000000099999999911 
0.00000000099999999983 0.00000000099999999983 0.00000000099999999983 0.00000000099999999983 0.99999999299999997593 0.00000000099999999983 0.00000000099999999983 0.00000000099999999983 
0.18917510891940680917 0.00000000099999999987 0.46821221558772940785 0.21305669078870043132 0.00000000099999999987 0.00000000099999999987 0.00000000099999999987 0.12955598070416349255 
0.00000000099999999986 0.00000000099999999986 0.38872133553150806096 0.00000000099999999986 0.00000000099999999986 0.42553205440308866647 0.18574660506540319194 0.00000000099999999986 
0.00000000099999999983 0.46313063553202188372 0.00000000099999999983 0.31838730935656084364 0.07630171174271870027 0.14218033936869842182 0.00000000099999999983 0.00000000099999999983 
0.46915900842394669956 0.00000000099999999993 0.53084098557605341462 0.00000000099999999993 0.00000000099999999993 0.00000000099999999993 0.00000000099999999993 0.00000000099999999993 
0.00000000099999999975 0.00000000099999999975 0.00000000099999999975 0.01830950368357342137 0.00000000099999999975 0.92482178167208184405 0.00000000099999999975 0.05686870964434477538 
0.00000000099999999976 0.00000000099999999976 0.00000000099999999976 0.00000000099999999976 0.00000000099999999976 0.99999999299999997593 0.00000000099999999976 0.00000000099999999976 
0.00000000099999999978 0.00000000099999999978 0.00000000099999999978 0.76466953263617054581 0.00000000099999999978 0.23533046136382942959 0.00000000099999999978 0.00000000099999999978 
0.00000000099999999951 0.00000000099999999951 0.00000000099999999951 0.00000000099999999951 0.00000000099999999951 0.99999999299999997593 0.00000000099999999951 0.00000000099999999951 
0.00000000099999999979 0.00000000099999999979 0.00000000099999999979 0.00000000099999999979 0.00000000099999999979 0.72154374379428831698 0.27845625020571168617 0.00000000099999999979 
0.00000000099999999956 0.00000000099999999956 0.00000000099999999956 0.99999999299999997593 0.00000000099999999956 0.00000000099999999956 0.00000000099999999956 0.00000000099999999956 
0.00000000099999999921 0.00000000099999999921 0.00000000099999999921 0.00000000099999999921 0.00000000099999999921 0.99999999299999997593 0.00000000099999999921 0.00000000099999999921 
0.00000000099999999990 0.00000000099999999990 0.27906498424548831228 0.09526887809274585395 0.36129520784638291531 0.00000000099999999990 0.26437092581538290670 0.00000000099999999990 
0.00000000099999999935 0.00000000099999999935 0.00000000099999999935 0.00000000099999999935 0.00000000099999999935 0.99999999300000008695 0.00000000099999999935 0.00000000099999999935 
0.35837838673803512624 0.57590537096176042109 0.00000000099999999988 0.00000000099999999988 0.00000000099999999988 0.00624104919141980213 0.00000000099999999988 0.05947518910878463877 
0.00000000099999999936 0.00000000099999999936 0.00000000099999999936 0.00000000099999999936 0.00000000099999999936 0.99999999300000008695 0.00000000099999999936 0.00000000099999999936 
0.62840490743951959995 0.00000000099999999968 0.00000000099999999968 0.00000000099999999968 0.37159508656048051423 0.00000000099999999968 0.00000000099999999968 0.00000000099999999968 
0.00000000099999999982 0.35052788156043668266 0.00000000099999999982 0.00000000099999999982 0.00000000099999999982 0.64947211243956315396 0.00000000099999999982 0.00000000099999999982 
0.00000000099999999983 0.00000000099999999983 0.00000000099999999983 0.71985572398123764959 0.00000000099999999983 0.28014427001876235357 0.00000000099999999983 0.00000000099999999983 
0.00000000099999999977 0.00000000099999999977 0.00000000099999999977 0.00000000099999999977 0.00000000099999999977 0.46048998567614879418 0.53951000832385098693 0.00000000099999999977 
0.00000000099999999993 0.12790373441960356526 0.44385039698989875445 0.12081050389996594863 0.00000000099999999993 0.00000000151112407219 0.30743536017940753524 0.00000000099999999993 
0.15564835051949688083 0.00000000099999999991 0.38368446380816151331 0.00000000099999999991 0.28558628335467184378 0.00000000099999999991 0.11788327971884593470 0.05719761959882393998 
0.26276312911776711356 0.00000000099999999984 0.00000000099999999984 0.00000000099999999984 0.00000000099999999984 0.32058477014972863728 0.41665209573250405750 0.00000000099999999984 
0.22294143095371757313 0.00000000099999999974 0.00000000099999999974 0.00000000099999999974 0.77705856304628251330 0.00000000099999999974 0.00000000099999999974 0.00000000099999999974 
0.00000000099999999978 0.51875195251931693896 0.00000000099999999978 0.00000000099999999978 0.00000000099999999978 0.13314894042314268097 0.34809910205754035495 0.00000000099999999978 
0.00000000099999999997 0.07171819323391059875 0.00000000099999999997 0.15169961065535125799 0.41291919130321791398 0.00000256942194544017 0.36347817894827522123 0.00018225443729974497 
0.00000000099999999966 0.00000000099999999966 0.86844863771174041212 0.00000000099999999966 0.00000000099999999966 0.13155135628825950778 0.00000000099999999966 0.00000000099999999966 
0.99999999300000019797 0.00000000099999999969 0.00000000099999999969 0.00000000099999999969 0.00000000099999999969 0.00000000099999999969 0.00000000099999999969 0.00000000099999999969 
0.26372750342332523799 0.18901617069925608083 0.30407604607240307226 0.19384424402012823130 0.00000000099999999993 0.00000000099999999993 0.00000000099999999993 0.04933603278488736532 
0.00000000099999999924 0.00000000099999999924 0.00000000099999999924 0.00000000099999999924 0.00000000099999999924 0.99999999300000008695 0.00000000099999999924 0.00000000099999999924 
0.00000000099999999973 0.00000000099999999973 0.99999999300000008695 0.00000000099999999973 0.00000000099999999973 0.00000000099999999973 0.00000000099999999973 0.00000000099999999973 
0.00000000099999999974 0.00000000099999999974 0.00000000099999999974 0.00000000099999999974 0.00000000099999999974 0.52940625368622296065 0.47059374031377693148 0.00000000099999999974 
0.00000000099999999968 0.00000000099999999968 0.99999999299999997593 0.00000000099999999968 0.00000000099999999968 0.00000000099999999968 0.00000000099999999968 0.00000000099999999968 
0.00000000099999999936 0.00000000099999999936 0.00000000099999999936 0.00000000099999999936 0.00000000099999999936 0.99999999300000008695 0.00000000099999999936 0.00000000099999999936 
0.00000000099999999927 0.00000000099999999927 0.00000000099999999927 0.00000000099999999927 0.00000000099999999927 0.99999999299999997593 0.00000000099999999927 0.00000000099999999927 
0.00000000099999999974 0.14299891294676411735 0.30673744320698359545 0.00000000099999999974 0.00000000099999999974 0.55026363884625228984 0.00000000099999999974 0.00000000099999999974 
0.00000000099999999981 0.00000000099999999981 0.00000000099999999981 0.00000000099999999981 0.65117565076028804949 0.00000000099999999981 0.00000000099999999981 0.34882434323971200918 
0.00000000099999999973 0.00000000099999999973 0.00000000099999999973 0.00000000099999999973 0.00000000099999999973 0.00000000099999999973 0.00000000099999999973 0.99999999300000008695 
0.00000000099999999985 0.00000000099999999985 0.83365449375281364119 0.02106928274638032381 0.00000000099999999985 0.00000000099999999985 0.14527621850080596477 0.00000000099999999985 
0.00000000099999999961 0.00000000099999999961 0.00000000099999999961 0.15337970037481876706 0.00000000099999999961 0.84662029362518120834 0.00000000099999999961 0.00000000099999999961 
0.00000000099999999989 0.25080942658774929566 0.00000000099999999989 0.53879906951340705845 0.00000000099999999989 0.00000001864407618501 0.19571476335901466514 0.01467671889575275675 
0.00000000099999999956 0.00000000099999999956 0.00000000099999999956 0.00000000099999999956 0.99999999299999997593 0.00000000099999999956 0.00000000099999999956 0.00000000099999999956 
0.00000000099999999970 0.00000000099999999970 0.46521488723467380177 0.00000000099999999970 0.00000000099999999970 0.53478510676532609036 0.00000000099999999970 0.00000000099999999970 
0.00000000099999999972 0.54231915969519595144 0.00000000099999999972 0.00000000099999999972 0.00000000099999999972 0.17794681522286451281 0.27973402008193964940 0.00000000099999999972 
0.00000000099999999964 0.00000000099999999964 0.00000000099999999964 0.00000000099999999964 0.00000000099999999964 0.78561462098100531826 0.21438537301899479592 0.00000000099999999964 
0.00000000099999999947 0.00000000099999999947 0.00000000099999999947 0.00000000099999999947 0.68321912039269538930 0.31678087360730472488 0.00000000099999999947 0.00000000099999999947 
0.00000000099999999912 0.00000000099999999912 0.00000000099999999912 0.00000000099999999912 0.00000000099999999912 0.99999999299999997593 0.00000000099999999912 0.00000000099999999912 
0.00000000099999999982 0.00000000099999999982 0.99999999300000008695 0.00000000099999999982 0.00000000099999999982 0.00000000099999999982 0.00000000099999999982 0.00000000099999999982 
0.00000000099999999963 0.00000000099999999963 0.00000000099999999963 0.00000000099999999963 0.90918603739274117537 0.09081395660725880004 0.00000000099999999963 0.00000000099999999963 
0.00000000099999999905 0.00000000099999999905 0.00000000099999999905 0.00000000099999999905 0.00000000099999999905 0.99999999300000008695 0.00000000099999999905 0.00000000099999999905 
0.00000000099999999989 0.00000000099999999989 0.29325543263131087501 0.00000000099999999989 0.00002827377578253722 0.27235685063950854090 0.43435943895339790277 0.00000000099999999989 
0.00000000099999999970 0.25206020956665431410 0.00000000099999999970 0.00000000099999999970 0.00000000099999999970 0.00000000099999999970 0.00000000099999999970 0.74793978443334563355 
0.00000000099999999975 0.59672120378658000117 0.01696211031192658078 0.00000000099999999975 0.00000000099999999975 0.38631668090149340333 0.00000000099999999975 0.00000000099999999975 
0.00000000099999999984 0.00000000099999999984 0.00000000099999999984 0.18174232346286528506 0.00000000099999999984 0.00000000099999999984 0.00000000099999999984 0.81825767053713460708 
0.00000000099999999957 0.00000000099999999957 0.00000000099999999957 0.04011197338567847048 0.00000000099999999957 0.95988802061432154655 0.00000000099999999957 0.00000000099999999957 
0.00000000099999999973 0.00000000099999999973 0.99999999299999997593 0.00000000099999999973 0.00000000099999999973 0.00000000099999999973 0.00000000099999999973 0.00000000099999999973 
0.00000000099999999977 0.00000000099999999977 0.86745381548515065884 0.00000000099999999977 0.00000000099999999977 0.13254617851484923330 0.00000000099999999977 0.00000000099999999977 
0.54732595226193359039 0.00000000099999999982 0.45267404173806652379 0.00000000099999999982 0.00000000099999999982 0.00000000099999999982 0.00000000099999999982 0.00000000099999999982 
0.00000000099999999982 0.63511131358256545099 0.00000000099999999982 0.00000000099999999982 0.00000000099999999982 0.00000000099999999982 0.36488868041743466319 0.00000000099999999982 
0.00000000099999999985 0.00000000099999999985 0.85725045440300495780 0.14274953959699498984 0.00000000099999999985 0.00000000099999999985 0.00000000099999999985 0.00000000099999999985 
0.00000000099999999974 0.00000000099999999974 0.00000000099999999974 0.00000000099999999974 0.71712896550283633523 0.00000000099999999974 0.00000000099999999974 0.28287102849716372344 
