0.60972214976620164872 0.00000000099999999944 0.00000000099999999944 0.00000000099999999944 0.09472803209368976796 0.00000000099999999944 0.29554981114010880905 0.00000000099999999944 0.00000000099999999944 0.00000000099999999944 
0.00000000099999999949 0.00000000099999999949 0.00000000099999999949 0.99999999100000014352 0.00000000099999999949 0.00000000099999999949 0.00000000099999999949 0.00000000099999999949 0.00000000099999999949 0.00000000099999999949 
0.07381809298961224119 0.00000000099999999987 0.00000000099999999987 0.00000000099999999987 0.00000000099999999987 0.00000000099999999987 0.36863542153917477906 0.22099160960483524296 0.33655486986637761504 0.00000000099999999987 
0.00000000099999999984 0.00000000099999999984 0.68746546241718886616 0.00000000099999999984 0.00000000099999999984 0.00000000099999999984 0.00000000099999999984 0.00000000099999999984 0.31253452958281108254 0.00000000099999999984 
0.00000000099999999979 0.52676317973045094778 0.25062949902290393434 0.18873341110790117781 0.00000000099999999979 0.00000000099999999979 0.00000000099999999979 0.00000000099999999979 0.00000000099999999979 0.03387390413874416528 
0.00000000099999999980 0.59025309505789469444 0.00000000099999999980 0.00000000099999999980 0.00000000099999999980 0.00000000099999999980 0.40974689694210558732 0.00000000099999999980 0.00000000099999999980 0.00000000099999999980 
0.06555597003282839785 0.00000000099999999975 0.35542611255751016541 0.00000000099999999975 0.00000000099999999975 0.00000000099999999975 0.57901791040966144042 0.00000000099999999975 0.00000000099999999975 0.00000000099999999975 
0.00000000099999999939 0.00000000099999999939 0.00000000099999999939 0.00000000099999999939 0.00000000099999999939 0.00000000099999999939 0.00000000099999999939 0.00000000099999999939 0.00000000099999999939 0.99999999099999992147 
0.92564618579688517919 0.00000000099999999964 0.00000000099999999964 0.07435380620311511646 0.00000000099999999964 0.00000000099999999964 0.00000000099999999964 0.00000000099999999964 0.00000000099999999964 0.00000000099999999964 
0.99999999100000003249 0.00000000099999999896 0.00000000099999999896 0.00000000099999999896 0.00000000099999999896 0.00000000099999999896 0.00000000099999999896 0.00000000099999999896 0.00000000099999999896 0.00000000099999999896 
0.11856547348534300645 0.00000000099999999965 0.00000000099999999965 0.00000000099999999965 0.00000000099999999965 0.75270323031194452668 0.00000000099999999965 0.12873128920271251219 0.00000000099999999965 0.00000000099999999965 
0.00144912653230661851 0.00000000099999999956 0.00000000099999999956 0.06210583786329053335 0.56613594635976527414 0.00000000099999999956 0.37030908324463751580 0.00000000099999999956 0.00000000099999999956 0.00000000099999999956 
0.12432630977645586778 0.00000000099999999987 0.37007994673950161957 0.31054249140727435696 0.00000002663715451952 0.19505122043961375944 0.00000000099999999987 0.00000000099999999987 0.00000000099999999987 0.00000000099999999987 
0.30514563804821498438 0.00000000099999999942 0.00000000099999999942 0.00000000099999999942 0.00000000099999999942 0.69485435395178496432 0.00000000099999999942 0.00000000099999999942 0.00000000099999999942 0.00000000099999999942 
0.99999999100000003249 0.00000000099999999896 0.00000000099999999896 0.00000000099999999896 0.00000000099999999896 0.00000000099999999896 0.00000000099999999896 0.00000000099999999896 0.00000000099999999896 0.00000000099999999896 
0.00000000099999999970 0.00000000099999999970 0.00000000099999999970 0.00000000099999999970 0.00000000099999999970 0.00000000099999999970 0.00001583010258640167 0.00000000099999999970 0.00000000099999999970 0.99998416189741357041 
0.00000000099999999983 0.21754520826921230903 0.00000000099999999983 0.15984363704096699044 0.00000000099999999983 0.22290634243109025414 0.00000000099999999983 0.00000000099999999983 0.39970480625873039404 0.00000000099999999983 
0.00000000099999999963 0.00000000099999999963 0.00000000099999999963 0.00000000099999999963 0.00000000099999999963 0.00000000099999999963 0.00000000099999999963 0.99999999100000003249 0.00000000099999999963 0.00000000099999999963 
0.00000000099999999978 0.10849170771554764170 0.50773156342905390037 0.00000000099999999978 0.31447848785472654054 0.00000000099999999978 0.06929823500067201769 0.00000000099999999978 0.00000000099999999978 0.00000000099999999978 
0.00000000099999999995 0.00000000099999999995 0.00000000099999999995 0.00000000099999999995 0.00000000201891767410 0.00009586492530067343 0.00000000099999999995 0.00000000099999999995 0.76088569707549613685 0.23901842998028555165 
0.00000000099999999925 0.00000000099999999925 0.00000000099999999925 0.00000000099999999925 0.99999999100000014352 0.00000000099999999925 0.00000000099999999925 0.00000000099999999925 0.00000000099999999925 0.00000000099999999925 
0.68464988318798669642 0.00000000099999999964 0.00000000099999999964 0.00000000099999999964 0.23768447138590592660 0.00000000099999999964 0.00000000099999999964 0.07766563842610738067 0.00000000099999999964 0.00000000099999999964 
0.00000000099999999977 0.59405764546278372329 0.00000000099999999977 0.00000000099999999977 0.40594234653721650297 0.00000000099999999977 0.00000000099999999977 0.00000000099999999977 0.00000000099999999977 0.00000000099999999977 
0.42360058645165871161 0.00000000099999999917 0.00000000099999999917 0.00000000099999999917 0.57639940554834134812 0.00000000099999999917 0.00000000099999999917 0.00000000099999999917 0.00000000099999999917 0.00000000099999999917 
0.00000000099999999976 0.00000000099999999976 0.00000000099999999976 0.24868082591759194111 0.75131916608240800759 0.00000000099999999976 0.00000000099999999976 0.00000000099999999976 0.00000000099999999976 0.00000000099999999976 
0.00000000099999999958 0.99999999100000014352 0.00000000099999999958 0.00000000099999999958 0.00000000099999999958 0.00000000099999999958 0.00000000099999999958 0.00000000099999999958 0.00000000099999999958 0.00000000099999999958 
0.99999999100000003249 0.00000000099999999900 0.00000000099999999900 0.00000000099999999900 0.00000000099999999900 0.00000000099999999900 0.00000000099999999900 0.00000000099999999900 0.00000000099999999900 0.00000000099999999900 
0.00000000099999999983 0.00001275590770958017 0.00000000099999999983 0.00000000099999999983 0.00000000099999999983 0.56177826067578950919 0.20092033023462468888 0.00000000099999999983 0.00000000099999999983 0.23728864718187639427 
0.09235570912467068461 0.00000000099999999897 0.00000000099999999897 0.00000000099999999897 0.90764428287532938899 0.00000000099999999897 0.00000000099999999897 0.00000000099999999897 0.00000000099999999897 0.00000000099999999897 
0.00000000099999999985 0.00000000099999999985 0.36943503504548869110 0.23754185797211563314 0.00604812387668306542 0.00000000099999999985 0.00000000099999999985 0.00000000099999999985 0.38697497710571260310 0.00000000099999999985 
0.45632512933512825448 0.00000000099999999912 0.00000000099999999912 0.00000000099999999912 0.54367486266487174973 0.00000000099999999912 0.00000000099999999912 0.00000000099999999912 0.00000000099999999912 0.00000000099999999912 
0.00000000099999999931 0.00000000099999999931 0.00000000099999999931 0.00000000099999999931 0.00000000099999999931 0.00000000099999999931 0.00000000099999999931 0.00000000099999999931 0.00000000099999999931 0.99999999100000003249 
0.69266830872858387025 0.00000000099999999956 0.00000000099999999956 0.00000000099999999956 0.00000000099999999956 0.00000000099999999956 0.00000000099999999956 0.30733168327141641152 0.00000000099999999956 0.00000000099999999956 
0.00000000099999999982 0.39311374463625697873 0.00000000099999999982 0.00000000099999999982 0.38761901445782137587 0.00000000099999999982 0.00000000099999999982 0.21926723390592164908 0.00000000099999999982 0.00000000099999999982 
0.44998483652571319436 0.00000000099999999967 0.00000000099999999967 0.00000000099999999967 0.00000000099999999967 0.00000000099999999967 0.00000000099999999967 0.55001515547428669883 0.00000000099999999967 0.00000000099999999967 
0.00000000099999999988 0.06406951262256092849 0.29267898943960174440 0.00000000099999999988 0.00000000099999999988 0.64325149093783740017 0.00000000099999999988 0.00000000099999999988 0.00000000099999999988 0.00000000099999999988 
0.00000000099999999989 0.00000000099999999989 0.00000000099999999989 0.12021242229438715288 0.00000000099999999989 0.16003602667887217859 0.22423654808846429920 0.08116974064210304152 0.33550921668901145800 0.07883604160716173315 
0.27199874659436695801 0.00000000099999999986 0.00000000099999999986 0.39038943295144390433 0.00000000099999999986 0.00000000099999999986 0.00000000099999999986 0.33761181316325578061 0.00000000099999999986 0.00000000129093336039 
0.00000000099999999961 0.34982523840994195208 0.00000000099999999961 0.00000000099999999961 0.00000000099999999961 0.00000000099999999961 0.65017475359005783009 0.00000000099999999961 0.00000000099999999961 0.00000000099999999961 
0.06994059661380962190 0.00000000099999999968 0.86049368700618344974 0.00000000099999999968 0.06956570938000697368 0.00000000099999999968 0.00000000099999999968 0.00000000099999999968 0.00000000099999999968 0.00000000099999999968 
0.00000000099999999995 0.22616908868013929634 0.33019548568223072715 0.05302873745465126742 0.04980817848466505271 0.07180457880074643529 0.26899392689756723707 0.00000000099999999995 0.00000000099999999995 0.00000000099999999995 
0.10909707372728426333 0.00000000099999999956 0.00000000099999999956 0.00000000099999999956 0.00000000099999999956 0.89090291827271583802 0.00000000099999999956 0.00000000099999999956 0.00000000099999999956 0.00000000099999999956 
0.00000000099999999984 0.60069370792701382022 0.00000000099999999984 0.00000000099999999984 0.00000000099999999984 0.00000000099999999984 0.00000000099999999984 0.00000000099999999984 0.29404290074826727741 0.10526338432471908646 
0.00000000099999999986 0.30945437751483612088 0.16791348121921631509 0.06329170879005732719 0.00000000099999999986 0.08073466700417519792 0.00000000099999999986 0.00000000099999999986 0.37860576047171518033 0.00000000099999999986 
0.99999999100000014352 0.00000000099999999899 0.00000000099999999899 0.00000000099999999899 0.00000000099999999899 0.00000000099999999899 0.00000000099999999899 0.00000000099999999899 0.00000000099999999899 0.00000000099999999899 
0.11701067094779402100 0.00000000099999999967 0.00000000099999999967 0.00000000099999999967 0.00000000099999999967 0.00000000099999999967 0.00000000099999999967 0.10170070456368636436 0.78128861748851941016 0.00000000099999999967 
0.50496912902050272720 0.00000000099999999961 0.00000000099999999961 0.00000000099999999961 0.00000000099999999961 0.00000000099999999961 0.00000000099999999961 0.49503086297949738803 0.00000000099999999961 0.00000000099999999961 
0.00000000099999999969 0.00000000099999999969 0.00000000099999999969 0.00000000099999999969 0.00000000099999999969 0.40129358875285497943 0.00000000099999999969 0.00000000099999999969 0.59870640324714496927 0.00000000099999999969 
0.99999999100000014352 0.00000000099999999916 0.00000000099999999916 0.00000000099999999916 0.00000000099999999916 0.00000000099999999916 0.00000000099999999916 0.00000000099999999916 0.00000000099999999916 0.00000000099999999916 
0.99999999100000025454 0.00000000099999999907 0.00000000099999999907 0.00000000099999999907 0.00000000099999999907 0.00000000099999999907 0.00000000099999999907 0.00000000099999999907 0.00000000099999999907 0.00000000099999999907 
0.58526207850675449063 0.00000000099999999963 0.00000000099999999963 0.00000000099999999963 0.00000088863353889166 0.00000000099999999963 0.00000000099999999963 0.00000000099999999963 0.41473702585970678713 0.00000000099999999963 
0.00000000099999999971 0.05905682284913495173 0.00000000099999999971 0.39901631965905953736 0.00000000099999999971 0.00000000099999999971 0.54192685049180544521 0.00000000099999999971 0.00000000099999999971 0.00000000099999999971 
0.00000000099999999962 0.00000000099999999962 0.00000000099999999962 0.99999999100000014352 0.00000000099999999962 0.00000000099999999962 0.00000000099999999962 0.00000000099999999962 0.00000000099999999962 0.00000000099999999962 
0.00000000099999999972 0.00000000099999999972 0.00000000099999999972 0.00000000099999999972 0.00000000099999999972 0.40945008564024865105 0.00000000099999999972 0.00000000099999999972 0.59054990635975124214 0.00000000099999999972 
0.00000000099999999929 0.00000000099999999929 0.00000000099999999929 0.00000000099999999929 0.99999999100000014352 0.00000000099999999929 0.00000000099999999929 0.00000000099999999929 0.00000000099999999929 0.00000000099999999929 
0.10964500437081886597 0.49788507854945412978 0.39246991007972714671 0.00000000099999999979 0.00000000099999999979 0.00000000099999999979 0.00000000099999999979 0.00000000099999999979 0.00000000099999999979 0.00000000099999999979 
0.00000000099999999943 0.00000000099999999943 0.00000000099999999943 0.00000000099999999943 0.00000000099999999943 0.00000000099999999943 0.99999999099999992147 0.00000000099999999943 0.00000000099999999943 0.00000000099999999943 
0.58004684467775580181 0.00000000099999999964 0.00000000099999999964 0.00000000099999999964 0.00000000099999999964 0.00000091568665527678 0.00000000099999999964 0.13481962366385005780 0.28513260997173889288 0.00000000099999999964 
0.23483331640520122008 0.00000000099999999967 0.55674449809540793588 0.00000000099999999967 0.00000000099999999967 0.00000000099999999967 0.00000000099999999967 0.20842217849939084773 0.00000000099999999967 0.00000000099999999967 
0.00000000099999999935 0.00000000099999999935 0.00000000099999999935 0.00000000099999999935 0.99999999100000003249 0.00000000099999999935 0.00000000099999999935 0.00000000099999999935 0.00000000099999999935 0.00000000099999999935 
0.04523493974748868385 0.00000000099999999937 0.00000000099999999937 0.00000000099999999937 0.22570182285600384753 0.00000000099999999937 0.72906323039650733353 0.00000000099999999937 0.00000000099999999937 0.00000000099999999937 
0.99999960747380822745 0.00000000099999999903 0.00000000099999999903 0.00000000099999999903 0.00000038452619180639 0.00000000099999999903 0.00000000099999999903 0.00000000099999999903 0.00000000099999999903 0.00000000099999999903 
0.03135390992939194460 0.00000000099999999964 0.00000000099999999964 0.00000000099999999964 0.00000000099999999964 0.00000000099999999964 0.00000000099999999964 0.00000000099999999964 0.96864608207060809431 0.00000000099999999964 
0.00000000099999999947 0.00000000099999999947 0.00000000099999999947 0.00000000099999999947 0.00000000099999999947 0.00000000099999999947 0.99999999100000003249 0.00000000099999999947 0.00000000099999999947 0.00000000099999999947 
0.99999999100000014352 0.00000000099999999887 0.00000000099999999887 0.00000000099999999887 0.00000000099999999887 0.00000000099999999887 0.00000000099999999887 0.00000000099999999887 0.00000000099999999887 0.00000000099999999887 
0.27452992312020479959 0.00000000099999999983 0.00000000099999999983 0.00000000099999999983 0.00000000099999999983 0.72547006887979514911 0.00000000099999999983 0.00000000099999999983 0.00000000099999999983 0.00000000099999999983 
0.00000000099999999962 0.00000000099999999962 0.35769305848952642757 0.64230693351047363215 0.00000000099999999962 0.00000000099999999962 0.00000000099999999962 0.00000000099999999962 0.00000000099999999962 0.00000000099999999962 
0.39421577504101379397 0.00000000099999999977 0.32254392760269445795 0.00000000099999999977 0.00000000099999999977 0.00000000099999999977 0.00000000099999999977 0.03676687774197633096 0.24647341361431540641 0.00000000099999999977 
0.00000000099999999977 0.21193243043459938924 0.00000000099999999977 0.78806756156540080926 0.00000000099999999977 0.00000000099999999977 0.00000000099999999977 0.00000000099999999977 0.00000000099999999977 0.00000000099999999977 
0.00000000099999999910 0.00000000099999999910 0.00000000099999999910 0.00000000099999999910 0.99999999100000003249 0.00000000099999999910 0.00000000099999999910 0.00000000099999999910 0.00000000099999999910 0.00000000099999999910 
0.00000000099999999965 0.00000000099999999965 0.00000000099999999965 0.00000000099999999965 0.00000000099999999965 0.71742770899279539876 0.00000000099999999965 0.00000000099999999965 0.28257228300720466097 0.00000000099999999965 
0.26110352814409271138 0.00000000099999999970 0.00000000099999999970 0.00000000099999999970 0.00000000099999999970 0.00000000099999999970 0.00000000099999999970 0.00000000099999999970 0.73889646385590690425 0.00000000099999999970 
0.00000000099999999971 0.39962646076162433584 0.00000000099999999971 0.00000000099999999971 0.00000000099999999971 0.00000000099999999971 0.00000000099999999971 0.00000000099999999971 0.60037353123837533531 0.00000000099999999971 
0.00000000099999999971 0.00000000099999999971 0.99999999100000003249 0.00000000099999999971 0.00000000099999999971 0.00000000099999999971 0.00000000099999999971 0.00000000099999999971 0.00000000099999999971 0.00000000099999999971 
0.00000000099999999966 0.00000000099999999966 0.00000000099999999966 0.00000000099999999966 0.07363653884859433507 0.00000000099999999966 0.00000000099999999966 0.00000000099999999966 0.92636345315140566914 0.00000000099999999966 
0.00000000099999999960 0.00000000099999999960 0.00000000099999999960 0.13678990979292707242 0.00000000099999999960 0.00000000099999999960 0.36727319043322131931 0.00000000099999999960 0.00000000099999999960 0.49593689277385177849 
