0.00000000099999999953 0.00000000099999999953 0.73820743807148037074 0.00000000099999999953 0.00000000099999999953 0.26179255392851963347 0.00000000099999999953 0.00000000099999999953 0.00000000099999999953 0.00000000099999999953 
0.00000000099999999948 0.00000000099999999948 0.00000000099999999948 0.99999999100000003249 0.00000000099999999948 0.00000000099999999948 0.00000000099999999948 0.00000000099999999948 0.00000000099999999948 0.00000000099999999948 
0.00000000099999999989 0.23631502272487467375 0.00000000099999999989 0.00000000099999999989 0.00000000099999999989 0.31443828573566068307 0.16667511067452508988 0.00000000099999999989 0.00000000099999999989 0.28257157486493955645 
0.00000000099999999982 0.15648284949157900692 0.00000000099999999982 0.11060819513049452434 0.47305239966268697316 0.00000000099999999982 0.00000000099999999982 0.00000001437552425861 0.00000000099999999982 0.25985653633971544929 
0.00000000099999999980 0.00000000099999999980 0.00000000099999999980 0.24156261778961776732 0.25831008611065636726 0.00000000099999999980 0.00000000099999999980 0.39035951137460850324 0.10976777872511717105 0.00000000099999999980 
0.00000000099999999980 0.00000000099999999980 0.00000000099999999980 0.00000000099999999980 0.00000000099999999980 0.39637017200520674454 0.00000000099999999980 0.60362981999479314865 0.00000000099999999980 0.00000000099999999980 
0.00000000099999999971 0.28354680270597332203 0.02891883632914962407 0.00000000099999999971 0.20666192746033662520 0.48087242750454034512 0.00000000099999999971 0.00000000099999999971 0.00000000099999999971 0.00000000099999999971 
0.00000000099999999938 0.00000000099999999938 0.00000000099999999938 0.00000000099999999938 0.00000000099999999938 0.00000000099999999938 0.00000000099999999938 0.00000000099999999938 0.99999999099999992147 0.00000000099999999938 
0.00000000099999999941 0.20268462716029195247 0.79731536483970821827 0.00000000099999999941 0.00000000099999999941 0.00000000099999999941 0.00000000099999999941 0.00000000099999999941 0.00000000099999999941 0.00000000099999999941 
0.00000000099999999896 0.00000000099999999896 0.99999999099999992147 0.00000000099999999896 0.00000000099999999896 0.00000000099999999896 0.00000000099999999896 0.00000000099999999896 0.00000000099999999896 0.00000000099999999896 
0.81534278030400841875 0.18465721169599172424 0.00000000099999999961 0.00000000099999999961 0.00000000099999999961 0.00000000099999999961 0.00000000099999999961 0.00000000099999999961 0.00000000099999999961 0.00000000099999999961 
0.00000000099999999968 0.00000000099999999968 0.55708240382609985897 0.08402629113108722736 0.00000000099999999968 0.35889129804281305614 0.00000000099999999968 0.00000000099999999968 0.00000000099999999968 0.00000000099999999968 
0.00000000099999999985 0.00000000099999999985 0.02150478252277918459 0.00098418363898374961 0.39912720943657820083 0.00000000099999999985 0.57838381840165886683 0.00000000099999999985 0.00000000099999999985 0.00000000099999999985 
0.78278637888316016102 0.00000000099999999940 0.21721361311683992645 0.00000000099999999940 0.00000000099999999940 0.00000000099999999940 0.00000000099999999940 0.00000000099999999940 0.00000000099999999940 0.00000000099999999940 
0.00000000099999999896 0.00000000099999999896 0.99999999099999992147 0.00000000099999999896 0.00000000099999999896 0.00000000099999999896 0.00000000099999999896 0.00000000099999999896 0.00000000099999999896 0.00000000099999999896 
0.00000000099999999971 0.00000000099999999971 0.00000000099999999971 0.00000000099999999971 0.00000000099999999971 0.15440757012632810863 0.00000000099999999971 0.00000000099999999971 0.84559242187367189558 0.00000000099999999971 
0.00169973474851169322 0.00000000099999999979 0.00000000099999999979 0.00032378096747375337 0.00000000099999999979 0.00000000099999999979 0.00000000099999999979 0.34515557594070783720 0.00000000099999999979 0.65282090234330658607 
0.00002165742034006704 0.00000000099999999966 0.00000000099999999966 0.00000000099999999966 0.00000000099999999966 0.00000000099999999966 0.99997833457966001092 0.00000000099999999966 0.00000000099999999966 0.00000000099999999966 
0.00000000099999999977 0.00000000099999999977 0.19744754613613257899 0.00000000099999999977 0.55405786466202078255 0.00090792671759343398 0.00000000099999999977 0.24758665648425337569 0.00000000099999999977 0.00000000099999999977 
0.77655656634605907396 0.00000000099999999992 0.00000000099999999992 0.00000000099999999992 0.00000000099999999992 0.00000000099999999992 0.00000000099999999992 0.00000000099999999992 0.22344342565394115230 0.00000000099999999992 
0.00000000099999999961 0.00000000099999999961 0.94496147213607240012 0.00000000099999999961 0.00000000099999999961 0.00000000099999999961 0.00000000099999999961 0.05503851986392779144 0.00000000099999999961 0.00000000099999999961 
0.00000000099999999944 0.24055174536510712247 0.75944824663489296501 0.00000000099999999944 0.00000000099999999944 0.00000000099999999944 0.00000000099999999944 0.00000000099999999944 0.00000000099999999944 0.00000000099999999944 
0.00000000099999999976 0.20789366141526863241 0.20219752615587396893 0.00000000099999999976 0.00000000099999999976 0.00000000099999999976 0.00000000099999999976 0.58990880542885737459 0.00000000099999999976 0.00000000099999999976 
0.00000000099999999929 0.00000000099999999929 0.99999999100000014352 0.00000000099999999929 0.00000000099999999929 0.00000000099999999929 0.00000000099999999929 0.00000000099999999929 0.00000000099999999929 0.00000000099999999929 
0.00000000099999999972 0.00000000099999999972 0.61977810941517774701 0.00000000099999999972 0.00000000099999999972 0.00000000099999999972 0.38022188258482242373 0.00000000099999999972 0.00000000099999999972 0.00000000099999999972 
0.00000000099999999945 0.00000000099999999945 0.00000000099999999945 0.00000000099999999945 0.00000000099999999945 0.00000000099999999945 0.00000000099999999945 0.99999999099999992147 0.00000000099999999945 0.00000000099999999945 
0.00000000099999999917 0.06267403752835347397 0.93732595447164657187 0.00000000099999999917 0.00000000099999999917 0.00000000099999999917 0.00000000099999999917 0.00000000099999999917 0.00000000099999999917 0.00000000099999999917 
0.52872976136975069483 0.00000000099999999981 0.00000000099999999981 0.00000000099999999981 0.00000000099999999981 0.11779002529225300611 0.00000000099999999981 0.06626811515998386193 0.28721209217801263458 0.00000000099999999981 
0.00000000099999999904 0.00000000099999999904 0.99999999100000014352 0.00000000099999999904 0.00000000099999999904 0.00000000099999999904 0.00000000099999999904 0.00000000099999999904 0.00000000099999999904 0.00000000099999999904 
0.00000000099999999980 0.00000000099999999980 0.00000000099999999980 0.23801153695236088037 0.36223250152085306741 0.00000000099999999980 0.00000000099999999980 0.00000000099999999980 0.00000000099999999980 0.39975595452678613917 
0.00000000099999999912 0.00000000099999999912 0.99999999100000003249 0.00000000099999999912 0.00000000099999999912 0.00000000099999999912 0.00000000099999999912 0.00000000099999999912 0.00000000099999999912 0.00000000099999999912 
0.00000000099999999915 0.00000000099999999915 0.00000000099999999915 0.00000000099999999915 0.00000000099999999915 0.00000000099999999915 0.00000000099999999915 0.00000000099999999915 0.99999999099999992147 0.00000000099999999915 
0.00000000099999999950 0.46443904986547862590 0.53556094213452143382 0.00000000099999999950 0.00000000099999999950 0.00000000099999999950 0.00000000099999999950 0.00000000099999999950 0.00000000099999999950 0.00000000099999999950 
0.00000000099999999977 0.29597868847961900096 0.16073153428300401835 0.00000000099999999977 0.00000000099999999977 0.00000000099999999977 0.00000000099999999977 0.54328977023737667906 0.00000000099999999977 0.00000000099999999977 
0.00000000099999999971 0.32112668386960779854 0.16915355284328881247 0.00000000099999999971 0.00000000099999999971 0.00000000099999999971 0.50971975628710330941 0.00000000099999999971 0.00000000099999999971 0.00000000099999999971 
0.61107602174860886635 0.00000000099999999982 0.00000000099999999982 0.00000000099999999982 0.26693195373840317153 0.00000000099999999982 0.00000000099999999982 0.12199201751298811847 0.00000000099999999982 0.00000000099999999982 
0.00000004286084253599 0.00000000099999999986 0.00000000099999999986 0.00000000099999999986 0.00000000099999999986 0.37232911845674887541 0.18375995225367713903 0.00000000099999999986 0.00000000099999999986 0.44391088042873150243 
0.00000000099999999959 0.00000000099999999959 0.00000000099999999959 0.00000000099999999959 0.00000000099999999959 0.00000000099999999959 0.99999999099999992147 0.00000000099999999959 0.00000000099999999959 0.00000000099999999959 
0.00000000099999999963 0.00000000099999999963 0.00000000099999999963 0.00000000099999999963 0.00000000099999999963 0.87538777511564302980 0.00000000099999999963 0.00000000099999999963 0.12461221688435697441 0.00000000099999999963 
0.00000000099999999963 0.00000000099999999963 0.10430805243580223984 0.00000000099999999963 0.89569193956419790315 0.00000000099999999963 0.00000000099999999963 0.00000000099999999963 0.00000000099999999963 0.00000000099999999963 
0.01412096975835680501 0.00000000099999999994 0.00000167971348893904 0.00000000099999999994 0.35284912431596249238 0.33602651950089795774 0.08767434644124139087 0.20932735627005219503 0.00000000099999999994 0.00000000099999999994 
0.94485788669565284881 0.05514210530434734275 0.00000000099999999959 0.00000000099999999959 0.00000000099999999959 0.00000000099999999959 0.00000000099999999959 0.00000000099999999959 0.00000000099999999959 0.00000000099999999959 
0.00000000099999999980 0.00000000099999999980 0.00000000099999999980 0.07443958707766239191 0.00000000099999999980 0.00000000099999999980 0.00000000099999999980 0.44242041271370002864 0.13420896948816751770 0.34893102472047016205 
0.03740380350711629276 0.00000000099999999986 0.00000000099999999986 0.06956380231339476250 0.17567784925422119668 0.00000000099999999986 0.00000000099999999986 0.27750863864520786128 0.00000000099999999986 0.43984590128005984777 
0.00000000099999999919 0.05043169566651364844 0.94956829633348649455 0.00000000099999999919 0.00000000099999999919 0.00000000099999999919 0.00000000099999999919 0.00000000099999999919 0.00000000099999999919 0.00000000099999999919 
0.18048720514245578106 0.11646732204594952009 0.00000000099999999968 0.00000000099999999968 0.00000000099999999968 0.00000000099999999968 0.00000000099999999968 0.00000000099999999968 0.00000000099999999968 0.70304546581159454988 
0.00000000099999999964 0.27688126180415517652 0.23108773138245869427 0.00000000099999999964 0.00000000099999999964 0.00000000099999999964 0.49203099981338627167 0.00000000099999999964 0.00000000099999999964 0.00000000099999999964 
0.38031205374401727548 0.16782727904448990763 0.00000000099999999967 0.00000000099999999967 0.00000000099999999967 0.00000000099999999967 0.00000000099999999967 0.00000000099999999967 0.00000000099999999967 0.45186066021149295935 
0.00000000099999999924 0.00000000099999999924 0.99999999100000003249 0.00000000099999999924 0.00000000099999999924 0.00000000099999999924 0.00000000099999999924 0.00000000099999999924 0.00000000099999999924 0.00000000099999999924 
0.00000000099999999920 0.07361101465120679921 0.92638897734879332990 0.00000000099999999920 0.00000000099999999920 0.00000000099999999920 0.00000000099999999920 0.00000000099999999920 0.00000000099999999920 0.00000000099999999920 
0.00000000099999999960 0.28257783691013282912 0.49460179693022793268 0.00000000099999999960 0.00000000099999999960 0.00000000099999999960 0.00000000099999999960 0.00000000099999999960 0.00000000099999999960 0.22282035915963938066 
0.00000000099999999966 0.00000000099999999966 0.00000000099999999966 0.49687728748846071714 0.00000000099999999966 0.50312270451153928708 0.00000000099999999966 0.00000000099999999966 0.00000000099999999966 0.00000000099999999966 
0.00000000099999999970 0.00000000099999999970 0.00000000099999999970 0.99999999100000014352 0.00000000099999999970 0.00000000099999999970 0.00000000099999999970 0.00000000099999999970 0.00000000099999999970 0.00000000099999999970 
0.33109096557969014407 0.00000000099999999972 0.00000000099999999972 0.00000000099999999972 0.00000000099999999972 0.00000000099999999972 0.00000000099999999972 0.00000000099999999972 0.00000000099999999972 0.66890902642030958258 
0.00000000099999999952 0.00000000099999999952 0.86254379928433777547 0.00000000099999999952 0.00000000099999999952 0.00000000099999999952 0.00000000099999999952 0.13745619271566220099 0.00000000099999999952 0.00000000099999999952 
0.00000000099999999979 0.01559782414917899353 0.04857706567263323644 0.00000000099999999979 0.37732539613681315149 0.00000000099999999979 0.00000000099999999979 0.55849970804137460956 0.00000000099999999979 0.00000000099999999979 
0.00000000099999999949 0.00000000099999999949 0.00000000099999999949 0.00000000099999999949 0.00000000099999999949 0.99999999100000014352 0.00000000099999999949 0.00000000099999999949 0.00000000099999999949 0.00000000099999999949 
0.21895944198125230629 0.41888116659093621585 0.36215938442781164808 0.00000000099999999958 0.00000000099999999958 0.00000000099999999958 0.00000000099999999958 0.00000000099999999958 0.00000000099999999958 0.00000000099999999958 
0.00000000099999999969 0.41587502306642198935 0.00000000099999999969 0.00000000099999999969 0.38056918071212392229 0.00000000099999999969 0.20355578922145403653 0.00000000099999999969 0.00000000099999999969 0.00000000099999999969 
0.11481993037870218133 0.20545583612589229938 0.67972422649540553685 0.00000000099999999961 0.00000000099999999961 0.00000000099999999961 0.00000000099999999961 0.00000000099999999961 0.00000000099999999961 0.00000000099999999961 
0.00000000099999999940 0.00000000099999999940 0.32426690538993041546 0.00000000099999999940 0.00000000099999999940 0.67573308661006958875 0.00000000099999999940 0.00000000099999999940 0.00000000099999999940 0.00000000099999999940 
0.00000000099999999891 0.00000000099999999891 0.99999999099999992147 0.00000000099999999891 0.00000000099999999891 0.00000000099999999891 0.00000000099999999891 0.00000000099999999891 0.00000000099999999891 0.00000000099999999891 
0.00000000099999999965 0.00000000099999999965 0.03447548442520667611 0.00000000099999999965 0.00000000099999999965 0.00000000099999999965 0.00000000099999999965 0.00000000099999999965 0.00000000099999999965 0.96552450757479335586 
0.00000000099999999959 0.10953031908224339364 0.02963332364046550663 0.00000000099999999959 0.00000000099999999959 0.86083635027729110689 0.00000000099999999959 0.00000000099999999959 0.00000000099999999959 0.00000000099999999959 
0.00000000099999999886 0.00000000099999999886 0.99999999099999992147 0.00000000099999999886 0.00000000099999999886 0.00000000099999999886 0.00000000099999999886 0.00000000099999999886 0.00000000099999999886 0.00000000099999999886 
0.78016072292664040422 0.00000000099999999980 0.21983926907335984979 0.00000000099999999980 0.00000000099999999980 0.00000000099999999980 0.00000000099999999980 0.00000000099999999980 0.00000000099999999980 0.00000000099999999980 
0.00000000099999999958 0.00000000099999999958 0.00000000099999999958 0.62358338204669960803 0.37641660995330039619 0.00000000099999999958 0.00000000099999999958 0.00000000099999999958 0.00000000099999999958 0.00000000099999999958 
0.00000000099999999981 0.38022190451434856318 0.28444865950383974029 0.00000000099999999981 0.25475238376114556216 0.00000000099999999981 0.00000000099999999981 0.00000000099999999981 0.00000000099999999981 0.08057704622066608202 
0.00000000099999999970 0.00000000099999999970 0.00000000099999999970 0.99999999100000014352 0.00000000099999999970 0.00000000099999999970 0.00000000099999999970 0.00000000099999999970 0.00000000099999999970 0.00000000099999999970 
0.00000000099999999937 0.00000000099999999937 0.99999999100000003249 0.00000000099999999937 0.00000000099999999937 0.00000000099999999937 0.00000000099999999937 0.00000000099999999937 0.00000000099999999937 0.00000000099999999937 
0.74681278542834117484 0.00000000099999999963 0.00000000099999999963 0.00000000099999999963 0.00000000099999999963 0.00000000099999999963 0.00000000099999999963 0.00000000099999999963 0.00000000099999999963 0.25318720657165905141 
0.11000242979721727710 0.18230522856608671889 0.15092205665763280820 0.00000000099999999969 0.00000000099999999969 0.00000000099999999969 0.00000000099999999969 0.00000000099999999969 0.00000000099999999969 0.55677027897906294918 
0.00000000099999999968 0.00000000099999999968 0.00000000099999999968 0.00000000099999999968 0.00000000099999999968 0.00000000099999999968 0.00000000099999999968 0.32896198162554485256 0.00000000099999999968 0.67103801037445520716 
0.00000000099999999964 0.00000000099999999964 0.00000000099999999964 0.00000000099999999964 0.99999999100000003249 0.00000000099999999964 0.00000000099999999964 0.00000000099999999964 0.00000000099999999964 0.00000000099999999964 
0.00000000099999999964 0.00000000099999999964 0.07821416013917011079 0.00000000099999999964 0.00000000099999999964 0.00000000099999999964 0.00000000099999999964 0.00000000099999999964 0.00000000099999999964 0.92178583186082985179 
0.00000000099999999965 0.00000000099999999965 0.00000000099999999965 0.18899674641606040160 0.00000000099999999965 0.81100311280150694238 0.00000000099999999965 0.00000000099999999965 0.00000013378243276406 0.00000000099999999965 
