0.34320772862340725995 0.00000000099999999945 0.00000000099999999945 0.00000000099999999945 0.00000000099999999945 0.40429204356156317468 0.00000000099999999945 0.25250022081502954130 0.00000000099999999945 0.00000000099999999945 
0.00000000099999999954 0.00000000099999999954 0.00000000099999999954 0.00000000099999999954 0.99999999100000003249 0.00000000099999999954 0.00000000099999999954 0.00000000099999999954 0.00000000099999999954 0.00000000099999999954 
0.12056055786311468958 0.00000000099999999991 0.00000000099999999991 0.26296014208185358729 0.00000000099999999991 0.00000000099999999991 0.00000000099999999991 0.27199687331929806033 0.34448242073573354105 0.00000000099999999991 
0.00000000147072980728 0.00000000099999999986 0.00000000099999999986 0.30492994437718884404 0.19133923808070452122 0.01544296922861292283 0.09444676268971249899 0.00000000099999999986 0.39384108015305135941 0.00000000099999999986 
0.00000000099999999982 0.00000000099999999982 0.00000000099999999982 0.00000000099999999982 0.35760226822059348883 0.00000000099999999982 0.12663138876919416420 0.00000000099999999982 0.00000000099999999982 0.51576633601021226738 
0.00000000099999999986 0.00000000099999999986 0.00000000099999999986 0.00000000099999999986 0.00000000099999999986 0.00000000099999999986 0.21409876084254639284 0.45444275497526220864 0.00000000099999999986 0.33145847718219162426 
0.14471829895162166557 0.00000000099999999973 0.00000000099999999973 0.00000000099999999973 0.00000000099999999973 0.00000000099999999973 0.00000000099999999973 0.51484577802039899197 0.34043591602797929063 0.00000000099999999973 
0.00000000099999999963 0.00000000099999999963 0.00000000099999999963 0.00000000099999999963 0.00000000099999999963 0.00000000099999999963 0.00000000099999999963 0.69510639929054984787 0.00000000099999999963 0.30489359270945021185 
0.99999999100000014352 0.00000000099999999952 0.00000000099999999952 0.00000000099999999952 0.00000000099999999952 0.00000000099999999952 0.00000000099999999952 0.00000000099999999952 0.00000000099999999952 0.00000000099999999952 
0.36988060435144143323 0.00000000099999999899 0.00000000099999999899 0.00000000099999999899 0.00000000099999999899 0.63011938764855823791 0.00000000099999999899 0.00000000099999999899 0.00000000099999999899 0.00000000099999999899 
0.02524148981814441917 0.97475850218185566831 0.00000000099999999959 0.00000000099999999959 0.00000000099999999959 0.00000000099999999959 0.00000000099999999959 0.00000000099999999959 0.00000000099999999959 0.00000000099999999959 
0.00000000099999999958 0.00000000099999999958 0.00000000099999999958 0.00000000099999999958 0.06269919253601942410 0.57819451651752351573 0.00000000099999999958 0.35910628394645704997 0.00000000099999999958 0.00000000099999999958 
0.38261163134781989159 0.00000000099999999975 0.00000000099999999975 0.00000000099999999975 0.00000000099999999975 0.00000000099999999975 0.61738836065217983506 0.00000000099999999975 0.00000000099999999975 0.00000000099999999975 
0.16772941680222441807 0.83226706474466316532 0.00000000099999999943 0.00000000099999999943 0.00000000099999999943 0.00000351145311261887 0.00000000099999999943 0.00000000099999999943 0.00000000099999999943 0.00000000099999999943 
0.99999999100000014352 0.00000000099999999896 0.00000000099999999896 0.00000000099999999896 0.00000000099999999896 0.00000000099999999896 0.00000000099999999896 0.00000000099999999896 0.00000000099999999896 0.00000000099999999896 
0.00000000099999999973 0.00000000099999999973 0.00000000099999999973 0.00000000099999999973 0.00000000099999999973 0.00000000099999999973 0.00000000099999999973 0.99999999100000003249 0.00000000099999999973 0.00000000099999999973 
0.00000000099999999983 0.00000000099999999983 0.00000000099999999983 0.70787301682304959449 0.00000000099999999983 0.00000000099999999983 0.29212178896550189400 0.00000000099999999983 0.00000000099999999983 0.00000518721144872033 
0.08221221457449887082 0.00000000099999999963 0.91778777742550132768 0.00000000099999999963 0.00000000099999999963 0.00000000099999999963 0.00000000099999999963 0.00000000099999999963 0.00000000099999999963 0.00000000099999999963 
0.00000000099999999984 0.00000000099999999984 0.00000000099999999984 0.00000000099999999984 0.00000000099999999984 0.38241020095011735158 0.22471895964533084022 0.09953759876634903081 0.17743918445149037266 0.11589405118671228245 
0.00000000099999999981 0.00000000099999999981 0.99999999100000014352 0.00000000099999999981 0.00000000099999999981 0.00000000099999999981 0.00000000099999999981 0.00000000099999999981 0.00000000099999999981 0.00000000099999999981 
0.00000000099999999937 0.00000000099999999937 0.00000000099999999937 0.00000000099999999937 0.00000000099999999937 0.99999999100000003249 0.00000000099999999937 0.00000000099999999937 0.00000000099999999937 0.00000000099999999937 
0.99999999100000014352 0.00000000099999999952 0.00000000099999999952 0.00000000099999999952 0.00000000099999999952 0.00000000099999999952 0.00000000099999999952 0.00000000099999999952 0.00000000099999999952 0.00000000099999999952 
0.00000000099999999974 0.00000000099999999974 0.00000000099999999974 0.00000000099999999974 0.00000000099999999974 0.35828318771262829268 0.00000000099999999974 0.00000000099999999974 0.11840267968790049724 0.52331412559947121377 
0.32674314279613525525 0.00000000099999999922 0.00000000099999999922 0.00000000099999999922 0.00000000099999999922 0.67325684920386474897 0.00000000099999999922 0.00000000099999999922 0.00000000099999999922 0.00000000099999999922 
0.79094373824985975130 0.00000000099999999977 0.00000000099999999977 0.00000000099999999977 0.00000000099999999977 0.00007236294518032836 0.20898389180496015904 0.00000000099999999977 0.00000000099999999977 0.00000000099999999977 
0.00000000099999999955 0.00000000099999999955 0.00000000099999999955 0.00000000099999999955 0.00000000099999999955 0.00000000099999999955 0.00000000099999999955 0.00000000099999999955 0.00000000099999999955 0.99999999100000003249 
0.99999999100000003249 0.00000000099999999900 0.00000000099999999900 0.00000000099999999900 0.00000000099999999900 0.00000000099999999900 0.00000000099999999900 0.00000000099999999900 0.00000000099999999900 0.00000000099999999900 
0.00000000099999999983 0.41342808504051309360 0.00303733343165905369 0.00000000099999999983 0.00000000099999999983 0.00000000099999999983 0.17634613327474565891 0.26036515600852877528 0.00000000099999999983 0.14682328724455345759 
0.00000000099999999893 0.00000000099999999893 0.00000000099999999893 0.00000000099999999893 0.00000000099999999893 0.99999999100000003249 0.00000000099999999893 0.00000000099999999893 0.00000000099999999893 0.00000000099999999893 
0.00000000099999999988 0.00000000099999999988 0.00000000099999999988 0.46716231022421683683 0.27161754887806549563 0.08293686931148884500 0.17828326558622881182 0.00000000099999999988 0.00000000099999999988 0.00000000099999999988 
0.00000000099999999904 0.00000000099999999904 0.00000000099999999904 0.00000000099999999904 0.00000000099999999904 0.99999999100000014352 0.00000000099999999904 0.00000000099999999904 0.00000000099999999904 0.00000000099999999904 
0.00000000099999999964 0.00000000099999999964 0.14945364678334452369 0.00000000099999999964 0.00000000099999999964 0.00000000099999999964 0.00000000099999999964 0.34850954760333713311 0.00000000099999999964 0.50203679861331840240 
0.69607714454728519815 0.00000000099999999960 0.00000000099999999960 0.00000000099999999960 0.00000000099999999960 0.00000000099999999960 0.00000000099999999960 0.00000000099999999960 0.30392284745271486157 0.00000000099999999960 
0.12435053322210441740 0.00000000099999999980 0.00000000099999999980 0.00000000099999999980 0.00000000099999999980 0.21335559210395690921 0.00000000099999999980 0.00000000099999999980 0.23380258995813127387 0.42849127871580744431 
0.41784058328511636260 0.00000000099999999982 0.00000000099999999982 0.00000000099999999982 0.00000000099999999982 0.00182112376443867795 0.00000000099999999982 0.00000000099999999982 0.37974252577048828172 0.20059576117995653322 
0.00000000099999999984 0.63291614685740771318 0.00000000099999999984 0.00000000099999999984 0.00000000099999999984 0.00057743634611641631 0.36650640979647586271 0.00000000099999999984 0.00000000099999999984 0.00000000099999999984 
0.00000000099999999982 0.00000000099999999982 0.27795781976434924543 0.40549178406298957977 0.00000000099999999982 0.00000000099999999982 0.00000000099999999982 0.31655038917266126175 0.00000000099999999982 0.00000000099999999982 
0.27590661831530782777 0.00000000099999999969 0.72409337368469217644 0.00000000099999999969 0.00000000099999999969 0.00000000099999999969 0.00000000099999999969 0.00000000099999999969 0.00000000099999999969 0.00000000099999999969 
0.00000000099999999964 0.00000000099999999964 0.00000000099999999964 0.00000000099999999964 0.00000000099999999964 0.00000000099999999964 0.00000000099999999964 0.77077750985665338668 0.00000000099999999964 0.22922248214334670080 
0.00372722638033796917 0.00000000099999999972 0.00000000099999999972 0.00000000099999999972 0.00000000099999999972 0.27071912977298928649 0.37284345785970129938 0.00000000099999999972 0.35271017998697140605 0.00000000099999999972 
0.00000000099999999997 0.00034577317481457992 0.00000000099999999997 0.00626249769071939022 0.00000000099999999997 0.18221326124334044638 0.28837088095170398949 0.31435814569948733466 0.20844943723993428208 0.00000000099999999997 
0.00000000099999999951 0.99999999100000025454 0.00000000099999999951 0.00000000099999999951 0.00000000099999999951 0.00000000099999999951 0.00000000099999999951 0.00000000099999999951 0.00000000099999999951 0.00000000099999999951 
0.00000000099999999972 0.00000000099999999972 0.00000000099999999972 0.27877141983713465967 0.00000000099999999972 0.00000000099999999972 0.00000000099999999972 0.00000000099999999972 0.00000000099999999972 0.72122857216286517801 
0.00000000099999999989 0.02795189140269025915 0.00000000099999999989 0.46376476992170706515 0.00000000099999999989 0.00000000099999999989 0.27482312410002340819 0.00000000099999999989 0.00000000099999999989 0.23346020857557928108 
0.99999999100000014352 0.00000000099999999899 0.00000000099999999899 0.00000000099999999899 0.00000000099999999899 0.00000000099999999899 0.00000000099999999899 0.00000000099999999899 0.00000000099999999899 0.00000000099999999899 
0.00000000099999999969 0.41737098331526001349 0.00000000099999999969 0.58262900868474010174 0.00000000099999999969 0.00000000099999999969 0.00000000099999999969 0.00000000099999999969 0.00000000099999999969 0.00000000099999999969 
0.30957144621998766709 0.00000000099999999975 0.10083850981242227507 0.00000000099999999975 0.00000000099999999975 0.15591720053167906768 0.00000000099999999975 0.00000000099999999975 0.43367283743591089618 0.00000000099999999975 
0.00000000099999999967 0.58356262200473985047 0.00000000099999999967 0.41643736999526026477 0.00000000099999999967 0.00000000099999999967 0.00000000099999999967 0.00000000099999999967 0.00000000099999999967 0.00000000099999999967 
0.99999999100000014352 0.00000000099999999910 0.00000000099999999910 0.00000000099999999910 0.00000000099999999910 0.00000000099999999910 0.00000000099999999910 0.00000000099999999910 0.00000000099999999910 0.00000000099999999910 
0.99999999100000014352 0.00000000099999999912 0.00000000099999999912 0.00000000099999999912 0.00000000099999999912 0.00000000099999999912 0.00000000099999999912 0.00000000099999999912 0.00000000099999999912 0.00000000099999999912 
0.61279306503895358826 0.00000000099999999967 0.00000000099999999967 0.38241509566185660773 0.00000000099999999967 0.00000000099999999967 0.00000000099999999967 0.00000000099999999967 0.00479183229918983978 0.00000000099999999967 
0.00000000099999999967 0.00000000099999999967 0.00000000099999999967 0.00000000099999999967 0.37075565222235329355 0.00000000099999999967 0.00000000099999999967 0.62924433977764659964 0.00000000099999999967 0.00000000099999999967 
0.04155333168637530966 0.00000000099999999975 0.00000000099999999975 0.00000000099999999975 0.95844666031362479863 0.00000000099999999975 0.00000000099999999975 0.00000000099999999975 0.00000000099999999975 0.00000000099999999975 
0.00000000099999999975 0.32576644942090393631 0.00000000099999999975 0.58533587770118578053 0.00000000099999999975 0.00000000099999999975 0.08889766587791025909 0.00000000099999999975 0.00000000099999999975 0.00000000099999999975 
0.00000000099999999935 0.00000000099999999935 0.00000000099999999935 0.00000000099999999935 0.00000000099999999935 0.99999999100000014352 0.00000000099999999935 0.00000000099999999935 0.00000000099999999935 0.00000000099999999935 
0.21297018023300626210 0.00000000099999999986 0.00000000099999999986 0.00000000099999999986 0.00000000099999999986 0.00004552909210409822 0.37818150254374105490 0.00000000099999999986 0.07091323697565106443 0.33788954615549765537 
0.00000000099999999945 0.00000000099999999945 0.00000000099999999945 0.00000000099999999945 0.00000000099999999945 0.00000000099999999945 0.00000000099999999945 0.99999999100000003249 0.00000000099999999945 0.00000000099999999945 
0.51879404326229239253 0.34102291969460263310 0.00000000099999999968 0.08104694536922166237 0.00000000099999999968 0.00000000099999999968 0.00000000099999999968 0.00000000099999999968 0.05913608567388347476 0.00000000099999999968 
0.28054552016523670588 0.00000000099999999961 0.00000000099999999961 0.00000000099999999961 0.00000000099999999961 0.00000000099999999961 0.00000000099999999961 0.00000000099999999961 0.71945447183476296527 0.00000000099999999961 
0.00000000099999999961 0.00000000099999999961 0.00000000099999999961 0.00000000099999999961 0.00000000099999999961 0.83211682887957072463 0.00000000099999999961 0.00000000099999999961 0.16788316312042936285 0.00000000099999999961 
0.00000000099999999937 0.00000000099999999937 0.00000000099999999937 0.00000000099999999937 0.00000000099999999937 0.34949287621190855413 0.00000000099999999937 0.65050711578809128355 0.00000000099999999937 0.00000000099999999937 
0.00000000099999999890 0.00000000099999999890 0.00000000099999999890 0.00000000099999999890 0.00000000099999999890 0.99999999099999992147 0.00000000099999999890 0.00000000099999999890 0.00000000099999999890 0.00000000099999999890 
0.00000000099999999967 0.19697021194659167231 0.00000000099999999967 0.80302978005340830414 0.00000000099999999967 0.00000000099999999967 0.00000000099999999967 0.00000000099999999967 0.00000000099999999967 0.00000000099999999967 
0.00043924026478773859 0.00000000099999999954 0.00000000099999999954 0.00000000099999999954 0.00000000099999999954 0.08540502890952550441 0.00000000099999999954 0.91415572382568666132 0.00000000099999999954 0.00000000099999999954 
0.70932272154094611061 0.00000000099999999891 0.00000000099999999891 0.00000000099999999891 0.00000000099999999891 0.29067727045905383809 0.00000000099999999891 0.00000000099999999891 0.00000000099999999891 0.00000000099999999891 
0.00000000099999999955 0.00000000099999999955 0.99999999100000014352 0.00000000099999999955 0.00000000099999999955 0.00000000099999999955 0.00000000099999999955 0.00000000099999999955 0.00000000099999999955 0.00000000099999999955 
0.00000000099999999950 0.00000000099999999950 0.00000000099999999950 0.00000000099999999950 0.99999999100000014352 0.00000000099999999950 0.00000000099999999950 0.00000000099999999950 0.00000000099999999950 0.00000000099999999950 
0.45477980014713481616 0.00000000099999999981 0.00000000099999999981 0.14960083985102531901 0.00000000099999999981 0.00000018818631114274 0.00000000099999999981 0.00000000099999999981 0.39561916581552863947 0.00000000099999999981 
0.00000000099999999976 0.00000000099999999976 0.00000000099999999976 0.00000000099999999976 0.80397419736490072228 0.00000000099999999976 0.00000000099999999976 0.00000000099999999976 0.00000000099999999976 0.19602579463509953173 
0.00000000099999999915 0.00000000099999999915 0.00000000099999999915 0.00000000099999999915 0.00000000099999999915 0.99999999100000003249 0.00000000099999999915 0.00000000099999999915 0.00000000099999999915 0.00000000099999999915 
0.00000000099999999964 0.81808638168853287098 0.00000000099999999964 0.18191361031146732752 0.00000000099999999964 0.00000000099999999964 0.00000000099999999964 0.00000000099999999964 0.00000000099999999964 0.00000000099999999964 
0.00556518287403405098 0.39578717488632497723 0.00000000099999999976 0.49043492466180649281 0.00000000099999999976 0.10821271157783453332 0.00000000099999999976 0.00000000099999999976 0.00000000099999999976 0.00000000099999999976 
0.00000000099999999965 0.00000000099999999965 0.00000000099999999965 0.69325687903766519682 0.00000000099999999965 0.00000000099999999965 0.00000000099999999965 0.00000000099999999965 0.00000000099999999965 0.30674311296233491841 
0.09459899128252040323 0.00000000099999999985 0.00000000099999999985 0.00000000099999999985 0.00000000099999999985 0.00000000147986601247 0.38477869336158315727 0.00000000099999999985 0.52062230787603036575 0.00000000099999999985 
0.00000000099999999963 0.00000000099999999963 0.00000000099999999963 0.95542191921690400314 0.00000000099999999963 0.04457807278309602883 0.00000000099999999963 0.00000000099999999963 0.00000000099999999963 0.00000000099999999963 
0.00000000099999999951 0.00000000099999999951 0.00000000099999999951 0.00000000099999999951 0.00000000099999999951 0.00000000099999999951 0.29033675371870915072 0.70966323828129074247 0.00000000099999999951 0.00000000099999999951 
