0.00000000099999999964 0.00000000099999999964 0.00000000099999999964 0.00000000099999999964 0.24562855701904590111 0.75437143798095407377 0.00000000099999999964 
0.00000000099999999967 0.00000000099999999967 0.00000000099999999967 0.00000000099999999967 0.00000000099999999967 0.00000000099999999967 0.99999999400000005867 
0.00000000099999999995 0.00000000099999999995 0.32625354252102961583 0.24760606772337132031 0.34889839074855139023 0.07724199600704780011 0.00000000099999999995 
0.00000000099999999997 0.63400868048462510895 0.13765313958414476803 0.00000000099999999997 0.00000000099999999997 0.00000000099999999997 0.22833817593123026390 
0.50497247710023129841 0.27068214448116928450 0.00000000099999999987 0.00000000099999999987 0.00000000099999999987 0.00000000099999999987 0.22434537441859944695 
0.41085214737352493408 0.14991417902031428655 0.00000000099999999990 0.00000000099999999990 0.43923366960616100352 0.00000000099999999990 0.00000000099999999990 
0.00000000099999999987 0.21711753154239910035 0.16432274338895255794 0.00000000099999999987 0.49781574142258744331 0.12074398064606088610 0.00000000099999999987 
0.27534382488881459228 0.00000000099999999976 0.00000000099999999976 0.00000000099999999976 0.72465617011118532709 0.00000000099999999976 0.00000000099999999976 
0.00000000099999999973 0.00000000099999999973 0.12833566783540623080 0.00000000099999999973 0.00000000099999999973 0.87166432716459374408 0.00000000099999999973 
0.00000000099999999925 0.00000000099999999925 0.00000000099999999925 0.00000000099999999925 0.00000000099999999925 0.99999999399999994765 0.00000000099999999925 
0.00000000099999999983 0.00000000099999999983 0.16327123897300266364 0.69294121065327973774 0.00000000099999999983 0.14378754637371765623 0.00000000099999999983 
0.00000000099999999978 0.00000000099999999978 0.00000000099999999978 0.00000000099999999978 0.34934533064193862284 0.56944298156232309172 0.08121168379573831531 
0.00000000099999999992 0.48578484695069457100 0.00000000099999999992 0.09891409271268597481 0.00000000099999999992 0.15776426854531205857 0.25753678879130736945 
0.00000000099999999965 0.00000000099999999965 0.00000000099999999965 0.62179790661785472317 0.00000000099999999965 0.37820208838214536273 0.00000000099999999965 
0.00000000099999999928 0.00000000099999999928 0.00000000099999999928 0.00000000099999999928 0.00000000099999999928 0.99999999399999994765 0.00000000099999999928 
0.00000000099999999984 0.00000000099999999984 0.00000000099999999984 0.00000000099999999984 0.99999999399999994765 0.00000000099999999984 0.00000000099999999984 
0.17694092588391438503 0.00000000099999999986 0.00000000099999999986 0.62249657772700128788 0.00000000099999999986 0.00000000099999999986 0.20056249238908444021 
0.00000000099999999974 0.00000000099999999974 0.99999999399999994765 0.00000000099999999974 0.00000000099999999974 0.00000000099999999974 0.00000000099999999974 
0.12873090117302590785 0.54804986219175266804 0.00000000099999999987 0.00000000099999999987 0.09280028597420450498 0.23041894766101705949 0.00000000099999999987 
0.32211293142401292711 0.00000000099999999995 0.00000000099999999995 0.67788706357598704777 0.00000000099999999995 0.00000000099999999995 0.00000000099999999995 
0.00000000099999999976 0.00000000099999999976 0.00000000099999999976 0.00000000099999999976 0.00000000099999999976 0.94853135135594013327 0.05146864364405979997 
0.00000000099999999967 0.00000000099999999967 0.16775466731435967338 0.00000000099999999967 0.00000000099999999967 0.83224532768564019047 0.00000000099999999967 
0.60637506334168089772 0.00000000099999999991 0.00000000099999999991 0.00000000099999999991 0.00000000099999999991 0.39362493165831918818 0.00000000099999999991 
0.00000000099999999951 0.00000000099999999951 0.00000000099999999951 0.00000000099999999951 0.00000000099999999951 0.99999999399999994765 0.00000000099999999951 
0.08286922606129315527 0.00000000099999999989 0.11963202236422836033 0.00000000099999999989 0.00000000099999999989 0.68696428389443708884 0.11053446468004125836 
0.99999999400000005867 0.00000000099999999974 0.00000000099999999974 0.00000000099999999974 0.00000000099999999974 0.00000000099999999974 0.00000000099999999974 
0.00000000099999999944 0.00000000099999999944 0.00000000099999999944 0.00000000099999999944 0.00000000099999999944 0.99999999400000005867 0.00000000099999999944 
0.20181987087494229760 0.00000000099999999994 0.00000000099999999994 0.42525142344622496315 0.37292870167883279686 0.00000000099999999994 0.00000000099999999994 
0.00000000099999999935 0.00000000099999999935 0.00000000099999999935 0.00000000099999999935 0.00000000099999999935 0.99999999400000005867 0.00000000099999999935 
0.00000000099999999993 0.39355190554495145250 0.00000000099999999993 0.25694485035528735750 0.00000000099999999993 0.00000000099999999993 0.34950324009976113659 
0.00000000099999999939 0.00000000099999999939 0.00000000099999999939 0.00000000099999999939 0.00000000099999999939 0.99999999399999994765 0.00000000099999999939 
0.64329228856531794900 0.00000000099999999980 0.00000000099999999980 0.00000000099999999980 0.35670770643468224792 0.00000000099999999980 0.00000000099999999980 
0.00000000099999999970 0.00000000099999999970 0.36597242753097447565 0.00000000099999999970 0.00000000099999999970 0.63402756746902544371 0.00000000099999999970 
0.42390657024460692837 0.00000000099999999990 0.24664058171025080024 0.00000000099999999990 0.00000000099999999990 0.32945284404514224574 0.00000000099999999990 
0.19418113939615389008 0.00000000099999999986 0.41323112383126447966 0.00000000099999999986 0.00000000099999999986 0.39258773277258157686 0.00000000099999999986 
0.10228245119813587916 0.29111144931515670065 0.00000000099999999991 0.59938310601665201194 0.00000000099999999991 0.00722299047005530402 0.00000000099999999991 
0.00000000099999999992 0.00000000099999999992 0.12590580149022567724 0.40130089244172512108 0.29115379023115345314 0.00000000099999999992 0.18163951283689563909 
0.21480039552978863471 0.00000000099999999991 0.30992178180175727897 0.00000000099999999991 0.00000000099999999991 0.25969506878959391916 0.21558275087886011323 
0.21320532883934126267 0.00000000099999999980 0.00000000099999999980 0.00000000099999999980 0.78679466616065873996 0.00000000099999999980 0.00000000099999999980 
0.00000000099999999977 0.87026479113308219393 0.00000000099999999977 0.00000000099999999977 0.00000000099999999977 0.12973520386691794748 0.00000000099999999977 
0.08410048497845221127 0.44235062501247340849 0.00000000100000000000 0.03020183341017790291 0.34813749197868282259 0.04942661243852685543 0.04578295118168676514 
0.00000000099999999971 0.00000000099999999971 0.00000000099999999971 0.85094333882192474405 0.00000000099999999971 0.14905665617807528633 0.00000000099999999971 
0.76189128864407296149 0.00000000099999999988 0.00000000099999999988 0.23810870635592720768 0.00000000099999999988 0.00000000099999999988 0.00000000099999999988 
0.28925326460047084964 0.16383262939132833824 0.00000000099999999989 0.43736903548109612450 0.00000000099999999989 0.00000000099999999989 0.10954506752710466144 
0.00000000099999999945 0.00000000099999999945 0.00000000099999999945 0.00000000099999999945 0.00000000099999999945 0.99999999400000005867 0.00000000099999999945 
0.00000000099999999979 0.00000000099999999979 0.16598571046160531806 0.83401428453839476784 0.00000000099999999979 0.00000000099999999979 0.00000000099999999979 
0.00000000099999999982 0.33646764448242000300 0.24902327334469917530 0.00000000099999999982 0.00000000099999999982 0.41450907817288085155 0.00000000099999999982 
0.00000000099999999978 0.00000000099999999978 0.19640294572433111830 0.80359704927566888433 0.00000000099999999978 0.00000000099999999978 0.00000000099999999978 
0.00000000099999999945 0.00000000099999999945 0.00000000099999999945 0.00000000099999999945 0.00000000099999999945 0.99999999399999994765 0.00000000099999999945 
0.00000000099999999945 0.00000000099999999945 0.00000000099999999945 0.00000000099999999945 0.00000000099999999945 0.99999999399999994765 0.00000000099999999945 
0.00000000099999999984 0.00000000099999999984 0.21575615588808202960 0.19875462648930949938 0.00000000099999999984 0.58548921362260830659 0.00000000099999999984 
0.00000000099999999976 0.00000000099999999976 0.00000000099999999976 0.00000000099999999976 0.54869854994271882731 0.00000000099999999976 0.45130144505728114757 
0.00000000099999999978 0.00000000099999999978 0.00000000099999999978 0.00000000099999999978 0.00000000099999999978 0.00000000099999999978 0.99999999399999994765 
0.00000000099999999983 0.00000000099999999983 0.00000000099999999983 0.99999999400000005867 0.00000000099999999983 0.00000000099999999983 0.00000000099999999983 
0.08840387663514522043 0.00000000099999999977 0.00000000099999999977 0.00000000099999999977 0.00000000099999999977 0.91159611836485476832 0.00000000099999999977 
0.41094972469886836830 0.47775888491794127333 0.00010170501009547136 0.00000000099999999993 0.00000000099999999993 0.11118968237309480307 0.00000000099999999993 
0.00000000099999999963 0.00000000099999999963 0.00000000099999999963 0.00000000099999999963 0.99999999399999994765 0.00000000099999999963 0.00000000099999999963 
0.00000000099999999974 0.00000000099999999974 0.26541978834881485572 0.21961561193043110940 0.00000000099999999974 0.51496459572075392597 0.00000000099999999974 
0.00000000099999999978 0.48233284361775496940 0.35543929123022277583 0.00000000099999999978 0.00000000099999999978 0.16222786115202231239 0.00000000099999999978 
0.00000000099999999979 0.24273245670189511070 0.00000000099999999979 0.00000000099999999979 0.00000000099999999979 0.75726753829810489194 0.00000000099999999979 
0.00000000099999999959 0.00000000099999999959 0.00000000099999999959 0.00000000099999999959 0.65671296007474622147 0.34328703492525380891 0.00000000099999999959 
0.00000000099999999923 0.00000000099999999923 0.00000000099999999923 0.00000000099999999923 0.00000000099999999923 0.99999999399999994765 0.00000000099999999923 
0.00000000099999999985 0.00000000099999999985 0.02191122179011964835 0.97808877320988030224 0.00000000099999999985 0.00000000099999999985 0.00000000099999999985 
0.00000000099999999974 0.00000000099999999974 0.00000000099999999974 0.00000000099999999974 0.89065837875651598932 0.10934161624348390229 0.00000000099999999974 
0.00000000099999999920 0.00000000099999999920 0.00000000099999999920 0.00000000099999999920 0.00000000099999999920 0.99999999399999994765 0.00000000099999999920 
0.10381372577550977698 0.00000000099999999999 0.00000000099999999999 0.53216287431614306414 0.03750097320019873948 0.32652242370814832384 0.00000000099999999999 
0.00000000099999999976 0.35989400951259570283 0.00000000099999999976 0.00000000099999999976 0.00000000099999999976 0.00000000099999999976 0.64010598548740416103 
0.00000000099999999994 0.31292791935465619213 0.28520944028757871935 0.00000000099999999994 0.00000000099999999994 0.40186263635776503511 0.00000000099999999994 
0.00000000099999999983 0.00000000099999999983 0.00000000099999999983 0.00000000099999999983 0.00000000099999999983 0.00000000099999999983 0.99999999399999994765 
0.00000000099999999959 0.00000000099999999959 0.00000000099999999959 0.00000000099999999959 0.00000000099999999959 0.99999999399999994765 0.00000000099999999959 
0.00000000099999999977 0.00000000099999999977 0.00000000099999999977 0.99999999400000005867 0.00000000099999999977 0.00000000099999999977 0.00000000099999999977 
0.00000000099999999984 0.00000000099999999984 0.00000116017016437442 0.83908013191323871371 0.00000000099999999984 0.16091870391659693351 0.00000000099999999984 
0.38148388707674829590 0.00000000099999999983 0.00000000099999999983 0.61851610792325162347 0.00000000099999999983 0.00000000099999999983 0.00000000099999999983 
0.00000000099999999983 0.99999999400000016969 0.00000000099999999983 0.00000000099999999983 0.00000000099999999983 0.00000000099999999983 0.00000000099999999983 
0.00000000099999999990 0.00000000099999999990 0.00000000099999999990 0.90173429961572859614 0.00000000099999999990 0.00013339470317333331 0.09813230168109809970 
0.00000000099999999970 0.00000000099999999970 0.00000000099999999970 0.00000000099999999970 0.83124829871392058589 0.00000000099999999970 0.16875169628607950001 
