0.24199767484772272130 0.00000000099999999964 0.75800232015227742011 0.00000000099999999964 0.00000000099999999964 0.00000000099999999964 0.00000000099999999964 
0.00000000099999999968 0.00000000099999999968 0.00000000099999999968 0.00000000099999999968 0.00000000099999999968 0.00000000099999999968 0.99999999399999994765 
0.34287526370951659782 0.00000000099999999995 0.07709582138681299324 0.33492555618597663614 0.22907405061020080783 0.00000000099999999995 0.01602930610749293827 
0.00000000099999999997 0.65795148616023890753 0.00000000099999999997 0.14329974058654049163 0.00000000099999999997 0.00000000099999999997 0.19874876925322057519 
0.00000000099999999987 0.26554547360765506925 0.00000000099999999987 0.00000000099999999987 0.00000000099999999987 0.50652404969491704456 0.22793047269742780503 
0.44579253258179302177 0.15802853379342496343 0.00000000099999999990 0.00000000099999999990 0.00000000099999999990 0.39617892962478207242 0.00000000099999999990 
0.49498628599994232147 0.21974424023392527539 0.12367083488541173730 0.16159863588072062579 0.00000000099999999987 0.00000000099999999987 0.00000000099999999987 
0.71903178498446806977 0.00000000099999999976 0.00000000099999999976 0.00000000099999999976 0.00000000099999999976 0.28096821001553201613 0.00000000099999999976 
0.00000000099999999973 0.00000000099999999973 0.87159132945269146564 0.12840866554730853699 0.00000000099999999973 0.00000000099999999973 0.00000000099999999973 
0.00000000099999999925 0.00000000099999999925 0.99999999400000005867 0.00000000099999999925 0.00000000099999999925 0.00000000099999999925 0.00000000099999999925 
0.00000000099999999983 0.00000000099999999983 0.14541341742286056915 0.16825877788074616870 0.68632780069639320875 0.00000000099999999983 0.00000000099999999983 
0.35017401843299272857 0.00000000099999999979 0.57220049516598137096 0.00000000099999999979 0.00000000099999999979 0.00000000099999999979 0.07762548240102611075 
0.00000000099999999992 0.47635955792241907458 0.15999765635142823572 0.00000000099999999992 0.09996983984710371141 0.00000000099999999992 0.26367294287904896599 
0.00000000099999999965 0.00000000099999999965 0.38219095407244974005 0.00000000099999999965 0.61780904092755040136 0.00000000099999999965 0.00000000099999999965 
0.00000000099999999928 0.00000000099999999928 0.99999999399999994765 0.00000000099999999928 0.00000000099999999928 0.00000000099999999928 0.00000000099999999928 
0.99999737984425918214 0.00000000099999999984 0.00000000099999999984 0.00000000099999999984 0.00000000099999999984 0.00000261515574087674 0.00000000099999999984 
0.00000000099999999986 0.00000000099999999986 0.00000000099999999986 0.00000000099999999986 0.63462674323850409852 0.18450092505093471096 0.18087232771056138692 
0.00000000099999999974 0.00000000099999999974 0.00000000099999999974 0.99999999400000005867 0.00000000099999999974 0.00000000099999999974 0.00000000099999999974 
0.08886894456800896458 0.54663985511058255096 0.23225285913848697783 0.00000000099999999987 0.00000000099999999987 0.13223833818292146658 0.00000000099999999987 
0.00000000099999999996 0.00000000099999999996 0.00000000099999999996 0.00000000099999999996 0.67788406824087132918 0.32211592675912864570 0.00000000099999999996 
0.00000000099999999976 0.00000000099999999976 0.94792249630655711634 0.00000000099999999976 0.00000000099999999976 0.00000000099999999976 0.05207749869344300425 
0.00000000099999999967 0.00000000099999999967 0.83087212423895639990 0.16912787076104363049 0.00000000099999999967 0.00000000099999999967 0.00000000099999999967 
0.00000000099999999992 0.13057962890246865850 0.34286616900852873169 0.00000000099999999992 0.00000000099999999992 0.52655419808900250089 0.00000000099999999992 
0.00000000099999999951 0.00000000099999999951 0.99999999400000005867 0.00000000099999999951 0.00000000099999999951 0.00000000099999999951 0.00000000099999999951 
0.00000000099999999990 0.00000000099999999990 0.70155708868285437951 0.00000000099999999990 0.00000000099999999990 0.00000000099999999990 0.29844290631714559536 
0.00000000099999999973 0.00000000099999999973 0.00000000099999999973 0.00000000099999999973 0.00000000099999999973 0.99999999400000005867 0.00000000099999999973 
0.00000000099999999945 0.00000000099999999945 0.99999999399999994765 0.00000000099999999945 0.00000000099999999945 0.00000000099999999945 0.00000000099999999945 
0.38149100890601050917 0.00000000099999999994 0.00000000099999999994 0.00000000099999999994 0.43157007285980497624 0.18693891423418440567 0.00000000099999999994 
0.00000000099999999935 0.00000000099999999935 0.99999999400000005867 0.00000000099999999935 0.00000000099999999935 0.00000000099999999935 0.00000000099999999935 
0.00000000099999999993 0.39392716075105949081 0.00000000099999999993 0.00000000099999999993 0.26165639239636390156 0.00000000099999999993 0.34441644285257660973 
0.00000000099999999940 0.00000000099999999940 0.99999999399999994765 0.00000000099999999940 0.00000000099999999940 0.00000000099999999940 0.00000000099999999940 
0.34692437879470905404 0.00000000099999999979 0.00000000099999999979 0.00000000099999999979 0.00000000099999999979 0.65307561620529086532 0.00000000099999999979 
0.00000000099999999968 0.00000000099999999968 0.62843453387123160425 0.37156546112876837062 0.00000000099999999968 0.00000000099999999968 0.00000000099999999968 
0.00000000099999999990 0.00000000099999999990 0.32357990883450438169 0.23977932974807175670 0.00000000099999999990 0.43664075741742380821 0.00000000099999999990 
0.00000000099999999986 0.00000000099999999986 0.38541810012863053636 0.41993013243796084577 0.00000000099999999986 0.19465176343340873100 0.00000000099999999986 
0.00000000099999999991 0.29546600908160713939 0.00902694906656237306 0.00000000099999999991 0.59837980151816050345 0.09712723733366984691 0.00000000099999999991 
0.29486999434955402100 0.00000000099999999992 0.00000000099999999992 0.12851911106896951598 0.40042182543354537527 0.00000000099999999992 0.17618906614793117260 
0.00000000099999999991 0.00000000099999999991 0.25805224900037448954 0.28551940636618300395 0.00000000099999999991 0.20873161571253984192 0.24769672592090274943 
0.79440935967575654342 0.00000000099999999980 0.00000000099999999980 0.00000000099999999980 0.00000000099999999980 0.20559063532424354248 0.00000000099999999980 
0.00000000099999999978 0.86234304484845880623 0.13765695015154130743 0.00000000099999999978 0.00000000099999999978 0.00000000099999999978 0.00000000099999999978 
0.34253101011489767158 0.44271804393840336056 0.05120157451188145359 0.00000000100000000000 0.02843407165977747050 0.09594545569586468425 0.03916984307917541902 
0.00000000099999999971 0.00000000099999999971 0.15081465523222351011 0.00000000099999999971 0.84918533976777643701 0.00000000099999999971 0.00000000099999999971 
0.00000000099999999987 0.00000000099999999987 0.00000000099999999987 0.00000000099999999987 0.22923358857407766243 0.77076640642592231245 0.00000000099999999987 
0.00000000099999999989 0.16694911924873662157 0.00000000099999999989 0.00000000099999999989 0.43678194277111376254 0.27763854168734841688 0.11863039329280124223 
0.00000000099999999946 0.00000000099999999946 0.99999999400000005867 0.00000000099999999946 0.00000000099999999946 0.00000000099999999946 0.00000000099999999946 
0.00000000099999999979 0.00000000099999999979 0.00000000099999999979 0.17349653956177496505 0.82650345543822512084 0.00000000099999999979 0.00000000099999999979 
0.00000000099999999982 0.33437261008111968108 0.41844987695586349785 0.24717750896301682317 0.00000000099999999982 0.00000000099999999982 0.00000000099999999982 
0.00000000099999999978 0.00000000099999999978 0.00000000099999999978 0.17276137371079650085 0.82723862128920355730 0.00000000099999999978 0.00000000099999999978 
0.00000000099999999946 0.00000000099999999946 0.99999999400000005867 0.00000000099999999946 0.00000000099999999946 0.00000000099999999946 0.00000000099999999946 
0.00000000099999999944 0.00000000099999999944 0.99999999400000005867 0.00000000099999999944 0.00000000099999999944 0.00000000099999999944 0.00000000099999999944 
0.00000000099999999984 0.00000000099999999984 0.58830967464512051723 0.22739646056103501870 0.18429386079384454944 0.00000000099999999984 0.00000000099999999984 
0.56113555444420337714 0.00000000099999999977 0.00000000099999999977 0.00000000099999999977 0.00000000099999999977 0.00000000099999999977 0.43886444055579687529 
0.00000000099999999979 0.00000000099999999979 0.00000000099999999979 0.00000000099999999979 0.00000000099999999979 0.00000000099999999979 0.99999999400000005867 
0.00000000099999999983 0.00000000099999999983 0.00000000099999999983 0.00000000099999999983 0.99999999400000005867 0.00000000099999999983 0.00000000099999999983 
0.00000000099999999976 0.00000000099999999976 0.90766000916841760304 0.00000000099999999976 0.00000000099999999976 0.09233998583158235796 0.00000000099999999976 
0.00000000099999999994 0.47641437055235302811 0.10933260151932594484 0.00633189002720736544 0.00000000099999999994 0.40706767113761949117 0.00085346476349422353 
0.99999999400000016969 0.00000000099999999963 0.00000000099999999963 0.00000000099999999963 0.00000000099999999963 0.00000000099999999963 0.00000000099999999963 
0.00000000099999999974 0.00000000099999999974 0.51609638872979857194 0.27641087610408321407 0.20749273116611816059 0.00000000099999999974 0.00000000099999999974 
0.00000000099999999979 0.48963797734996000743 0.16532942060289423925 0.34503259804714558889 0.00000000099999999979 0.00000000099999999979 0.00000000099999999979 
0.00000000099999999979 0.24258807697717602037 0.75741191802282414880 0.00000000099999999979 0.00000000099999999979 0.00000000099999999979 0.00000000099999999979 
0.65427635274328921344 0.00000000099999999959 0.34572364225671076143 0.00000000099999999959 0.00000000099999999959 0.00000000099999999959 0.00000000099999999959 
0.00000000099999999923 0.00000000099999999923 0.99999999399999994765 0.00000000099999999923 0.00000000099999999923 0.00000000099999999923 0.00000000099999999923 
0.00000000099999999985 0.00000000099999999985 0.00000000099999999985 0.06612949542788024160 0.93387049957211976103 0.00000000099999999985 0.00000000099999999985 
0.88801178928523705203 0.00000000099999999974 0.11198820571476304775 0.00000000099999999974 0.00000000099999999974 0.00000000099999999974 0.00000000099999999974 
0.00000000099999999920 0.00000000099999999920 0.99999999399999994765 0.00000000099999999920 0.00000000099999999920 0.00000000099999999920 0.00000000099999999920 
0.02572975123289293620 0.00000000099999999997 0.33242097303150519583 0.00000000099999999997 0.50332676913715368450 0.00000000099999999997 0.13852250359844819894 
0.00000000099999999977 0.38052044209259983099 0.00000000099999999977 0.00000000099999999977 0.00000000099999999977 0.00000000099999999977 0.61947955290739997736 
0.00000000099999999992 0.31374726142270231710 0.40061451874494796721 0.28563821583234955126 0.00000000099999999992 0.00000000099999999992 0.00000000099999999992 
0.00000000099999999985 0.00000000099999999985 0.00000000099999999985 0.00000000099999999985 0.00000000099999999985 0.00000000099999999985 0.99999999399999994765 
0.00000000099999999959 0.00000000099999999959 0.99999999399999994765 0.00000000099999999959 0.00000000099999999959 0.00000000099999999959 0.00000000099999999959 
0.00000000099999999977 0.00000000099999999977 0.00000000099999999977 0.00000000099999999977 0.99999999399999994765 0.00000000099999999977 0.00000000099999999977 
0.00000000099999999984 0.00000000099999999984 0.16269766074107994136 0.00000058694977583112 0.83730174830914427808 0.00000000099999999984 0.00000000099999999984 
0.00000000099999999983 0.00000000099999999983 0.00000000099999999983 0.00000000099999999983 0.61087750219959280340 0.38912249280040711596 0.00000000099999999983 
0.00000000099999999983 0.99999999400000005867 0.00000000099999999983 0.00000000099999999983 0.00000000099999999983 0.00000000099999999983 0.00000000099999999983 
0.00000000099999999991 0.00000000099999999991 0.01534807700314925506 0.00000000099999999991 0.90408410909076086792 0.00000000099999999991 0.08056780990608980453 
0.83570123791109995892 0.00000000099999999970 0.00000000099999999970 0.00000000099999999970 0.00000000099999999970 0.00000000099999999970 0.16429875708890012698 
