0.27256678522654204100 0.00000000099999999953 0.00000000099999999953 0.00000000099999999953 0.00000000099999999953 0.00000000099999999953 0.72743320877345762909 0.00000000099999999953 
0.00000000099999999962 0.00000000099999999962 0.00000000099999999962 0.00000000099999999962 0.00000000099999999962 0.00000000099999999962 0.00000000099999999962 0.99999999300000008695 
0.26023582166201131294 0.21034232779912559463 0.00000000626324897070 0.00000000099999999992 0.00000000099999999992 0.40689249774454006037 0.12252934353107415577 0.00000000099999999992 
0.00000000099999999992 0.00000000099999999992 0.00000000099999999992 0.51173886188443540313 0.15426124172532185153 0.17575086718788904272 0.00000000099999999992 0.15824902520235370473 
0.00000000099999999984 0.00000000099999999984 0.00000000099999999984 0.00000061528746494507 0.53266620890519211784 0.00000000099999999984 0.00000000099999999984 0.46733317080734299021 
0.46285710852671935189 0.00000000099999999986 0.00000000099999999986 0.00000000099999999986 0.53714288547328059575 0.00000000099999999986 0.00000000099999999986 0.00000000099999999986 
0.55351396607453451360 0.00000000099999999979 0.00000000099999999979 0.20571741713102495441 0.00000000099999999979 0.20246401123918195131 0.03830460155525863830 0.00000000099999999979 
0.88610761730901910216 0.00000000099999999972 0.00000000099999999972 0.00000000099999999972 0.11389237669098087324 0.00000000099999999972 0.00000000099999999972 0.00000000099999999972 
0.00000000099999999966 0.00000000099999999966 0.00000000099999999966 0.00000000099999999966 0.00000000099999999966 0.14828916909387179768 0.85171082490612803895 0.00000000099999999966 
0.00000000099999999911 0.00000000099999999911 0.00000000099999999911 0.00000000099999999911 0.00000000099999999911 0.00000000099999999911 0.99999999299999997593 0.00000000099999999911 
0.00000000099999999977 0.00000000099999999977 0.71324733009706653419 0.00000000099999999977 0.00000000099999999977 0.17103184787890382546 0.11572081702402951808 0.00000000099999999977 
0.38731030140725536404 0.00000000099999999966 0.00000000099999999966 0.00000000099999999966 0.00000000099999999966 0.00000000099999999966 0.53582375706883833555 0.07686593652390619202 
0.00000000099999999989 0.12232259440343382084 0.00000000099999999989 0.55777266389077884146 0.00000000099999999989 0.00000000099999999989 0.18587077493786477445 0.13403396276792253761 
0.00000000099999999960 0.00000000099999999960 0.63379570524800754594 0.00000000099999999960 0.00000000099999999960 0.00000000099999999960 0.36620428875199245722 0.00000000099999999960 
0.00000000099999999915 0.00000000099999999915 0.00000000099999999915 0.00000000099999999915 0.00000000099999999915 0.00000000099999999915 0.99999999299999997593 0.00000000099999999915 
0.99999999300000019797 0.00000000099999999980 0.00000000099999999980 0.00000000099999999980 0.00000000099999999980 0.00000000099999999980 0.00000000099999999980 0.00000000099999999980 
0.00000000099999999987 0.19301105506730414918 0.49648321000950229598 0.00000000099999999987 0.20754521091759245421 0.00000000099999999987 0.00000000099999999987 0.10296052000560119988 
0.00000000099999999971 0.00000000099999999971 0.00000000099999999971 0.00000000099999999971 0.00000000099999999971 0.99999999299999997593 0.00000000099999999971 0.00000000099999999971 
0.12440701226672835900 0.00000000099999999981 0.00000000099999999981 0.47547709494531931185 0.23124047221338270286 0.00000000099999999981 0.16887541657456967004 0.00000000099999999981 
0.00000000099999999988 0.99999999300000008695 0.00000000099999999988 0.00000000099999999988 0.00000000099999999988 0.00000000099999999988 0.00000000099999999988 0.00000000099999999988 
0.00000000099999999971 0.00000000099999999971 0.00000000099999999971 0.00000000099999999971 0.00000000099999999971 0.00000000099999999971 0.94662241038228267520 0.05337758361771739735 
0.00000000099999999963 0.00000000099999999963 0.00000000099999999963 0.00000000099999999963 0.00000000099999999963 0.19250402702795380017 0.80749596697204617524 0.00000000099999999963 
0.00000000099999999979 0.00000000099999999979 0.00000000099999999979 0.00000000099999999979 0.71128276769196807638 0.00000000099999999979 0.28871722630803192677 0.00000000099999999979 
0.00000000099999999943 0.00000000099999999943 0.00000000099999999943 0.00000000099999999943 0.00000000099999999943 0.00000000099999999943 0.99999999299999997593 0.00000000099999999943 
0.00000000099999999977 0.22199299938981811864 0.00000000099999999977 0.00000000099999999977 0.00000000099999999977 0.00000000099999999977 0.77800699461018185676 0.00000000099999999977 
0.00000000099999999961 0.00000000099999999961 0.00000000099999999961 0.00000000099999999961 0.99999999300000008695 0.00000000099999999961 0.00000000099999999961 0.00000000099999999961 
0.00000000099999999933 0.00000000099999999933 0.00000000099999999933 0.00000000099999999933 0.00000000099999999933 0.03871775048296566268 0.96128224351703417394 0.00000000099999999933 
0.37122650836568665822 0.10897496571209887295 0.35928679786548561870 0.00061178365268502156 0.15989994140404384382 0.00000000099999999994 0.00000000099999999994 0.00000000099999999994 
0.00000000099999999923 0.00000000099999999923 0.00000000099999999923 0.00000000099999999923 0.00000000099999999923 0.00000000099999999923 0.99999999299999997593 0.00000000099999999923 
0.00000000099999999996 0.15522570093515297707 0.14975836689937449542 0.34415979712918443045 0.00000000099999999996 0.00000000099999999996 0.03698372662809838729 0.31387240540818983625 
0.00000000099999999929 0.00000000099999999929 0.00000000099999999929 0.00000000099999999929 0.00000000099999999929 0.00000000099999999929 0.99999999299999986491 0.00000000099999999929 
0.42565612181150636051 0.24891558854824691327 0.00000000099999999975 0.00000000099999999975 0.32542828464024681212 0.00000000099999999975 0.00000000099999999975 0.00000000099999999975 
0.00000000099999999958 0.00000000099999999958 0.00000000099999999958 0.00000000099999999958 0.00000000099999999958 0.42292177342548581409 0.57707822057451418907 0.00000000099999999958 
0.00000000099999999982 0.00000000099999999982 0.00000000099999999982 0.00000000099999999982 0.51583764253722530491 0.27039262642542649662 0.21376972603734811784 0.00000000099999999982 
0.00000000099999999983 0.00000000099999999983 0.00000000099999999983 0.00000000099999999983 0.29015498317777960180 0.39115146408916423582 0.31869354773305613726 0.00000000099999999983 
0.00000000099999999990 0.15228389565910885328 0.40208744074315616590 0.32827772669225879776 0.06849511916155638647 0.00000000099999999990 0.04885581474391990225 0.00000000099999999990 
0.30282258096233372058 0.44843093179193060926 0.00000000099999999990 0.00000000099999999990 0.00000000099999999990 0.24874648224573578381 0.00000000099999999990 0.00000000099999999990 
0.00000000099999999984 0.50858609132802301556 0.00000000099999999984 0.00000000099999999984 0.00000000099999999984 0.00000000099999999984 0.49141390267197698760 0.00000000099999999984 
0.79803090327090420164 0.20196909072909605132 0.00000000099999999972 0.00000000099999999972 0.00000000099999999972 0.00000000099999999972 0.00000000099999999972 0.00000000099999999972 
0.00000000099999999968 0.00000000099999999968 0.00000000099999999968 0.94067267334073600971 0.00000000099999999968 0.00000000099999999968 0.05932732065926398651 0.00000000099999999968 
0.38905813561456653593 0.12280539446061859710 0.00000000099999999998 0.43877319219288829499 0.00003368643586881950 0.00000000099999999998 0.04932958825430820010 0.00000000104174965900 
0.00000000099999999968 0.00000000099999999968 0.86727925335893019110 0.00000000099999999968 0.00000000099999999968 0.00000000099999999968 0.13272074064106967328 0.00000000099999999968 
0.00000000099999999990 0.28411675837312549975 0.00000000099999999990 0.00000000099999999990 0.71588323562687439239 0.00000000099999999990 0.00000000099999999990 0.00000000099999999990 
0.00000000099999999990 0.14228329374684967057 0.33139136340189218055 0.17729561551343617221 0.26264121618634234112 0.00000000099999999990 0.00000000099999999990 0.08638850815147965101 
0.00000000099999999934 0.00000000099999999934 0.00000000099999999934 0.00000000099999999934 0.00000000099999999934 0.04514508033601186826 0.95485491366398811408 0.00000000099999999934 
0.00000000099999999978 0.14152638708690920555 0.71113410431872203787 0.00000000099999999978 0.00000000099999999978 0.14733950359436895350 0.00000000099999999978 0.00000000099999999978 
0.00000000099999999979 0.00000000099999999979 0.00000000099999999979 0.37271667520184037503 0.00000000099999999979 0.25541356305149387484 0.37186975674666555847 0.00000000099999999979 
0.00000000099999999973 0.00000000099999999973 0.85028501294190628190 0.00000000099999999973 0.00000000099999999973 0.14971498105809383228 0.00000000099999999973 0.00000000099999999973 
0.00000000099999999938 0.00000000099999999938 0.00000000099999999938 0.00000000099999999938 0.00000000099999999938 0.00000000099999999938 0.99999999299999986491 0.00000000099999999938 
0.00000000099999999936 0.00000000099999999936 0.00000000099999999936 0.00000000099999999936 0.00000000099999999936 0.00000000099999999936 0.99999999299999997593 0.00000000099999999936 
0.00000000099999999980 0.00000000099999999980 0.14674689878513191843 0.00000000099999999980 0.00000000099999999980 0.30247799915565132256 0.55077509705921667837 0.00000000099999999980 
0.62018540018771473044 0.00000000099999999974 0.00000000099999999974 0.00000000099999999974 0.00000000099999999974 0.00000000099999999974 0.00000000099999999974 0.37981459381228549477 
0.00000000099999999977 0.00000000099999999977 0.00000000099999999977 0.00000000099999999977 0.00000000099999999977 0.00000000099999999977 0.00000000099999999977 0.99999999300000008695 
0.00000000099999999981 0.00000000099999999981 0.99999998857421468212 0.00000000099999999981 0.00000000542578524303 0.00000000099999999981 0.00000000099999999981 0.00000000099999999981 
0.00000000099999999962 0.00000000099999999962 0.00000000099999999962 0.00000000099999999962 0.12722693581538094265 0.00000000099999999962 0.87277305818461914377 0.00000000099999999962 
0.00000000099999999989 0.00000000099999999989 0.00000000099999999989 0.46869566470288648308 0.49850454156937512584 0.00000000099999999989 0.03222340443030562857 0.00057638529743281373 
0.87942583854771549934 0.12057415545228458709 0.00000000099999999969 0.00000000099999999969 0.00000000099999999969 0.00000000099999999969 0.00000000099999999969 0.00000000099999999969 
0.00000000099999999970 0.00000000099999999970 0.20031510134562691139 0.00000000099999999970 0.00000000099999999970 0.32727419822950382100 0.47241069542486924249 0.00000000099999999970 
0.00000000099999999974 0.00000000099999999974 0.00000000099999999974 0.51496642271138337588 0.00000000099999999974 0.38594929841470032583 0.09908427387391630092 0.00000000099999999974 
0.00000000099999999972 0.00000000099999999972 0.00000000099999999972 0.25716125901624764527 0.00000000099999999972 0.00000000099999999972 0.74283873498375219135 0.00000000099999999972 
0.70635542944476370497 0.00000000099999999945 0.00000000099999999945 0.00000000099999999945 0.00000000099999999945 0.00000000099999999945 0.29364456455523652023 0.00000000099999999945 
0.00000000099999999909 0.00000000099999999909 0.00000000099999999909 0.00000000099999999909 0.00000000099999999909 0.00000000099999999909 0.99999999299999997593 0.00000000099999999909 
0.00000000099999999981 0.00000000099999999981 0.99999952438484873696 0.00000000099999999981 0.00000000099999999981 0.00000046961515134365 0.00000000099999999981 0.00000000099999999981 
0.97098742439890628475 0.00000000099999999961 0.00000000099999999961 0.00000000099999999961 0.00000000099999999961 0.00000000099999999961 0.02901256960109395086 0.00000000099999999961 
0.00000000099999999905 0.00000000099999999905 0.00000000099999999905 0.00000000099999999905 0.00000000099999999905 0.00000000099999999905 0.99999999299999997593 0.00000000099999999905 
0.00000000099999999974 0.51220467404423075664 0.00000000099999999974 0.00000000099999999974 0.00000000099999999974 0.00000000099999999974 0.48779531995576946857 0.00000000099999999974 
0.00000000099999999958 0.00000000099999999958 0.00000000099999999958 0.00000000099999999958 0.00000000099999999958 0.00000000099999999958 0.00000000099999999958 0.99999999300000008695 
0.00000000099999999989 0.00000000099999999989 0.00000000099999999989 0.24520300111719123271 0.06934066445704263615 0.35094217644092512431 0.33451415398484102282 0.00000000099999999989 
0.00000000099999999990 0.19987148629899895158 0.00000000099999999990 0.00000000099999999990 0.01930964870415741858 0.00000000099999999990 0.00000315232363683995 0.78081570867320670981 
0.00000000099999999950 0.00000000099999999950 0.00000000099999999950 0.00000000099999999950 0.00000000099999999950 0.00000000099999999950 0.99999999299999986491 0.00000000099999999950 
0.00000000099999999970 0.00000000099999999970 0.99999999300000008695 0.00000000099999999970 0.00000000099999999970 0.00000000099999999970 0.00000000099999999970 0.00000000099999999970 
0.00000000099999999980 0.00000000099999999980 0.86573058475228648057 0.00000000099999999980 0.00000000099999999980 0.00000000099999999980 0.13426940924771346708 0.00000000099999999980 
0.00000000099999999982 0.16396040114561502565 0.49287860346417078361 0.00000000099999999982 0.34316099039021430439 0.00000000099999999982 0.00000000099999999982 0.00000000099999999982 
0.00000000099999999977 0.00000000099999999977 0.00000000099999999977 0.99999999299999997593 0.00000000099999999977 0.00000000099999999977 0.00000000099999999977 0.00000000099999999977 
0.00000000099999999988 0.00000000099999999988 0.89421205500292288981 0.00000000099999999988 0.10578793899707714110 0.00000000099999999988 0.00000000099999999988 0.00000000099999999988 
0.70328907343954571996 0.18730400770995914161 0.00000000099999999970 0.00000000099999999970 0.00000000099999999970 0.00000000099999999970 0.00000000099999999970 0.10940691385049529372 
