0.00000000099999999947 0.00000000099999999947 0.00000000099999999947 0.00000000099999999947 0.00000000099999999947 0.73145259287446351415 0.00000000099999999947 0.00000000099999999947 0.26854739912553649006 0.00000000099999999947 
0.00000000099999999947 0.00000000099999999947 0.00000000099999999947 0.00000000099999999947 0.99999999100000003249 0.00000000099999999947 0.00000000099999999947 0.00000000099999999947 0.00000000099999999947 0.00000000099999999947 
0.24589691298107743678 0.31995854759224823249 0.00000000099999999989 0.00000000099999999989 0.00000000099999999989 0.09049216891017015929 0.00000000099999999989 0.00000000099999999989 0.34365236451650421623 0.00000000099999999989 
0.00000000894549108066 0.32083061956931563374 0.65515561692555346340 0.00000000099999999987 0.00015021525869060825 0.00000000099999999987 0.01415931441255543870 0.00000000099999999987 0.00000000099999999987 0.00970422088839376258 
0.00000000099999999981 0.00000000099999999981 0.30783605573195405025 0.20151716847468720273 0.18290599200994275830 0.00000000099999999981 0.00000000099999999981 0.00000000099999999981 0.00000000099999999981 0.30774077778341618616 
0.00000000099999999979 0.00000000099999999979 0.00000000099999999979 0.00000000099999999979 0.00000000099999999979 0.00000000099999999979 0.00000000099999999979 0.00000000099999999979 0.41673749618080163648 0.58326249581919831222 
0.08890795624149912257 0.00000000099999999977 0.30029286101119517793 0.00000000099999999977 0.00000000099999999977 0.08399354665194762315 0.00000000099999999977 0.00000000099999999977 0.52680563009535785746 0.00000000099999999977 
0.00000000099999999955 0.00000000099999999955 0.00000000099999999955 0.53528550227452487142 0.00000000099999999955 0.00000000099999999955 0.00000000099999999955 0.00000000099999999955 0.46471448972547513279 0.00000000099999999955 
0.05292629893335738106 0.00000000099999999960 0.00000000099999999960 0.00000000099999999960 0.00000000099999999960 0.73569515130615614762 0.21137854276048650970 0.00000000099999999960 0.00000000099999999960 0.00000000099999999960 
0.00000000099999999894 0.00000000099999999894 0.00000000099999999894 0.00000000099999999894 0.00000000099999999894 0.99999999100000003249 0.00000000099999999894 0.00000000099999999894 0.00000000099999999894 0.00000000099999999894 
0.11514280599767665048 0.00000000099999999966 0.00000000099999999966 0.00000000099999999966 0.00000000099999999966 0.11298738590874556065 0.00000000099999999966 0.77186980109357783419 0.00000000099999999966 0.00000000099999999966 
0.00000000099999999962 0.00000000099999999962 0.00000000099999999962 0.00000000099999999962 0.06445156550872857548 0.43638573846527900502 0.14139634894386673980 0.00000000099999999962 0.35776634108212562735 0.00000000099999999962 
0.00000000099999999985 0.00000000099999999985 0.36500540138165465942 0.00000000099999999985 0.33573441404798987087 0.11909335492736380924 0.00000000099999999985 0.18016682364299152486 0.00000000099999999985 0.00000000099999999985 
0.00000000099999999940 0.00000000099999999940 0.00000000099999999940 0.00000000099999999940 0.00000000099999999940 0.28257155976577230660 0.00000000099999999940 0.71742843223422758658 0.00000000099999999940 0.00000000099999999940 
0.00000000099999999894 0.00000000099999999894 0.00000000099999999894 0.00000000099999999894 0.00000000099999999894 0.99999999100000003249 0.00000000099999999894 0.00000000099999999894 0.00000000099999999894 0.00000000099999999894 
0.00000000099999999976 0.00000000099999999976 0.00000000099999999976 0.12517805524306246934 0.00000000099999999976 0.00000000099999999976 0.00000000099999999976 0.00000000099999999976 0.87482193675693753487 0.00000000099999999976 
0.00000000099999999986 0.38216112042072786226 0.00000000099999999986 0.08285205992612905412 0.14597278601924398855 0.00000000099999999986 0.05959974422601620192 0.20845553756509965782 0.00000000099999999986 0.12095874784278323744 
0.99999997622431413546 0.00000000099999999963 0.00000000099999999963 0.00000000099999999963 0.00000000099999999963 0.00000000099999999963 0.00000000099999999963 0.00000001577568601707 0.00000000099999999963 0.00000000099999999963 
0.00000000099999999977 0.00000000099999999977 0.61560005263834904898 0.00000000099999999977 0.00000000099999999977 0.00000000237845651827 0.34668079937582080285 0.00000000099999999977 0.03771913960737367094 0.00000000099999999977 
0.00000000099999999993 0.00000000099999999993 0.00000000099999999993 0.26709900361064559116 0.00000000099999999993 0.00000000099999999993 0.00001586236308515637 0.73288512702626917861 0.00000000099999999993 0.00000000099999999993 
0.00000000099999999936 0.00000000099999999936 0.00000000099999999936 0.00000000099999999936 0.00000000099999999936 0.65007861880530715126 0.34992137319469285295 0.00000000099999999936 0.00000000099999999936 0.00000000099999999936 
0.12390428517567407540 0.00000000099999999950 0.00000000099999999950 0.00000000099999999950 0.00000000099999999950 0.76080251938487297725 0.11529318843945292328 0.00000000099999999950 0.00000000099999999950 0.00000000099999999950 
0.00000000099999999974 0.00000000099999999974 0.00000000099999999974 0.00000000099999999974 0.00000000099999999974 0.21912016966553865549 0.14010643385519330750 0.00000000099999999974 0.00000000099999999974 0.64077338947926798518 
0.00000000099999999917 0.00000000099999999917 0.00000000099999999917 0.00000000099999999917 0.00000000099999999917 0.77931576016121795192 0.22068423183878213556 0.00000000099999999917 0.00000000099999999917 0.00000000099999999917 
0.00000000099999999913 0.00000000099999999913 0.00000000099999999913 0.00000000099999999913 0.00000000099999999913 0.00000000099999999913 0.99999999099999992147 0.00000000099999999913 0.00000000099999999913 0.00000000099999999913 
0.00000000099999999960 0.00000000099999999960 0.00000000099999999960 0.00000000099999999960 0.00000000099999999960 0.00000000099999999960 0.00000000099999999960 0.00000000099999999960 0.00000000099999999960 0.99999999100000003249 
0.00000000099999999911 0.00000000099999999911 0.00000000099999999911 0.00000000099999999911 0.00000000099999999911 0.99999999100000003249 0.00000000099999999911 0.00000000099999999911 0.00000000099999999911 0.00000000099999999911 
0.00000000099999999980 0.00000000099999999980 0.00000000099999999980 0.11064903943358611604 0.00000000099999999980 0.00000000099999999980 0.00000000099999999980 0.45644464824548014459 0.24282470403968120509 0.19008160228125264846 
0.00000000099999999908 0.00000000099999999908 0.00000000099999999908 0.00000000099999999908 0.00000000099999999908 0.80431799164557615800 0.19568200035442404050 0.00000000099999999908 0.00000000099999999908 0.00000000099999999908 
0.00000000099999999983 0.37057019093833215573 0.32791328477156145293 0.01345043356747722268 0.21674464936319423614 0.00000000099999999983 0.07132143635943499760 0.00000000099999999983 0.00000000099999999983 0.00000000099999999983 
0.00000000099999999919 0.00000000099999999919 0.00000000099999999919 0.00000000099999999919 0.00000000099999999919 0.86302224112129088951 0.13697775087870919797 0.00000000099999999919 0.00000000099999999919 0.00000000099999999919 
0.00000000099999999934 0.00000000099999999934 0.00000000099999999934 0.99999999100000003249 0.00000000099999999934 0.00000000099999999934 0.00000000099999999934 0.00000000099999999934 0.00000000099999999934 0.00000000099999999934 
0.34447554857467510558 0.00000000099999999952 0.00000000099999999952 0.00000000099999999952 0.00000000099999999952 0.65552444342532489863 0.00000000099999999952 0.00000000099999999952 0.00000000099999999952 0.00000000099999999952 
0.24776373279596999866 0.00000000099999999981 0.00000000099999999981 0.00000000099999999981 0.00000000099999999981 0.21348913213097039931 0.11963139007564131677 0.00000000099999999981 0.00000000099999999981 0.41911573899741833005 
0.33712698924419981505 0.00000000099999999970 0.00000000099999999970 0.00000000099999999970 0.00000000099999999970 0.39122314625681520184 0.00000000099999999970 0.00000000099999999970 0.00000000099999999970 0.27164985749898495904 
0.00000000099999999981 0.00000000099999999981 0.25821028968605858056 0.00000000099999999981 0.00000000099999999981 0.00000000099999999981 0.00000000099999999981 0.60236405367629286545 0.00000000099999999981 0.13942564963764852992 
0.13318263908051783395 0.29448134244806928317 0.00000000099999999990 0.06256768848900499946 0.12334111261610196386 0.00000000099999999990 0.00000000099999999990 0.12483887165516784068 0.26158834171113792832 0.00000000099999999990 
0.31592099334302725655 0.00000000099999999984 0.00000000099999999984 0.06448157333209678099 0.36007275951549960746 0.25952466780937638591 0.00000000099999999984 0.00000000099999999984 0.00000000099999999984 0.00000000099999999984 
0.00000000099999999967 0.01279383414327786572 0.00000000099999999967 0.09334102088298572297 0.00000000099999999967 0.00000000099999999967 0.00000000099999999967 0.00000000099999999967 0.72183127392873469574 0.17203386504500176035 
0.00000000099999999967 0.00000000099999999967 0.88664312979035619922 0.00000000099999999967 0.00000000099999999967 0.11335686220964390214 0.00000000099999999967 0.00000000099999999967 0.00000000099999999967 0.00000000099999999967 
0.00000000099999999995 0.00000000099999999995 0.30432353625792735174 0.00000000099999999995 0.00000000099999999995 0.02804716198245458744 0.00000000099999999995 0.04765891842717369375 0.30128014862665336571 0.31869022970579091725 
0.00000000099999999958 0.00000000099999999958 0.00000000099999999958 0.00000000099999999958 0.00000000099999999958 0.10304585063411908497 0.00000000099999999958 0.89695414136588103027 0.00000000099999999958 0.00000000099999999958 
0.00000000099999999968 0.00000000099999999968 0.00000000099999999968 0.71005871628997552225 0.00000000099999999968 0.00000000099999999968 0.28994127571002459298 0.00000000099999999968 0.00000000099999999968 0.00000000099999999968 
0.00000000099999999987 0.42655683192938359527 0.16408017554359224932 0.07448209678093514752 0.00314501067112343304 0.00000000099999999987 0.00000000099999999987 0.00000009414374235860 0.00000000099999999987 0.33173578693122318661 
0.00000000099999999909 0.00000000099999999909 0.00000000099999999909 0.00000000099999999909 0.00000000099999999909 0.99999999100000014352 0.00000000099999999909 0.00000000099999999909 0.00000000099999999909 0.00000000099999999909 
0.15512441053870637542 0.76860849792197161179 0.00000000099999999965 0.00000000099999999965 0.00000000099999999965 0.07157625406782439081 0.00000000099999999965 0.00469083147149772228 0.00000000099999999965 0.00000000099999999965 
0.51635677204598173784 0.00000000099999999958 0.00000000099999999958 0.00000000099999999958 0.00000000099999999958 0.48364321995401854393 0.00000000099999999958 0.00000000099999999958 0.00000000099999999958 0.00000000099999999958 
0.14280242075718985184 0.51881988527678679635 0.00000000099999999970 0.00000000099999999970 0.00000000099999999970 0.00000000099999999970 0.00000000099999999970 0.33837768696602349427 0.00000000099999999970 0.00000000099999999970 
0.00000000099999999918 0.00000000099999999918 0.00000000099999999918 0.00000000099999999918 0.00000000099999999918 0.99999999100000003249 0.00000000099999999918 0.00000000099999999918 0.00000000099999999918 0.00000000099999999918 
0.00000000099999999914 0.00000000099999999914 0.00000000099999999914 0.00000000099999999914 0.00000000099999999914 0.99999999100000003249 0.00000000099999999914 0.00000000099999999914 0.00000000099999999914 0.00000000099999999914 
0.00000000099999999966 0.44710782962674150420 0.00000000099999999966 0.00000000099999999966 0.00000000099999999966 0.55289216237325855552 0.00000000099999999966 0.00000000099999999966 0.00000000099999999966 0.00000000099999999966 
0.00000000099999999973 0.00000000099999999973 0.00000000099999999973 0.00000000099999999973 0.36443109072544699334 0.00000000099999999973 0.00018432252924366029 0.00000000099999999973 0.59824511777742306329 0.03713946296788629003 
0.00000000099999999965 0.00000000099999999965 0.00000000099999999965 0.00000000099999999965 0.99999999100000014352 0.00000000099999999965 0.00000000099999999965 0.00000000099999999965 0.00000000099999999965 0.00000000099999999965 
0.00000000099999999972 0.57096433195659601623 0.00000000099999999972 0.00000000099999999972 0.00000000099999999972 0.00000000099999999972 0.00000000099999999972 0.28827022400012164427 0.00000000099999999972 0.14076543704328250972 
0.00000000099999999943 0.00000000099999999943 0.00000000099999999943 0.00000000099999999943 0.00000000099999999943 0.62366604935506797514 0.37633394264493208459 0.00000000099999999943 0.00000000099999999943 0.00000000099999999943 
0.04096375464425126151 0.00000000099999999982 0.35855433579386747356 0.00000000099999999982 0.00000000099999999982 0.07120216358611523855 0.00000000099999999982 0.00000000099999999982 0.00000000099999999982 0.52927973997576593934 
0.00000000099999999944 0.00000000099999999944 0.00000000099999999944 0.00000000099999999944 0.00000000099999999944 0.00000000099999999944 0.00000000099999999944 0.00000000099999999944 0.99999999099999992147 0.00000000099999999944 
0.21301499896645492704 0.19957456110562457607 0.00000000099999999965 0.00000000099999999965 0.00000000099999999965 0.52549435574498704060 0.00000000099999999965 0.06191607818293335536 0.00000000099999999965 0.00000000099999999965 
0.24734832490865166221 0.00000000099999999967 0.56433782635676599249 0.00000000099999999967 0.00000000099999999967 0.18831384173458254327 0.00000000099999999967 0.00000000099999999967 0.00000000099999999967 0.00000000099999999967 
0.00000000099999999961 0.00000000099999999961 0.00000000099999999961 0.00000000099999999961 0.00000000099999999961 0.76887043127650567254 0.00000000099999999961 0.00000000099999999961 0.00000000099999999961 0.23112956072349441494 
0.00000000099999999938 0.00000000099999999938 0.00000000099999999938 0.00000000099999999938 0.00000000099999999938 0.29645219495223862349 0.00000000099999999938 0.00000000099999999938 0.70354779704776126970 0.00000000099999999938 
0.00000000099999999893 0.00000000099999999893 0.00000000099999999893 0.00000000099999999893 0.00000000099999999893 0.99999999099999992147 0.00000000099999999893 0.00000000099999999893 0.00000000099999999893 0.00000000099999999893 
0.00000000099999999962 0.99999999100000025454 0.00000000099999999962 0.00000000099999999962 0.00000000099999999962 0.00000000099999999962 0.00000000099999999962 0.00000000099999999962 0.00000000099999999962 0.00000000099999999962 
0.00000000099999999959 0.00000000099999999959 0.00000000099999999959 0.00000000099999999959 0.00000000099999999959 0.08238884383734557115 0.00000000166287212828 0.00000000099999999959 0.91761114749978223148 0.00000000099999999959 
0.00000000099999999885 0.00000000099999999885 0.00000000099999999885 0.00000000099999999885 0.00000000099999999885 0.99999999099999992147 0.00000000099999999885 0.00000000099999999885 0.00000000099999999885 0.00000000099999999885 
0.00000000099999999979 0.00000000099999999979 0.00000000099999999979 0.00000000099999999979 0.00000000099999999979 0.24637272034448615132 0.00000000099999999979 0.75362727165551379738 0.00000000099999999979 0.00000000099999999979 
0.00000000099999999959 0.00000000099999999959 0.37334691183569751471 0.00000000099999999959 0.62665308016430254501 0.00000000099999999959 0.00000000099999999959 0.00000000099999999959 0.00000000099999999959 0.00000000099999999959 
0.16856843078492980692 0.14710824452883652924 0.27739611282705117778 0.00000000099999999979 0.00000000099999999979 0.29180077104269797061 0.11512643581648449032 0.00000000099999999979 0.00000000099999999979 0.00000000099999999979 
0.00000000099999999978 0.00000100618560688862 0.00000000099999999978 0.00000000099999999978 0.70913132775142884157 0.00000000099999999978 0.00000000099999999978 0.00000000099999999978 0.00000000099999999978 0.29086765906296435658 
0.00000000099999999922 0.00000000099999999922 0.00000000099999999922 0.00000000099999999922 0.00000000099999999922 0.71039493499589767556 0.28960505700410232865 0.00000000099999999922 0.00000000099999999922 0.00000000099999999922 
0.00000000099999999967 0.26819425420941095384 0.00000000099999999967 0.00000000099999999967 0.00000000099999999967 0.00000000099999999967 0.00000000099999999967 0.73180573779058888384 0.00000000099999999967 0.00000000099999999967 
0.00000000099999999965 0.76029508258548095245 0.00000000099999999965 0.00000000099999999965 0.00000000099999999965 0.23970490941451919054 0.00000000099999999965 0.00000000099999999965 0.00000000099999999965 0.00000000099999999965 
0.00000000099999999979 0.62748965971786707652 0.00000000099999999979 0.37251033228213314974 0.00000000099999999979 0.00000000099999999979 0.00000000099999999979 0.00000000099999999979 0.00000000099999999979 0.00000000099999999979 
0.00000000099999999971 0.00000000099999999971 0.99999999100000014352 0.00000000099999999971 0.00000000099999999971 0.00000000099999999971 0.00000000099999999971 0.00000000099999999971 0.00000000099999999971 0.00000000099999999971 
0.00000000099999999965 0.92456589642825393049 0.00000000099999999965 0.00000000099999999965 0.00000000099999999965 0.00000000099999999965 0.07543409557174619862 0.00000000099999999965 0.00000000099999999965 0.00000000099999999965 
0.00000000099999999957 0.00000000099999999957 0.00000000099999999957 0.00000000099999999957 0.23758447130221188592 0.00000000099999999957 0.00000000099999999957 0.00000000099999999957 0.76241552069778806278 0.00000000099999999957 
