0.00000000099999999972 0.76221278524384239450 0.00000000099999999972 0.00000000099999999972 0.23778721075615774638 0.00000000099999999972 
0.99999999500000003039 0.00000000099999999974 0.00000000099999999974 0.00000000099999999974 0.00000000099999999974 0.00000000099999999974 
0.05238795492472814175 0.10162121125971333713 0.25555477766895362546 0.00000000099999999996 0.27583334698994466105 0.31460270815666024902 
0.11746442791279872175 0.00007369483584659708 0.68952636528492283752 0.19293550996643188400 0.00000000099999999997 0.00000000099999999997 
0.25672257558368594133 0.00000000099999999991 0.00004470425542121978 0.74323271716089278627 0.00000000099999999991 0.00000000099999999991 
0.00000000099999999995 0.00000000099999999995 0.00000000581222335294 0.49190626106585955135 0.50809373012191716423 0.00000000099999999995 
0.00000000099999999988 0.17319518950054368922 0.36268277803846848961 0.00000000099999999988 0.46412202946098773948 0.00000000099999999988 
0.00000000099999999981 0.00000000099999999981 0.00000000099999999981 0.29655086108426587099 0.70344913491573402009 0.00000000099999999981 
0.00000000099999999983 0.99999999500000003039 0.00000000099999999983 0.00000000099999999983 0.00000000099999999983 0.00000000099999999983 
0.00000000099999999937 0.99999999500000014141 0.00000000099999999937 0.00000000099999999937 0.00000000099999999937 0.00000000099999999937 
0.00000000099999999986 0.19793967483692267995 0.00000000099999999986 0.00000000099999999986 0.00000000099999999986 0.80206032116307734992 
0.07324061214232852057 0.57715718461718368282 0.00000000099999999984 0.00000000099999999984 0.34960220024048771492 0.00000000099999999984 
0.34376333753025239970 0.17664729895347106026 0.38281906110687541345 0.00000000099999999994 0.00000000099999999994 0.09677030040940112765 
0.00000000099999999969 0.38454307290987188583 0.00000000099999999969 0.00000000099999999969 0.00000000099999999969 0.61545692309012811627 
0.00000000099999999937 0.99999999500000003039 0.00000000099999999937 0.00000000099999999937 0.00000000099999999937 0.00000000099999999937 
0.00000000099999999986 0.00000000099999999986 0.00000000099999999986 0.00000000099999999986 0.99999999500000003039 0.00000000099999999986 
0.14601667225647094184 0.00000000099999999989 0.00000000099999999989 0.27931370646728576057 0.00000000099999999989 0.57466961827624329917 
0.16882896922670431739 0.48884521559123395029 0.00000000099999999988 0.00000000099999999988 0.00000000099999999988 0.34232581218206187268 
0.00000000099999999993 0.23381337858305348276 0.36491660066760467362 0.29284599220803408937 0.10842402654130774142 0.00000000099999999993 
0.02178299700331335145 0.00000000099999999997 0.00000000099999999997 0.31622955705105521007 0.00000005160089958287 0.66198739234473180648 
0.05690392778572075927 0.94309606821427938161 0.00000000099999999983 0.00000000099999999983 0.00000000099999999983 0.00000000099999999983 
0.00000000099999999980 0.99999999500000014141 0.00000000099999999980 0.00000000099999999980 0.00000000099999999980 0.00000000099999999980 
0.00000000099999999992 0.29395728672649490409 0.21751513597974825309 0.48852757429375687215 0.00000000099999999992 0.00000000099999999992 
0.00000000099999999960 0.99999999500000003039 0.00000000099999999960 0.00000000099999999960 0.00000000099999999960 0.00000000099999999960 
0.19176652964296755921 0.70957111627622904138 0.09866235108080353977 0.00000000099999999992 0.00000000099999999992 0.00000000099999999992 
0.00000000099999999978 0.00000000099999999978 0.00000000099999999978 0.99999999500000003039 0.00000000099999999978 0.00000000099999999978 
0.00000000099999999945 0.99999999500000014141 0.00000000099999999945 0.00000000099999999945 0.00000000099999999945 0.00000000099999999945 
0.00000000099999999997 0.00000000099999999997 0.00000001140524665531 0.20641958981958857811 0.37129461565384236366 0.42228578112132225675 
0.00000000099999999951 0.99999999500000003039 0.00000000099999999951 0.00000000099999999951 0.00000000099999999951 0.00000000099999999951 
0.27964998875452629079 0.00023817436269336426 0.27204322553296578224 0.21766373070202946205 0.00000000099999999998 0.23040487964778516572 
0.00000000099999999952 0.99999999500000003039 0.00000000099999999952 0.00000000099999999952 0.00000000099999999952 0.00000000099999999952 
0.00000000099999999984 0.00000000099999999984 0.00000000099999999984 0.64849176079187897948 0.35150823520812107814 0.00000000099999999984 
0.00000000099999999984 0.69797654823404464697 0.30202344776595546616 0.00000000099999999984 0.00000000099999999984 0.00000000099999999984 
0.00000000099999999993 0.32733142474337689753 0.21985681028605705278 0.45281176197056610677 0.00000000099999999993 0.00000000099999999993 
0.00000000099999999989 0.44267765226188071637 0.55732234373811917472 0.00000000099999999989 0.00000000099999999989 0.00000000099999999989 
0.00000000099999999995 0.03197235283531703331 0.26656584599938593083 0.15433355553709665609 0.00000000099999999995 0.54712824362820022817 
0.21743014203227434278 0.00000000099999999993 0.00000000099999999993 0.00000000099999999993 0.28919981827410956576 0.49337003669361617630 
0.36219317969533892931 0.29678852143972456190 0.11217367686388358961 0.12556714891062020767 0.00000000099999999995 0.10327747209043273979 
0.00000000099999999976 0.00000000099999999976 0.00000000099999999976 0.00000000099999999976 0.99999999499999991937 0.00000000099999999976 
0.00000000099999999984 0.20305405387413758000 0.79694594212586244986 0.00000000099999999984 0.00000000099999999984 0.00000000099999999984 
0.08854842673966166477 0.06009430664500670094 0.33887752499115630922 0.14761509758013813265 0.34011339613882940469 0.02475124790520772528 
0.00000000099999999974 0.15861848915925921832 0.00000000099999999974 0.00000000099999999974 0.00000000099999999974 0.84138150684074075603 
0.00000000099999999986 0.00000000099999999986 0.00000000099999999986 0.82846307421369891344 0.00000000099999999986 0.17153692178630106091 
0.14732424916621314481 0.00000000099999999994 0.13019976156074447582 0.28676638924431757660 0.00000000099999999994 0.43570959802872483158 
0.00000000099999999946 0.99999999500000014141 0.00000000099999999946 0.00000000099999999946 0.00000000099999999946 0.00000000099999999946 
0.00000000099999999981 0.00000000099999999981 0.00000000099999999981 0.00000000099999999981 0.00000000099999999981 0.99999999499999991937 
0.00000000099999999983 0.48763357864180850720 0.51236641735819143939 0.00000000099999999983 0.00000000099999999983 0.00000000099999999983 
0.00000000099999999978 0.00000000099999999978 0.00000000099999999978 0.00000000099999999978 0.00000000099999999978 0.99999999499999991937 
0.00000000099999999955 0.99999999500000003039 0.00000000099999999955 0.00000000099999999955 0.00000000099999999955 0.00000000099999999955 
0.00000000099999999949 0.99999999500000014141 0.00000000099999999949 0.00000000099999999949 0.00000000099999999949 0.00000000099999999949 
0.00000000099999999986 0.58985125742018262862 0.00000000099999999986 0.00000000099999999986 0.00000000099999999986 0.41014873857981748451 
0.38809729249995822409 0.00000000099999999986 0.00000000099999999986 0.00000000099999999986 0.61190270350004172251 0.00000000099999999986 
0.99999999500000014141 0.00000000099999999980 0.00000000099999999980 0.00000000099999999980 0.00000000099999999980 0.00000000099999999980 
0.00000000099999999988 0.00000000099999999988 0.00000000099999999988 0.00000000099999999988 0.00000000099999999988 0.99999999500000003039 
0.00000000099999999981 0.89821646110356467840 0.00000000099999999981 0.10178353489643539309 0.00000000099999999981 0.00000000099999999981 
0.13503691484040786230 0.09076187273768025754 0.31849808586077138495 0.45570312456114048238 0.00000000099999999993 0.00000000099999999993 
0.00000000099999999973 0.00000000099999999973 0.00000000099999999973 0.00000000099999999973 0.99999999500000003039 0.00000000099999999973 
0.00000000099999999979 0.55823452313434773764 0.00000000099999999979 0.00000000099999999979 0.00000000099999999979 0.44176547286565231998 
0.00000000099999999979 0.23745618724350125994 0.76254380875649863114 0.00000000099999999979 0.00000000099999999979 0.00000000099999999979 
0.00000000099999999982 0.78477424448012134128 0.21522575151987871633 0.00000000099999999982 0.00000000099999999982 0.00000000099999999982 
0.00000000099999999965 0.35745238448087829353 0.00000000099999999965 0.00000000099999999965 0.64254761151912154205 0.00000000099999999965 
0.00000000099999999937 0.99999999500000003039 0.00000000099999999937 0.00000000099999999937 0.00000000099999999937 0.00000000099999999937 
0.00000000099999999987 0.00000000099999999987 0.00000000099999999987 0.00000000099999999987 0.00000000099999999987 0.99999999499999991937 
0.00000000099999999976 0.12234080636062988345 0.00000000099999999976 0.00000000099999999976 0.87765918963937006314 0.00000000099999999976 
0.00000000099999999933 0.99999999500000014141 0.00000000099999999933 0.00000000099999999933 0.00000000099999999933 0.00000000099999999933 
0.12568134273062997464 0.34811838174203219021 0.00000000099999999998 0.00000000099999999998 0.02624778149414135758 0.49995249203319630515 
0.67286279626664924347 0.00000000099999999985 0.32713719973335075863 0.00000000099999999985 0.00000000099999999985 0.00000000099999999985 
0.00000000099999999994 0.44922124587134487639 0.41645384801931767393 0.00000000099999999994 0.00000000099999999994 0.13432490310933753452 
0.85009660239617856892 0.00000000099999999992 0.00000000099999999992 0.14990339360382148870 0.00000000099999999992 0.00000000099999999992 
0.00000000099999999972 0.99999999500000003039 0.00000000099999999972 0.00000000099999999972 0.00000000099999999972 0.00000000099999999972 
0.00000000099999999980 0.00000000099999999980 0.00000000099999999980 0.00000000099999999980 0.00000000099999999980 0.99999999500000003039 
0.00000000099999999985 0.17079434370593593595 0.00000000099999999985 0.00000000099999999985 0.00000000099999999985 0.82920565229406406615 
0.00000000099999999984 0.00000000099999999984 0.00000000099999999984 0.41864797513542195695 0.00000000099999999984 0.58135202086457793413 
0.15586347538983094663 0.00000000099999999992 0.84413652061016919426 0.00000000099999999992 0.00000000099999999992 0.00000000099999999992 
0.00000000099999999992 0.03151526342609296816 0.00000000099999999992 0.08089161849842287089 0.00000000099999999992 0.88759311507548421805 
0.24199547354795242216 0.00000000099999999979 0.00000000099999999979 0.00000000099999999979 0.75800452245204752444 0.00000000099999999979 
