0.00000000099999999991 0.18247345327849867624 0.81752654572150140755 
0.00027768607469168656 0.78263507158143075237 0.21708724234387766217 
0.51307034386292738048 0.27782957362559862480 0.20910008251147402247 
0.49301141602888132187 0.41954706482319692462 0.08744151914792180902 
0.14728443948059830038 0.83818907355798799586 0.01452648696141362224 
0.00000000099999999999 0.86152851471523839155 0.13847148428476158122 
0.02555979087596703739 0.61547093205688108153 0.35896927706715198170 
0.00000000099999999990 0.99999999800000005656 0.00000000099999999990 
0.00000000099999999990 0.00000000099999999990 0.99999999799999994554 
0.00000000099999999972 0.00000000099999999972 0.99999999800000005656 
0.72477326743745951187 0.00000000099999999993 0.27522673156254057192 
0.00000000099999999992 0.35464749937063788643 0.64535249962936214185 
0.40772380029599603057 0.31090843968896691996 0.28136776001503716049 
0.52026611542225287277 0.00000000099999999989 0.47973388357774710000 
0.00000000099999999972 0.00000000099999999972 0.99999999800000005656 
0.00000000099999999993 0.99999999799999994554 0.00000000099999999993 
0.76757562409903956624 0.23242436613459979688 0.00000000976636070328 
0.48256055444467366167 0.00000000099999999996 0.51743944455532642213 
0.25227944177432143347 0.40780315487396429086 0.33991740335171433118 
0.78003926373283893891 0.21974643670596552547 0.00021429956119558842 
0.00000000099999999991 0.04342793101401733191 0.95657206798598271025 
0.00000000099999999991 0.00000000099999999991 0.99999999799999994554 
0.29570611013478226292 0.33406554245689096261 0.37022834740832677447 
0.00000000099999999983 0.00000000099999999983 0.99999999799999994554 
0.11840414376548542841 0.13333554729324542665 0.74826030894126926984 
0.10436971635660556579 0.73278800249218667417 0.16284228115120791269 
0.00000000099999999975 0.00000000099999999975 0.99999999799999994554 
0.48231715113930223593 0.44358402986553102654 0.07409881899516684856 
0.00000000099999999978 0.00000000099999999978 0.99999999800000005656 
0.42433816131698043339 0.48699959123780006687 0.08866224744521954138 
0.00000000099999999978 0.00000000099999999978 0.99999999800000005656 
0.08929755515806835076 0.91070244384193166365 0.00000000099999999997 
0.28129302747564938203 0.00000000099999999995 0.71870697152435070176 
0.26811522982281704719 0.34925929449815795724 0.38262547567902505108 
0.51154910751263449331 0.00000000099999999999 0.48845089148736553497 
0.68163967078369214203 0.19270544826667779237 0.12565488094963009336 
0.59129957076399364269 0.40870042823600627457 0.00000000099999999999 
0.38868124698358563762 0.23497762818050524358 0.37634112483590903553 
0.15686800528875027849 0.84313199371124980530 0.00000000099999999997 
0.46886288348436927498 0.25173095902160752546 0.27940615749402314405 
0.28905690314161097687 0.55043204127414002702 0.16051105558424910713 
0.73759987625572354109 0.00000000099999999991 0.26240012274427648720 
0.53819370671304700426 0.46180629152475027865 0.00000000176220281823 
0.76955399682380409843 0.23044599269573176614 0.00000001048046424481 
0.00000000099999999977 0.00000000099999999977 0.99999999800000005656 
0.92244751392753387975 0.00000000099999999993 0.07755248507246603751 
0.46729945284341356526 0.00000000099999999997 0.53270054615658646302 
0.95337944092526583084 0.00000000099999999993 0.04662055807473425989 
0.00000000099999999978 0.00000000099999999978 0.99999999800000005656 
0.00000000099999999976 0.00000000099999999976 0.99999999800000005656 
0.35300311320943134064 0.00000000099999999994 0.64699688579056857662 
0.00000000099999999991 0.99999999800000005656 0.00000000099999999991 
0.23146950086008694081 0.67096889567369988328 0.09756160346621323143 
0.99999999799999994554 0.00000000099999999995 0.00000000099999999995 
0.00000000099999999995 0.04723391267214024913 0.95276608632785975139 
0.24484877506776714373 0.55827407276996410257 0.19687715216226883697 
0.10379210824956136561 0.79766345810098437941 0.09854443364945429662 
0.39349694498712695090 0.00000000099999999992 0.60650305401287307738 
0.48873020315409132497 0.18407141915837937907 0.32719837768752935148 
0.18291283555301413033 0.00000000099999999996 0.81708716344698595346 
0.00000000099999999993 0.48240926483941143355 0.51759073416058853923 
0.00000000099999999972 0.00000000099999999972 0.99999999800000005656 
0.93764308459701461995 0.00000000099999999996 0.06235691440298533894 
0.00000000099999999995 0.67881455867657514158 0.32118544032342483119 
0.00000000099999999970 0.00000000099999999970 0.99999999800000005656 
0.52313441722520759303 0.06589449749607326212 0.41097108527871911710 
0.17219348956899865888 0.82780650943100120287 0.00000000099999999999 
0.39031675423036915618 0.11552131523776781874 0.49416193053186308060 
0.23672721003622868019 0.75465309522975920764 0.00861969473401209829 
0.00000000099999999988 0.00000000099999999988 0.99999999799999994554 
0.94258911839164472024 0.00000000099999999994 0.05741088060835540519 
0.73791787559639043792 0.00000000099999999994 0.26208212340360959036 
0.79183234095113108619 0.20816765804886885882 0.00000000099999999999 
0.60133247434055203673 0.30054035383776167567 0.09812717182168631536 
0.89616405378170305163 0.00000000099999999997 0.10383594521829704604 
0.00000000099999999993 0.99999999799999994554 0.00000000099999999993 
