0.22284749857033506193 0.00000000099999999979 0.00000000099999999979 0.00000000099999999979 0.77715249842966482863 
0.10388151916014483345 0.00000000099999999992 0.78876529274477324982 0.00000000099999999992 0.10735318609508195942 
0.29203699499825780395 0.23893584396314712648 0.00000002886947244700 0.35278198852036735111 0.11624514364875530859 
0.00000000099999999997 0.77096481006614581144 0.22903502833299130281 0.00000000099999999997 0.00000015960086289594 
0.00000000099999999995 0.28487386928433761080 0.71512612771566230752 0.00000000099999999995 0.00000000099999999995 
0.47799255720557265459 0.13129996101104360329 0.39053934975767734539 0.00000000099999999998 0.00016813102570635530 
0.45175024251071954629 0.35296366094215769760 0.00000000099999999992 0.00000000099999999992 0.19528609454712286819 
0.99999999600000011313 0.00000000099999999987 0.00000000099999999987 0.00000000099999999987 0.00000000099999999987 
0.00000000099999999984 0.00000000099999999984 0.00000000099999999984 0.00000000099999999984 0.99999999600000000211 
0.00000000099999999949 0.00000000099999999949 0.00000000099999999949 0.00000000099999999949 0.99999999600000000211 
0.00000000099999999988 0.00000000099999999988 0.00000000099999999988 0.79934610964253061116 0.20065388735746944593 
0.33646073637362361453 0.00000000099999999988 0.06543129731032314156 0.00000000099999999988 0.59810796431605317558 
0.00000000099999999998 0.46023411240697986724 0.22759826742018141044 0.10154313085541448458 0.21062448831742422439 
0.00000000099999999977 0.00000000099999999977 0.00000000099999999977 0.61048323639164425725 0.38951676060835577209 
0.00000000099999999949 0.00000000099999999949 0.00000000099999999949 0.00000000099999999949 0.99999999599999989108 
0.99999999600000011313 0.00000000099999999988 0.00000000099999999988 0.00000000099999999988 0.00000000099999999988 
0.00000000099999999991 0.00000000099999999991 0.39671243152797852627 0.60328756547202144755 0.00000000099999999991 
0.00000000099999999992 0.00000000099999999992 0.00000000761886277580 0.53965911400494270822 0.46034087637619447442 
0.18576920169856953047 0.55816947801933014528 0.00000000099999999997 0.00000000099999999997 0.25606131828210049184 
0.00000000288322804318 0.00000000099999999999 0.30545052018493351609 0.67705124957645013151 0.01749822635538840140 
0.00000000099999999986 0.00000000099999999986 0.04566341171753385275 0.00000000099999999986 0.95433658528246623209 
0.00000000099999999984 0.00000000099999999984 0.00000000099999999984 0.00000000099999999984 0.99999999599999989108 
0.00000927049100871525 0.37669951669223589175 0.30762428109146100486 0.00000000099999999999 0.31566693072529450337 
0.00000000099999999970 0.00000000099999999970 0.00000000099999999970 0.00000000099999999970 0.99999999599999989108 
0.00000000099999999991 0.00000000099999999991 0.29468764803851360545 0.00000000099999999991 0.70531234896148642388 
0.00000000099999999992 0.00000000099999999992 0.98812326084554746863 0.00000000099999999992 0.01187673615445244621 
0.00000000099999999955 0.00000000099999999955 0.00000000099999999955 0.00000000099999999955 0.99999999600000000211 
0.38171482353721325476 0.00005008480360779973 0.15918479460382420343 0.45905029605535480064 0.00000000100000000000 
0.00000000099999999960 0.00000000099999999960 0.00000000099999999960 0.00000000099999999960 0.99999999599999989108 
0.00000000099999999999 0.36905249849183224820 0.41175295844351761376 0.21534551857085612592 0.00384902349379395497 
0.00000000099999999960 0.00000000099999999960 0.00000000099999999960 0.00000000099999999960 0.99999999599999989108 
0.51105207408500996635 0.00000000099999999989 0.48894792291499000747 0.00000000099999999989 0.00000000099999999989 
0.00000000099999999991 0.18024130089886503114 0.00000000099999999991 0.14334251954130702855 0.67641617755982796911 
0.00000000099999999997 0.22608159163499849664 0.42911156035629410832 0.00000000099999999997 0.34480684600870753487 
0.00000000099999999994 0.46931815946787153182 0.10595073481757738554 0.00000000099999999994 0.42473110371455102818 
0.00000000099999999998 0.31769722131078848015 0.09828805572366036691 0.54546497232509694175 0.03854974964045407987 
0.33541318961660798736 0.00000000099999999995 0.14436669479373046010 0.52022011358966158134 0.00000000099999999995 
0.00000000099999999994 0.00000000099999999994 0.63077899039833418282 0.00000290659996010068 0.36921810100170565638 
0.99999999600000000211 0.00000000099999999982 0.00000000099999999982 0.00000000099999999982 0.00000000099999999982 
0.00000000099999999987 0.82080395241755854663 0.00000000099999999987 0.00000000099999999987 0.17919604458244156597 
0.36713644984457327602 0.38045375028879180324 0.14801651868878606955 0.02911934073726815675 0.07527394044058070832 
0.00000000099999999981 0.00000000099999999981 0.00000000099999999981 0.83744782636940484633 0.16255217063059518301 
0.00000000099999999993 0.00000000099999999993 0.63900909966304264564 0.36099089733695727267 0.00000000099999999993 
0.00000000099999999994 0.17387235035088502433 0.37599767524783861417 0.45012997240127622378 0.00000000099999999994 
0.00000000099999999957 0.00000000099999999957 0.00000000099999999957 0.00000000099999999957 0.99999999600000000211 
0.00000000099999999985 0.00000000099999999985 0.00000000099999999985 0.99999999599999989108 0.00000000099999999985 
0.00000000099999999989 0.50827591319810561110 0.00000000099999999989 0.00000000099999999989 0.49172408380189436272 
0.00000000099999999983 0.00000000099999999983 0.00000000099999999983 0.99999999599999989108 0.00000000099999999983 
0.00000000099999999960 0.00000000099999999960 0.00000000099999999960 0.00000000099999999960 0.99999999599999989108 
0.00000000099999999958 0.00000000099999999958 0.00000000099999999958 0.00000000099999999958 0.99999999600000000211 
0.00000000099999999989 0.00000000099999999989 0.00000000099999999989 0.40365825417382528162 0.59634174282617469220 
0.60306368363269358124 0.00000000099999999986 0.39693631336730650361 0.00000000099999999986 0.00000000099999999986 
0.00000000099999999994 0.00000000099999999994 0.93078265994010755957 0.00000000099999999994 0.06921733705989252528 
0.00000000099999999991 0.00000000099999999991 0.00000000099999999991 0.99999999599999989108 0.00000000099999999991 
0.07191148550704926090 0.00000000099999999994 0.00000000099999999994 0.00000000099999999994 0.92808851149295068517 
0.00000000099999999994 0.41631112071895320925 0.48072908575047490487 0.00000000099999999994 0.10295979153057187305 
0.99999999600000011313 0.00000000099999999981 0.00000000099999999981 0.00000000099999999981 0.00000000099999999981 
0.00000000099999999984 0.00000000099999999984 0.00000000099999999984 0.43555849073573660313 0.56444150626426337070 
0.00000000099999999984 0.77434035574538784275 0.00000000099999999984 0.00000000099999999984 0.22565964125461224210 
0.00000000099999999987 0.22041880169214692065 0.00000000099999999987 0.00000000099999999987 0.77958119530785308093 
0.61531939227436116546 0.00000000099999999975 0.00000000099999999975 0.00000000099999999975 0.38468060472563891938 
0.00000000099999999950 0.00000000099999999950 0.00000000099999999950 0.00000000099999999950 0.99999999599999989108 
0.00000000099999999990 0.00000000099999999990 0.00000000099999999990 0.99999999599999989108 0.00000000099999999990 
0.85135751990351993257 0.00000000099999999983 0.00000000099999999983 0.00000000099999999983 0.14864247709648018003 
0.00000000099999999945 0.00000000099999999945 0.00000000099999999945 0.00000000099999999945 0.99999999599999989108 
0.03668799730641909146 0.00000000099999999999 0.10367643186964561886 0.51012947179393486330 0.34950609803000037834 
0.00000000099999999989 0.33360983020664103371 0.66639016679335894011 0.00000000099999999989 0.00000000099999999989 
0.00000000099999999993 0.44114861950944211921 0.00000000099999999993 0.12217635645672990374 0.43667502203382807524 
0.00000000099999999991 0.00000000099999999991 0.99999999600000000211 0.00000000099999999991 0.00000000099999999991 
0.00000000099999999979 0.00000000099999999979 0.00000000099999999979 0.00000000099999999979 0.99999999599999989108 
0.00000000099999999985 0.00000000099999999985 0.00000000099999999985 0.99999999600000000211 0.00000000099999999985 
0.00000000099999999990 0.00000000099999999990 0.00000000099999999990 0.82313974576559545415 0.17686025123440454743 
0.00000000099999999991 0.00000000099999999991 0.35488313160758444553 0.64511686539241552829 0.00000000099999999991 
0.00000000099999999992 0.99999999600000000211 0.00000000099999999992 0.00000000099999999992 0.00000000099999999992 
0.00000000099999999992 0.00000000099999999992 0.13568701100221799982 0.86429679657537239468 0.00001619042240972486 
0.99999999600000000211 0.00000000099999999985 0.00000000099999999985 0.00000000099999999985 0.00000000099999999985 
