0.00000000099999999954 0.00000000099999999954 0.76058080630629543162 0.00000000099999999954 0.23941918769370459930 0.00000000099999999954 0.00000000099999999954 0.00000000099999999954 
0.00000000099999999961 0.00000000099999999961 0.00000000099999999961 0.00000000099999999961 0.00000000099999999961 0.99999999299999997593 0.00000000099999999961 0.00000000099999999961 
0.00000000099999999995 0.27839842084429977653 0.08603054481257718655 0.00000000099999999995 0.32130463725629943017 0.00000000099999999995 0.07103254410097212257 0.24323384998585151351 
0.99999999300000008695 0.00000000099999999982 0.00000000099999999982 0.00000000099999999982 0.00000000099999999982 0.00000000099999999982 0.00000000099999999982 0.00000000099999999982 
0.36460881499480463086 0.00000000099999999979 0.00000000099999999979 0.51993814629799195437 0.00000000099999999979 0.11545303370720337577 0.00000000099999999979 0.00000000099999999979 
0.04112041680267062432 0.00000000099999999991 0.00000000099999999991 0.32435944159637858375 0.48510347163891759381 0.00000000099999999991 0.14941666596203312389 0.00000000099999999991 
0.27007935363036744691 0.00000000099999999979 0.12408071535198036961 0.00000000099999999979 0.46607515970054474996 0.00000000099999999979 0.00000000099999999979 0.13976476731710746337 
0.00000000099999999970 0.00000000099999999970 0.00000000099999999970 0.22894879822273303538 0.77105119577726710656 0.00000000099999999970 0.00000000099999999970 0.00000000099999999970 
0.00000000099999999971 0.00000000099999999971 0.88942395284161757107 0.00000000099999999971 0.00000000099999999971 0.00000000099999999971 0.00000000099999999971 0.11057604115838259862 
0.00000000099999999911 0.00000000099999999911 0.99999999299999997593 0.00000000099999999911 0.00000000099999999911 0.00000000099999999911 0.00000000099999999911 0.00000000099999999911 
0.00000000099999999979 0.41210039155352840012 0.16317721264682558124 0.00000000099999999979 0.00000000099999999979 0.00000000099999999979 0.27559369919165782603 0.14912869260798838900 
0.00000000099999999972 0.00000000099999999972 0.57353825427378013480 0.00000000099999999972 0.34691002902489270765 0.07955171170132706304 0.00000000099999999972 0.00000000099999999972 
0.32113710531804279258 0.00000000099999999991 0.15730167992675547772 0.00000000099999999991 0.00000000099999999991 0.22078589428028036479 0.30077531647492122824 0.00000000099999999991 
0.00000000099999999963 0.60669731641086233065 0.39330267758913772802 0.00000000099999999963 0.00000000099999999963 0.00000000099999999963 0.00000000099999999963 0.00000000099999999963 
0.00000000099999999914 0.00000000099999999914 0.99999999299999997593 0.00000000099999999914 0.00000000099999999914 0.00000000099999999914 0.00000000099999999914 0.00000000099999999914 
0.00000000099999999980 0.00000000099999999980 0.00000000099999999980 0.00000000099999999980 0.99999999300000008695 0.00000000099999999980 0.00000000099999999980 0.00000000099999999980 
0.00000000099999999986 0.54707323255070883228 0.00000000099999999986 0.18613150298323055676 0.00000000099999999986 0.16666524943265975667 0.10013001103340085640 0.00000000099999999986 
0.00000000099999999971 0.00000000099999999971 0.00000000099999999971 0.00000000099999999971 0.00000000099999999971 0.00000000099999999971 0.00000000099999999971 0.99999999299999997593 
0.75797663423740335720 0.00000000099999999979 0.24202335976259675698 0.00000000099999999979 0.00000000099999999979 0.00000000099999999979 0.00000000099999999979 0.00000000099999999979 
0.00000000099999999995 0.67436613320435212504 0.00000000099999999995 0.32563386079564804465 0.00000000099999999995 0.00000000099999999995 0.00000000099999999995 0.00000000099999999995 
0.09585773796551363968 0.00000000099999999964 0.90367898782642197553 0.00000000099999999964 0.00000000099999999964 0.00046326920806442651 0.00000000099999999964 0.00000000099999999964 
0.00000000099999999963 0.00000000099999999963 0.84316810862177105079 0.00000000099999999963 0.00000000099999999963 0.00000000099999999963 0.00000000099999999963 0.15683188537822892461 
0.35889327587563590871 0.00000000099999999989 0.26286817736475726059 0.37823854175960686108 0.00000000099999999989 0.00000000099999999989 0.00000000099999999989 0.00000000099999999989 
0.00000000099999999940 0.00000000099999999940 0.99999999300000008695 0.00000000099999999940 0.00000000099999999940 0.00000000099999999940 0.00000000099999999940 0.00000000099999999940 
0.00000000099999999983 0.00000000099999999983 0.74473290464099395347 0.00000000099999999983 0.00000000099999999983 0.00000000099999999983 0.25526708935900604969 0.00000000099999999983 
0.00000000099999999963 0.00000000099999999963 0.00000000099999999963 0.99999999300000008695 0.00000000099999999963 0.00000000099999999963 0.00000000099999999963 0.00000000099999999963 
0.00000000099999999928 0.00000000099999999928 0.99999999300000008695 0.00000000099999999928 0.00000000099999999928 0.00000000099999999928 0.00000000099999999928 0.00000000099999999928 
0.00000000099999999989 0.12037818109487920248 0.00000000099999999989 0.00015156538409135206 0.40951158720541680491 0.00000000099999999989 0.46995866231561261861 0.00000000099999999989 
0.00000000099999999924 0.00000000099999999924 0.99999999299999997593 0.00000000099999999924 0.00000000099999999924 0.00000000099999999924 0.00000000099999999924 0.00000000099999999924 
0.53532180183073319046 0.23728104339238514919 0.00000000099999999982 0.00000000099999999982 0.00000000099999999982 0.22739714977688160746 0.00000000099999999982 0.00000000099999999982 
0.00000000099999999929 0.00000000099999999929 0.99999999300000008695 0.00000000099999999929 0.00000000099999999929 0.00000000099999999929 0.00000000099999999929 0.00000000099999999929 
0.00000000099999999970 0.00000000099999999970 0.00000000099999999970 0.66708901793179542494 0.33291097606820446719 0.00000000099999999970 0.00000000099999999970 0.00000000099999999970 
0.00000000099999999963 0.00000000099999999963 0.62580925770629036720 0.00000000099999999963 0.00000000099999999963 0.00000000099999999963 0.00000000099999999963 0.37419073629370958045 
0.00000000099999999985 0.00000000099999999985 0.29822850067546430308 0.44514014536576523851 0.00000000099999999985 0.00000000099999999985 0.00000000099999999985 0.25663134895877048880 
0.00000000099999999982 0.00000000099999999982 0.39894934777103668866 0.00000000099999999982 0.00000000099999999982 0.00000000099999999982 0.23979845764662369167 0.36125218958233951128 
0.24047693242842871353 0.35726785603528993240 0.00017282612987797293 0.00000000099999999992 0.00000000099999999992 0.00000000099999999992 0.40208238140640345515 0.00000000099999999992 
0.00000000099999999991 0.38815105059795251830 0.00000000099999999991 0.00000000099999999991 0.28621515000683772634 0.18027370230522343775 0.00055336943318330266 0.14480672465680288763 
0.00000000099999999988 0.00000000099999999988 0.23590406399083849176 0.14352657504056104409 0.00000000099999999988 0.24758703705813323026 0.04269791240981920394 0.33028440850064788581 
0.00000000099999999964 0.00000000099999999964 0.00000000099999999964 0.00000000099999999964 0.99999999300000008695 0.00000000099999999964 0.00000000099999999964 0.00000000099999999964 
0.58137303768303616458 0.00000000099999999980 0.11165207846191374519 0.00000000099999999980 0.00000000099999999980 0.00000000099999999980 0.24621489953044856103 0.06075998032460149662 
0.21761254613914213230 0.00000000099999999996 0.06301109485039359248 0.00000000099999999996 0.33621053173706094697 0.03469837146135511946 0.34846745281204805078 0.00000000099999999996 
0.00000000099999999971 0.81869273905097117439 0.18127148195827211263 0.00000000099999999971 0.00000000099999999971 0.00000000099999999971 0.00003577399075674019 0.00000000099999999971 
0.00000000099999999977 0.20666281673238015570 0.00000000099999999977 0.79333717726761987521 0.00000000099999999977 0.00000000099999999977 0.00000000099999999977 0.00000000099999999977 
0.20952326264576101589 0.38996563972691516975 0.00000000099999999988 0.20986737211321590535 0.00000000099999999988 0.05523719929989309718 0.13540652321421467463 0.00000000099999999988 
0.00000000099999999931 0.00000000099999999931 0.99999999300000008695 0.00000000099999999931 0.00000000099999999931 0.00000000099999999931 0.00000000099999999931 0.00000000099999999931 
0.00000000099999999975 0.83896030240267949196 0.00000000099999999975 0.00000000099999999975 0.00000000099999999975 0.00000000099999999975 0.00000000099999999975 0.16103969159732081651 
0.00000000099999999970 0.00000000099999999970 0.45448981632023266464 0.00000000099999999970 0.00000000099999999970 0.00000000099999999970 0.00000000099999999970 0.54551017767976717199 
0.00000000099999999975 0.84523617194503386507 0.00000000099999999975 0.00000000099999999975 0.00000000099999999975 0.00000000099999999975 0.00000000099999999975 0.15476382205496619360 
0.00000000099999999932 0.00000000099999999932 0.99999999300000008695 0.00000000099999999932 0.00000000099999999932 0.00000000099999999932 0.00000000099999999932 0.00000000099999999932 
0.00000000099999999932 0.00000000099999999932 0.99999999300000008695 0.00000000099999999932 0.00000000099999999932 0.00000000099999999932 0.00000000099999999932 0.00000000099999999932 
0.00000000099999999976 0.32390045450274890237 0.55731051266870890171 0.00000000099999999976 0.00000000099999999976 0.00000000099999999976 0.00000000099999999976 0.11878902782854225406 
0.00000000099999999973 0.00000000099999999973 0.00000000099999999973 0.00000000099999999973 0.55781252406662462651 0.44218746993337548767 0.00000000099999999973 0.00000000099999999973 
0.00000000099999999977 0.00000000099999999977 0.00000000099999999977 0.00000000099999999977 0.00000000099999999977 0.99999999299999997593 0.00000000099999999977 0.00000000099999999977 
0.00000000099999999978 0.78446603836093731221 0.00000000099999999978 0.00000000099999999978 0.00000000099999999978 0.00000000099999999978 0.21553395563906274646 0.00000000099999999978 
0.00000000099999999976 0.00000000099999999976 0.90105415808464894845 0.09894583591535102696 0.00000000099999999976 0.00000000099999999976 0.00000000099999999976 0.00000000099999999976 
0.39004799881989288268 0.00000000099999999991 0.05488318178999534308 0.30671957672425909092 0.00000000099999999991 0.00000000099999999991 0.24834923866585262298 0.00000000099999999991 
0.00000000099999999959 0.00000000099999999959 0.00000000099999999959 0.00000000099999999959 0.99999999300000008695 0.00000000099999999959 0.00000000099999999959 0.00000000099999999959 
0.00000000099999999969 0.23218993624221365146 0.50501276982517440128 0.00000000099999999969 0.00000000099999999969 0.00000000099999999969 0.00000000099999999969 0.26279728893261211642 
0.39580654442983542740 0.00000000099999999980 0.16477515046900045870 0.00000000099999999980 0.00000000099999999980 0.00000000099999999980 0.15362253349568696925 0.28579576760547714676 
0.00000000099999999963 0.00000000099999999963 0.77899556645213641204 0.00000000099999999963 0.00000000099999999963 0.00000000099999999963 0.22100442754786361887 0.00000000099999999963 
0.00000000099999999953 0.00000000099999999953 0.35879113352283442673 0.00000000099999999953 0.64120886047716540990 0.00000000099999999953 0.00000000099999999953 0.00000000099999999953 
0.00000000099999999911 0.00000000099999999911 0.99999999299999997593 0.00000000099999999911 0.00000000099999999911 0.00000000099999999911 0.00000000099999999911 0.00000000099999999911 
0.00000000099999999970 0.99999999300000019797 0.00000000099999999970 0.00000000099999999970 0.00000000099999999970 0.00000000099999999970 0.00000000099999999970 0.00000000099999999970 
0.00000000099999999968 0.00000000099999999968 0.12797939110600956014 0.00000000099999999968 0.87202060289399052628 0.00000000099999999968 0.00000000099999999968 0.00000000099999999968 
0.00000000099999999905 0.00000000099999999905 0.99999999299999997593 0.00000000099999999905 0.00000000099999999905 0.00000000099999999905 0.00000000099999999905 0.00000000099999999905 
0.00000000099999999978 0.00000000099999999978 0.31513335863647035096 0.00000000099999999978 0.00000000099999999978 0.00000000099999999978 0.68486663536352954118 0.00000000099999999978 
0.32179349789339400933 0.00000000099999999970 0.00000000099999999970 0.00000000099999999970 0.00000000099999999970 0.67820649610660588280 0.00000000099999999970 0.00000000099999999970 
0.43107117037322506548 0.00000000099999999976 0.34631686464943900461 0.00000000099999999976 0.00000000099999999976 0.00000000099999999976 0.00000000099999999976 0.22261195997733582153 
0.00000000099999999984 0.00000000099999999984 0.00000000099999999984 0.00000000099999999984 0.00000000099999999984 0.99999999300000008695 0.00000000099999999984 0.00000000099999999984 
0.00000000099999999953 0.00000000099999999953 0.99999999299999997593 0.00000000099999999953 0.00000000099999999953 0.00000000099999999953 0.00000000099999999953 0.00000000099999999953 
0.00000000099999999977 0.78667326898396383594 0.00000000099999999977 0.00000000099999999977 0.00000000099999999977 0.00000000099999999977 0.21332672501603638926 0.00000000099999999977 
0.00000000099999999976 0.83241460255095345300 0.16758539144904652241 0.00000000099999999976 0.00000000099999999976 0.00000000099999999976 0.00000000099999999976 0.00000000099999999976 
0.00000000099999999973 0.61675231218603876471 0.00000000099999999973 0.38324768181396123845 0.00000000099999999973 0.00000000099999999973 0.00000000099999999973 0.00000000099999999973 
0.72092600819832497461 0.00000000099999999981 0.00000000099999999981 0.00000000099999999981 0.00000000099999999981 0.00000000099999999981 0.27907398580167513957 0.00000000099999999981 
0.00000000099999999985 0.92485232637770620201 0.04524934685882642943 0.02989832176346745099 0.00000000099999999985 0.00000000099999999985 0.00000000099999999985 0.00000000099999999985 
0.00000000099999999971 0.00000000099999999971 0.00000000099999999971 0.00000000099999999971 0.74207234801865407103 0.25792763862433398803 0.00000000835701186746 0.00000000099999999971 
