0.00000000099999999963 0.00000000099999999963 0.76261690594743214433 0.23738308905256783055 0.00000000099999999963 0.00000000099999999963 0.00000000099999999963 
0.00000000099999999969 0.00000000099999999969 0.00000000099999999969 0.00000000099999999969 0.00000000099999999969 0.00000000099999999969 0.99999999400000005867 
0.31579470004945942030 0.28145837952168722973 0.12299333613386263797 0.27975358129499072746 0.00000000099999999994 0.00000000099999999994 0.00000000099999999994 
0.32212156175325479257 0.51905559164501025027 0.00000000099999999991 0.00000000099999999991 0.00000000099999999991 0.00000000099999999991 0.15882284260173504253 
0.00000000099999999987 0.00000000099999999987 0.00000000099999999987 0.00000000099999999987 0.00000000099999999987 0.56345452839985443738 0.43654546660014542647 
0.00000000099999999994 0.00000000099999999994 0.00126131152514619756 0.52872224857110450280 0.00000000099999999994 0.47001643590374930781 0.00000000099999999994 
0.00000000099999999984 0.36477831422045636778 0.15362922013483201744 0.48159246164471170015 0.00000000099999999984 0.00000000099999999984 0.00000000099999999984 
0.00000000099999999976 0.00000000099999999976 0.00000000099999999976 0.75505223236296037381 0.00000000099999999976 0.24494776263703949004 0.00000000099999999976 
0.04727576792458136612 0.00000000099999999976 0.95272422707541859488 0.00000000099999999976 0.00000000099999999976 0.00000000099999999976 0.00000000099999999976 
0.00000000099999999926 0.00000000099999999926 0.99999999400000005867 0.00000000099999999926 0.00000000099999999926 0.00000000099999999926 0.00000000099999999926 
0.00000000099999999976 0.00000000099999999976 0.13566666471154023577 0.00000000099999999976 0.86433333028845982238 0.00000000099999999976 0.00000000099999999976 
0.00000000099999999979 0.00000000099999999979 0.57874730833972864996 0.34459340916504083152 0.00000000099999999979 0.00000000099999999979 0.07665927849523059001 
0.00000000099999999993 0.40044058670285709312 0.14602386548742252170 0.00000000099999999993 0.14456206373398344800 0.00000000099999999993 0.30897348107573696652 
0.00000000099999999959 0.00000000099999999959 0.27425619150869506857 0.00000000099999999959 0.72574380349130507284 0.00000000099999999959 0.00000000099999999959 
0.00000000099999999924 0.00000000099999999924 0.99999999400000005867 0.00000000099999999924 0.00000000099999999924 0.00000000099999999924 0.00000000099999999924 
0.00000000099999999982 0.00000000099999999982 0.00000000099999999982 0.99999999399999994765 0.00000000099999999982 0.00000000099999999982 0.00000000099999999982 
0.41798105438210231277 0.00000000099999999990 0.00000000099999999990 0.00000000099999999990 0.18652829828112221788 0.26676506383960030266 0.12872558049717519602 
0.00000000099999999985 0.00000000099999999985 0.42674425716635949746 0.00000000099999999985 0.57325573783364047742 0.00000000099999999985 0.00000000099999999985 
0.00000000099999999991 0.38171532478627318019 0.22439595642650647656 0.10113487583010551119 0.00000000099999999991 0.29275383995711479201 0.00000000099999999991 
0.00000000099999999995 0.00000000099999999995 0.00000000099999999995 0.00000000099999999995 0.72477450096480589004 0.27522549403519402933 0.00000000099999999995 
0.00000000099999999977 0.00000000099999999977 0.94166451230068348721 0.00000000099999999977 0.00000000099999999977 0.00000000099999999977 0.05833548269931659175 
0.00000000099999999976 0.00000000099999999976 0.99999999399999994765 0.00000000099999999976 0.00000000099999999976 0.00000000099999999976 0.00000000099999999976 
0.21635238523151259504 0.00000402241987602255 0.31496712440468904726 0.00000000099999999990 0.00000000099999999990 0.46867646494392228851 0.00000000099999999990 
0.00000000099999999953 0.00000000099999999953 0.99999999399999994765 0.00000000099999999953 0.00000000099999999953 0.00000000099999999953 0.00000000099999999953 
0.00000000099999999989 0.17820495779439837758 0.72028819302884627973 0.00000000099999999989 0.00000000099999999989 0.00239640068067306167 0.09911044549608219456 
0.00000000099999999971 0.00000000099999999971 0.00000000099999999971 0.00000000099999999971 0.00000000099999999971 0.99999999400000005867 0.00000000099999999971 
0.00000000099999999934 0.00000000099999999934 0.99999999399999994765 0.00000000099999999934 0.00000000099999999934 0.00000000099999999934 0.00000000099999999934 
0.00000000099999999988 0.00000000099999999988 0.00000000099999999988 0.32647497555755072840 0.50171777486763680098 0.17180724557481227843 0.00000000099999999988 
0.00000000099999999941 0.00000000099999999941 0.99999999399999994765 0.00000000099999999941 0.00000000099999999941 0.00000000099999999941 0.00000000099999999941 
0.42243969067840186904 0.18463918011104932249 0.01755177109462008334 0.00000000099999999994 0.00000000099999999994 0.00163201469090862306 0.37373734142502018640 
0.00000000099999999942 0.00000000099999999942 0.99999999400000005867 0.00000000099999999942 0.00000000099999999942 0.00000000099999999942 0.00000000099999999942 
0.00000000099999999982 0.00000000099999999982 0.00000000099999999982 0.36281646449802640308 0.00000000099999999982 0.63718353050197351628 0.00000000099999999982 
0.11560778304032397201 0.21556041610427162381 0.66883179685540461445 0.00000000099999999985 0.00000000099999999985 0.00000000099999999985 0.00000000099999999985 
0.00000000099999999991 0.23863047236208692614 0.33005146105392585421 0.00000000099999999991 0.00000000099999999991 0.43131806258398724951 0.00000000099999999991 
0.00000000099999999987 0.58601627685039703319 0.41398371814960316373 0.00000000099999999987 0.00000000099999999987 0.00000000099999999987 0.00000000099999999987 
0.00000000099999999994 0.31704281655941696227 0.00000000099999999994 0.00000000099999999994 0.56073773753587574653 0.12221944190470702962 0.00000000099999999994 
0.35984883323675692646 0.00000000099999999994 0.00000000099999999994 0.28568975472517693648 0.20787859779681813754 0.00000000099999999994 0.14658281124124800110 
0.00000000099999999994 0.03670444906534651996 0.27955970088600562429 0.00000000099999999994 0.16657360747517666044 0.13916106980897852141 0.37800117076449274434 
0.00000000099999999973 0.00000000099999999973 0.00000000099999999973 0.99999999400000005867 0.00000000099999999973 0.00000000099999999973 0.00000000099999999973 
0.00000000099999999979 0.85871319949142077554 0.14128679550857928260 0.00000000099999999979 0.00000000099999999979 0.00000000099999999979 0.00000000099999999979 
0.00000000100000000000 0.31869124275697818804 0.03863471030270073520 0.35958170177598985928 0.07771434487934240909 0.11238737692896666465 0.09299062235602212345 
0.00000000099999999975 0.00000000099999999975 0.07354151280055687412 0.00000000099999999975 0.92645848219944315627 0.00000000099999999975 0.00000000099999999975 
0.28097371426691564178 0.00000000099999999986 0.00000000099999999986 0.00000000099999999986 0.00000000099999999986 0.71902628073308405554 0.00000000099999999986 
0.41266779989055818456 0.14634874134878006480 0.00000000099999999994 0.00000000099999999994 0.07325147454325411922 0.27559440237136700880 0.09213757984604072082 
0.00000000099999999938 0.00000000099999999938 0.99999999399999994765 0.00000000099999999938 0.00000000099999999938 0.00000000099999999938 0.00000000099999999938 
0.72618370866936221564 0.00000000099999999981 0.00000554197057842815 0.00000000099999999981 0.27381074536005950426 0.00000000099999999981 0.00000000099999999981 
0.00000000099999999981 0.53596019603747835358 0.46403979896252184334 0.00000000099999999981 0.00000000099999999981 0.00000000099999999981 0.00000000099999999981 
0.49607921116841696696 0.00000000099999999978 0.00000000099999999978 0.00000000099999999978 0.50392078383158311894 0.00000000099999999978 0.00000000099999999978 
0.00000000099999999944 0.00000000099999999944 0.99999999399999994765 0.00000000099999999944 0.00000000099999999944 0.00000000099999999944 0.00000000099999999944 
0.00000000099999999939 0.00000000099999999939 0.99999999399999994765 0.00000000099999999939 0.00000000099999999939 0.00000000099999999939 0.00000000099999999939 
0.40601433412162912795 0.00000000099999999974 0.59398566087837090244 0.00000000099999999974 0.00000000099999999974 0.00000000099999999974 0.00000000099999999974 
0.00000000099999999980 0.00000000099999999980 0.00000000099999999980 0.61032227459592458541 0.00000000099999999980 0.00000000099999999980 0.38967772040407555600 
0.00000000099999999979 0.00000000099999999979 0.00000000099999999979 0.00000000099999999979 0.00000000099999999979 0.00000000099999999979 0.99999999400000005867 
0.62548566465173538464 0.00000000099999999987 0.00000000099999999987 0.00000000099999999987 0.37451433034826470125 0.00000000099999999987 0.00000000099999999987 
0.00000000099999999973 0.00000000099999999973 0.89484314646216034372 0.00000000099999999973 0.00000000099999999973 0.10515684853783970054 0.00000000099999999973 
0.00000000099999999991 0.37217631366318276731 0.06893416932284394949 0.00000000099999999991 0.00000000099999999991 0.43950530070230042767 0.11938421331167278772 
0.00000000099999999967 0.00000000099999999967 0.00000000099999999967 0.99999999399999994765 0.00000000099999999967 0.00000000099999999967 0.00000000099999999967 
0.31759667943394570555 0.00000000099999999977 0.56674348265869101127 0.00000000099999999977 0.11565983390736324365 0.00000000099999999977 0.00000000099999999977 
0.00000000099999999975 0.80190129611161053980 0.19809869888838962937 0.00000000099999999975 0.00000000099999999975 0.00000000099999999975 0.00000000099999999975 
0.00000000099999999980 0.12596963179588507864 0.74783781488184342123 0.00000000099999999980 0.12619254932227164101 0.00000000099999999980 0.00000000099999999980 
0.00000000099999999959 0.00000000099999999959 0.36358248852546004581 0.63641750647453998457 0.00000000099999999959 0.00000000099999999959 0.00000000099999999959 
0.00000000099999999925 0.00000000099999999925 0.99999999400000005867 0.00000000099999999925 0.00000000099999999925 0.00000000099999999925 0.00000000099999999925 
0.94079746762049731856 0.00000000099999999976 0.05920252737950275346 0.00000000099999999976 0.00000000099999999976 0.00000000099999999976 0.00000000099999999976 
0.00000000099999999970 0.00000000099999999970 0.12545377017092074201 0.87454622482907917735 0.00000000099999999970 0.00000000099999999970 0.00000000099999999970 
0.00000000099999999920 0.00000000099999999920 0.99999999400000005867 0.00000000099999999920 0.00000000099999999920 0.00000000099999999920 0.00000000099999999920 
0.00000000099999999986 0.00000000099999999986 0.24873089829201236456 0.00000000099999999986 0.75126909670798758256 0.00000000099999999986 0.00000000099999999986 
0.00000000099999999972 0.00000000099999999972 0.00000000099999999972 0.00000000099999999972 0.00000000099999999972 0.00000000099999999972 0.99999999400000005867 
0.27875013466217002378 0.31127830510497478400 0.40997155623285541637 0.00000000099999999987 0.00000000099999999987 0.00000000099999999987 0.00000000099999999987 
0.19124020194345478507 0.00000000099999999990 0.00000000099999999990 0.04237794413375411962 0.00000000099999999990 0.00000001557084674944 0.76638183535194437379 
0.00000000099999999966 0.00000000099999999966 0.99684192409758476394 0.00000000099999999966 0.00000000099999999966 0.00315807090241526861 0.00000000099999999966 
0.26221723000543001314 0.00000000099999999978 0.00000000099999999978 0.00000000099999999978 0.73778276499456996174 0.00000000099999999978 0.00000000099999999978 
0.72220359620585994342 0.00000000099999999977 0.27779623725133595347 0.00000000099999999977 0.00000016254280421444 0.00000000099999999977 0.00000000099999999977 
0.61113451701335852473 0.00000000099999999980 0.00000000099999999980 0.00000000099999999980 0.00000000099999999980 0.38886547798664150566 0.00000000099999999980 
0.00000000099999999988 0.99999999400000016969 0.00000000099999999988 0.00000000099999999988 0.00000000099999999988 0.00000000099999999988 0.00000000099999999988 
0.94215867991252155722 0.00000000099999999978 0.05784131508747844541 0.00000000099999999978 0.00000000099999999978 0.00000000099999999978 0.00000000099999999978 
0.00000000099999999975 0.00000000099999999975 0.00000000099999999975 0.75306022999607979962 0.00000000099999999975 0.00000000099999999975 0.24693976500392014750 
