0.21627514464975575170 0.78372485335024422159 0.00000000099999999984 0.00000000099999999984 
0.29881219775224121538 0.16601088036351530075 0.00000000099999999997 0.53517692088424351216 
0.26704105963860502726 0.14973535940400203859 0.46719128230204137742 0.11603229865535164000 
0.00000000099999999996 0.10804241532794249536 0.16371230859780888656 0.72824527507424863249 
0.20927705340408481183 0.00000000099999999998 0.00000000099999999998 0.79072294459591530025 
0.51863543338272277694 0.07255256391780813552 0.00000000099999999998 0.40881200169946912970 
0.45737820887211932952 0.30189968156534635613 0.00000000099999999999 0.24072210856253448141 
0.99999999699999997382 0.00000000099999999990 0.00000000099999999990 0.00000000099999999990 
0.00000000099999999986 0.99999999699999997382 0.00000000099999999986 0.00000000099999999986 
0.00000000099999999960 0.99999999700000008485 0.00000000099999999960 0.00000000099999999960 
0.00000000099999999990 0.20466581082407994674 0.79533418717591986002 0.00000000099999999990 
0.38586642850921809567 0.61413356949078201641 0.00000000099999999990 0.00000000099999999990 
0.00000000099999999997 0.28100214266025025367 0.19110425588965099242 0.52789360045009869893 
0.00000000099999999982 0.39867356108273294124 0.60132643691726705981 0.00000000099999999982 
0.00000000099999999960 0.99999999699999997382 0.00000000099999999960 0.00000000099999999960 
0.99999999700000008485 0.00000000099999999990 0.00000000099999999990 0.00000000099999999990 
0.00000000099999999997 0.00000000099999999997 0.60728460907465575680 0.39271538892534418874 
0.00000000099999999993 0.46301204048416971792 0.53698795751583028313 0.00000000099999999993 
0.09001723011812465258 0.35800157993465625550 0.00000000099999999998 0.55198118894721914796 
0.21980797122491516071 0.00343867015243500603 0.77475533802303531150 0.00199802059961450180 
0.00000000099999999989 0.94988508832392448689 0.00000000099999999989 0.05011490967607551417 
0.00000000099999999987 0.99999999700000008485 0.00000000099999999987 0.00000000099999999987 
0.00000000099999999998 0.40663619397983530313 0.00000000099999999998 0.59336380402016475344 
0.00000000099999999977 0.99999999699999997382 0.00000000099999999977 0.00000000099999999977 
0.00000000099999999992 0.75351910671381061579 0.00000000099999999992 0.24648089128618946853 
0.15262072237514087703 0.09699039640087162018 0.00000000099999999996 0.75038888022398753108 
0.00000000099999999965 0.99999999700000008485 0.00000000099999999965 0.00000000099999999965 
0.40073456834976139973 0.00042484447429031130 0.45212653056707846622 0.14671405660886985278 
0.00000000099999999970 0.99999999700000008485 0.00000000099999999970 0.00000000099999999970 
0.00000046692596628049 0.09838215741453354424 0.24995242636582001849 0.65166494929368012912 
0.00000000099999999968 0.99999999699999997382 0.00000000099999999968 0.00000000099999999968 
0.80464097769354414602 0.00000000099999999997 0.00002306970383134236 0.19533595160262459678 
0.00000000099999999993 0.68486583164632508502 0.31513416635367491603 0.00000000099999999993 
0.00000000099999999997 0.42325214245815234726 0.00000000099999999997 0.57674785554184759828 
0.00000000099999999995 0.46800140415341051625 0.14685280617286214366 0.38514578867372734061 
0.00000000099999999996 0.07550237338962784150 0.60433690254742256087 0.32016072306294957039 
0.40506406887979179432 0.00000000099999999997 0.59492634456514681407 0.00000958555506135881 
0.00000000099999999997 0.41240854908063806494 0.06033359196851995759 0.52725785795084190166 
0.99999999699999997382 0.00000000099999999987 0.00000000099999999987 0.00000000099999999987 
0.00000000099999999995 0.34110808837785305814 0.00133488783174323081 0.65755702279040373348 
0.30273094539860151420 0.14125469412302146810 0.14739122779477165093 0.40862313268360550556 
0.00000000099999999985 0.16954552685328028172 0.83045447114671966382 0.00000000099999999985 
0.17660171259648743680 0.00000000099999999999 0.35199360676102980916 0.47140467964248278232 
0.00000000099999999996 0.00000000099999999996 0.48949824389721630080 0.51050175410278375576 
0.00000000099999999966 0.99999999700000008485 0.00000000099999999966 0.00000000099999999966 
0.00000000099999999987 0.00000000099999999987 0.99999999699999997382 0.00000000099999999987 
0.00000000099999999996 0.50488950048283920413 0.25588130340744291713 0.23922919510971796253 
0.00000000099999999987 0.00000000099999999987 0.99999999699999997382 0.00000000099999999987 
0.00000000099999999972 0.99999999700000008485 0.00000000099999999972 0.00000000099999999972 
0.00000000099999999966 0.99999999699999997382 0.00000000099999999966 0.00000000099999999966 
0.00000000099999999991 0.60371243018862019714 0.39628756781137969289 0.00000000099999999991 
0.83217243407238239428 0.00000000099999999994 0.00000000099999999994 0.16782756392761763453 
0.26258846034277610881 0.07813007177473750564 0.00000000099999999999 0.65928146688248645546 
0.00000000099999999992 0.00000000099999999992 0.99999984739221225993 0.00000015060778768747 
0.05958389261832704176 0.94041610538167286215 0.00000000099999999994 0.00000000099999999994 
0.00000000099999999994 0.22508453292078553498 0.00000000099999999994 0.77491546507921449383 
0.99999999700000008485 0.00000000099999999988 0.00000000099999999988 0.00000000099999999988 
0.00000000099999999986 0.57016563830656563638 0.42983435969343436467 0.00000000099999999986 
0.00000000099999999993 0.34111701213288952994 0.20456790277091713159 0.45431508409619325572 
0.00000000099999999996 0.80577053754176641842 0.19420507899843197919 0.00002438245980166747 
0.58143638831680055645 0.41856360968319950011 0.00000000099999999983 0.00000000099999999983 
0.00000000099999999960 0.99999999700000008485 0.00000000099999999960 0.00000000099999999960 
0.00000000099999999995 0.00000000099999999995 0.99999999699999986280 0.00000000099999999995 
0.82248177043160330957 0.17751822756839685802 0.00000000099999999988 0.00000000099999999988 
0.00000000099999999958 0.99999999699999997382 0.00000000099999999958 0.00000000099999999958 
0.07827849147369776717 0.35065356707379380374 0.57106794045250841574 0.00000000099999999998 
0.13351376483795018846 0.00000000099999999994 0.00000000099999999994 0.86648623316204975708 
0.00000000099999999997 0.47905465493010124245 0.25433907103208747147 0.26660627303781125885 
0.29599535652155561927 0.00000006710518144603 0.04141960960234207512 0.66258496677092082461 
0.00000000099999999984 0.99999999700000008485 0.00000000099999999984 0.00000000099999999984 
0.00000000099999999989 0.00000000099999999989 0.99999999699999997382 0.00000000099999999989 
0.00000000099999999992 0.18594337042828465445 0.81405662757171537436 0.00000000099999999992 
0.03520234879066137107 0.00000000099999999998 0.62894031687237561545 0.33585733333696315972 
0.00000000099999999995 0.10084888862948458710 0.22252954560584731203 0.67662156476466805977 
0.00000000099999999996 0.04685023185117586503 0.86054069516443754129 0.09260907198438658727 
0.99999999699999997382 0.00000000099999999987 0.00000000099999999987 0.00000000099999999987 
