0.00000000099999999964 0.00000000099999999964 0.23638890371517556899 0.00000000099999999964 0.00000000099999999964 0.76361109128482440589 0.00000000099999999964 
0.99999999400000016969 0.00000000099999999969 0.00000000099999999969 0.00000000099999999969 0.00000000099999999969 0.00000000099999999969 0.00000000099999999969 
0.00000000099999999994 0.27548331089189342924 0.27765084944809864664 0.00000000099999999994 0.32341978758101030955 0.12344604907899771329 0.00000000099999999994 
0.16179416745081057205 0.50646141942527378443 0.00000000099999999991 0.00000000099999999991 0.33174440912391572889 0.00000000099999999991 0.00000000099999999991 
0.44313896211849301832 0.00000000099999999988 0.00000000099999999988 0.00000000099999999988 0.00000000099999999988 0.00000000099999999988 0.55686103288150679003 
0.00000000099999999994 0.00000000099999999994 0.53305942729724331564 0.00000000099999999994 0.00000000099999999994 0.00005304017457879086 0.46688752852817799743 
0.00000000099999999984 0.36631661515733154877 0.48289126709340346455 0.00000000099999999984 0.00000000099999999984 0.15079211374926496103 0.00000000099999999984 
0.00000000099999999977 0.00000000099999999977 0.76673219747041987393 0.00000000099999999977 0.00000000099999999977 0.00000000099999999977 0.23326779752958012870 
0.00000000099999999975 0.00000000099999999975 0.00000000099999999975 0.00000000099999999975 0.04520597990572330915 0.95479401509427652694 0.00000000099999999975 
0.00000000099999999926 0.00000000099999999926 0.00000000099999999926 0.00000000099999999926 0.00000000099999999926 0.99999999400000005867 0.00000000099999999926 
0.00000000099999999976 0.00000000099999999976 0.00000000099999999976 0.87938670011950403893 0.00000000099999999976 0.12061329488049590819 0.00000000099999999976 
0.07736151766289452170 0.00000000099999999979 0.34209334088989556966 0.00000000099999999979 0.00000000099999999979 0.58054513744720970259 0.00000000099999999979 
0.31206482668297086391 0.40054355485698656114 0.00000000099999999993 0.14892048565371818203 0.00000000099999999993 0.13847112980632436674 0.00000000099999999993 
0.00000000099999999958 0.00000000099999999958 0.00000000099999999958 0.76162651579075268948 0.00000000099999999958 0.23837347920924720213 0.00000000099999999958 
0.00000000099999999925 0.00000000099999999925 0.00000000099999999925 0.00000000099999999925 0.00000000099999999925 0.99999999400000005867 0.00000000099999999925 
0.00000000099999999983 0.00000000099999999983 0.99999999400000005867 0.00000000099999999983 0.00000000099999999983 0.00000000099999999983 0.00000000099999999983 
0.12165025752536363923 0.00000000099999999990 0.00000000099999999990 0.18652020359166679442 0.43418954407075560642 0.00000000099999999990 0.25763999181221397539 
0.00000000099999999984 0.00000000099999999984 0.00000000099999999984 0.61136393645890296789 0.00000000099999999984 0.38863605854109706250 0.00000000099999999984 
0.00000000099999999991 0.40384179560568217449 0.11233188762895233992 0.00000000099999999991 0.00000000099999999991 0.22413350378791113693 0.25969280997745436412 
0.00000000099999999995 0.00000000099999999995 0.00000000099999999995 0.72242973522931763775 0.00000000099999999995 0.00000000099999999995 0.27757025977068255918 
0.05914159330584682628 0.00000000099999999977 0.00000000099999999977 0.00000000099999999977 0.00000000099999999977 0.94085840169415324574 0.00000000099999999977 
0.00000000099999999975 0.00000000099999999975 0.00000000099999999975 0.00000000099999999975 0.00000000099999999975 0.99999999400000005867 0.00000000099999999975 
0.00000000099999999990 0.00000000099999999990 0.00000000099999999990 0.00000000099999999990 0.22325285282972465173 0.31885729090734887814 0.45788985226292633346 
0.00000000099999999953 0.00000000099999999953 0.00000000099999999953 0.00000000099999999953 0.00000000099999999953 0.99999999400000005867 0.00000000099999999953 
0.10954904188023778522 0.11487518317397971135 0.00000000099999999989 0.00000000099999999989 0.00000000099999999989 0.71090654918766893466 0.06466922275811343157 
0.00000000099999999971 0.00000000099999999971 0.00000000099999999971 0.00000000099999999971 0.00000000099999999971 0.00000000099999999971 0.99999999400000005867 
0.00000000099999999934 0.00000000099999999934 0.00000000099999999934 0.00000000099999999934 0.00000000099999999934 0.99999999399999994765 0.00000000099999999934 
0.00000000099999999988 0.00000000099999999988 0.31709253289754385507 0.48239898259467139940 0.00000000099999999988 0.00000000099999999988 0.20050848050778483089 
0.00000000099999999941 0.00000000099999999941 0.00000000099999999941 0.00000000099999999941 0.00000000099999999941 0.99999999399999994765 0.00000000099999999941 
0.36569321392408377092 0.19499858930364447063 0.00000000099999999994 0.00000000099999999994 0.42284009274281841861 0.01646810102945328938 0.00000000099999999994 
0.00000000099999999943 0.00000000099999999943 0.00000000099999999943 0.00000000099999999943 0.00000000099999999943 0.99999999399999994765 0.00000000099999999943 
0.00000000099999999982 0.00000000099999999982 0.37509205865826217297 0.00000000099999999982 0.00000000099999999982 0.00000000099999999982 0.62490793634173769089 
0.00000000099999999986 0.21900705695871816592 0.00000000099999999986 0.00000000099999999986 0.11057281029328615285 0.67042012874799572497 0.00000000099999999986 
0.00000000099999999991 0.23436621030808815758 0.00000000099999999991 0.00000000099999999991 0.00000000099999999991 0.33483844335591472774 0.43079534233599708903 
0.00000000099999999990 0.46413898109687518057 0.00000000099999999990 0.00000000099999999990 0.00000000099999999990 0.40287239520003226279 0.13298861970309247549 
0.00000000099999999993 0.32343885098987207316 0.00000000099999999993 0.54761055530572855243 0.00000000099999999993 0.00000000099999999993 0.12895058970439934876 
0.14021141201475453841 0.00000000099999999994 0.28575342317559043748 0.21715509752504449925 0.35688006428461049868 0.00000000099999999994 0.00000000099999999994 
0.34228515153701494222 0.08914805306998684065 0.00000000099999999994 0.15010911148149810868 0.00000000099999999994 0.27267286408725760483 0.14578481782424254631 
0.00000000099999999973 0.00000000099999999973 0.99999999399999994765 0.00000000099999999973 0.00000000099999999973 0.00000000099999999973 0.00000000099999999973 
0.00000000099999999979 0.86304429348240918607 0.00000000099999999979 0.00000000099999999979 0.00000000099999999979 0.13695570151759092759 0.00000000099999999979 
0.08224749772019367133 0.32948959581168135724 0.35853367451702194968 0.04118896081438754714 0.01754268263500946556 0.04458180166841016479 0.12641578683329593447 
0.00000000099999999974 0.00000000099999999974 0.00000000099999999974 0.96030073210368593895 0.00000000099999999974 0.03969926289631400818 0.00000000099999999974 
0.00000000099999999986 0.00000000099999999986 0.00000000099999999986 0.00000000099999999986 0.30279434267285776361 0.00000000099999999986 0.69720565232714215576 
0.08612117203888626504 0.14612345501443615992 0.00000000099999999995 0.05803171045246955512 0.43295955091105153834 0.00000000099999999995 0.27676410958315650346 
0.00000000099999999938 0.00000000099999999938 0.00000000099999999938 0.00000000099999999938 0.00000000099999999938 0.99999999399999994765 0.00000000099999999938 
0.00000000099999999980 0.00000000099999999980 0.00000000099999999980 0.33099986534603542676 0.66900012965396460363 0.00000000099999999980 0.00000000099999999980 
0.00000000099999999980 0.53960777752234767579 0.00000000099999999980 0.00000000099999999980 0.00000000099999999980 0.46039221747765252113 0.00000000099999999980 
0.00000000099999999977 0.00000000099999999977 0.00000000099999999977 0.54585397669966151390 0.45414601830033857199 0.00000000099999999977 0.00000000099999999977 
0.00000000099999999944 0.00000000099999999944 0.00000000099999999944 0.00000000099999999944 0.00000000099999999944 0.99999999399999994765 0.00000000099999999944 
0.00000000099999999939 0.00000000099999999939 0.00000000099999999939 0.00000000099999999939 0.00000000099999999939 0.99999999399999994765 0.00000000099999999939 
0.00000000099999999974 0.00000000099999999974 0.00000000099999999974 0.00000000099999999974 0.40040614941484764522 0.59959384558515227415 0.00000000099999999974 
0.38960177507181142920 0.00000000099999999981 0.61039821992818854568 0.00000000099999999981 0.00000000099999999981 0.00000000099999999981 0.00000000099999999981 
0.99999999400000005867 0.00000000099999999979 0.00000000099999999979 0.00000000099999999979 0.00000000099999999979 0.00000000099999999979 0.00000000099999999979 
0.00000000099999999988 0.00000000099999999988 0.00000000099999999988 0.37642656684715292137 0.62357342815284710902 0.00000000099999999988 0.00000000099999999988 
0.00000000099999999974 0.00000000099999999974 0.00000000099999999974 0.00000000099999999974 0.00000000099999999974 0.89683877832498137828 0.10316121667501867987 
0.12921039488285576691 0.38049723727657985828 0.00000000099999999990 0.00000000099999999990 0.00000000099999999990 0.06581374190236737032 0.42447862293819710322 
0.00000000099999999968 0.00000000099999999968 0.99999999400000005867 0.00000000099999999968 0.00000000099999999968 0.00000000099999999968 0.00000000099999999968 
0.00000000099999999977 0.00000000099999999977 0.00000000099999999977 0.15737726255153747235 0.28488085540098034842 0.55774187804748220909 0.00000000099999999977 
0.00000000099999999975 0.80835977605050757244 0.00000000099999999975 0.00000000099999999975 0.00000000099999999975 0.19164021894949245794 0.00000000099999999975 
0.00000000099999999979 0.23157055184660779723 0.00000000099999999979 0.00000000099999999979 0.00000000099999999979 0.76842944315339212213 0.00000000099999999979 
0.00000000099999999959 0.00000000099999999959 0.63407824778461685522 0.00000000099999999959 0.00000000099999999959 0.36592174721538317517 0.00000000099999999959 
0.00000000099999999926 0.00000000099999999926 0.00000000099999999926 0.00000000099999999926 0.00000000099999999926 0.99999999400000005867 0.00000000099999999926 
0.00000000099999999978 0.00000000099999999978 0.00000000099999999978 0.16582907218421275020 0.83417080536675158875 0.00000011844903564963 0.00000000099999999978 
0.00000000099999999970 0.00000000099999999970 0.87247734023752165911 0.00000000099999999970 0.00000000099999999970 0.12752265476247823250 0.00000000099999999970 
0.00000000099999999920 0.00000000099999999920 0.00000000099999999920 0.00000000099999999920 0.00000000099999999920 0.99999999399999994765 0.00000000099999999920 
0.00000000099999999986 0.00000000099999999986 0.00000000099999999986 0.76497173606996138329 0.00000000099999999986 0.23502825893003853608 0.00000000099999999986 
0.99999999400000016969 0.00000000099999999972 0.00000000099999999972 0.00000000099999999972 0.00000000099999999972 0.00000000099999999972 0.00000000099999999972 
0.00000000099999999986 0.33269793902314415135 0.00000000099999999986 0.00000000099999999986 0.25481982069530040302 0.41248223628155539222 0.00000000099999999986 
0.76481070427314123972 0.00000000099999999990 0.02232356812878268093 0.00000000099999999990 0.21286572359807609534 0.00000000099999999990 0.00000000099999999990 
0.00000000099999999966 0.00000000099999999966 0.00000000099999999966 0.00000000099999999966 0.00000000099999999966 0.99999999400000005867 0.00000000099999999966 
0.00000000099999999978 0.00000000099999999978 0.00000000099999999978 0.76073175553655458803 0.23926823946344533134 0.00000000099999999978 0.00000000099999999978 
0.00000000099999999979 0.00000000099999999979 0.00000000099999999979 0.12555825033927869860 0.64135961450204115319 0.23308213115868001153 0.00000000099999999979 
0.00000000099999999980 0.00000000099999999980 0.00000000099999999980 0.00000000099999999980 0.65821473201440683365 0.00000000099999999980 0.34178526298559325225 
0.00000000758171698945 0.99999998741828310944 0.00000000099999999988 0.00000000099999999988 0.00000000099999999988 0.00000000099999999988 0.00000000099999999988 
0.00000000099999999977 0.00000000099999999977 0.00000000099999999977 0.00000000099999999977 0.94445609470406544084 0.05554390029593461037 0.00000000099999999977 
0.24126877137191551914 0.00000000099999999975 0.75873122362808465002 0.00000000099999999975 0.00000000099999999975 0.00000000099999999975 0.00000000099999999975 
