0.00000000099999999968 0.00000000099999999968 0.25939637457788516928 0.00000000099999999968 0.00000000099999999968 0.74060362042211469458 0.00000000099999999968 
0.00000000099999999969 0.00000000099999999969 0.00000000099999999969 0.00000000099999999969 0.00000000099999999969 0.00000000099999999969 0.99999999400000005867 
0.00000000099999999996 0.00000000099999999996 0.27083896293077230899 0.30659002585504041560 0.21407331421879832734 0.15737159551648358113 0.05112609947890527778 
0.00000000099999999992 0.36307757596046363879 0.00000000099999999992 0.00000000099999999992 0.49550906812369094334 0.00000000099999999992 0.14141335191584530895 
0.58742610425666297314 0.00001567169073192299 0.00000000099999999993 0.00000000099999999993 0.16860341354855407081 0.00000000099999999993 0.24395480750405115766 
0.36442764950439199279 0.06531015132198830786 0.47789101085488816523 0.00000000099999999994 0.09237118531873153571 0.00000000099999999994 0.00000000099999999994 
0.00000000099999999987 0.00000000099999999987 0.49991981538379826056 0.00000000099999999987 0.27694699905204239743 0.22313318156415917759 0.00000000099999999987 
0.36631618666260978845 0.00000000099999999976 0.63368380833739035296 0.00000000099999999976 0.00000000099999999976 0.00000000099999999976 0.00000000099999999976 
0.00000000099999999981 0.00000000099999999981 0.00000000099999999981 0.00000000099999999981 0.00000000099999999981 0.91827540066539581343 0.08172459433460430023 
0.00000000099999999928 0.00000000099999999928 0.00000000099999999928 0.00000000099999999928 0.00000000099999999928 0.99999999400000005867 0.00000000099999999928 
0.00000000099999999982 0.00000000099999999982 0.00000000099999999982 0.78760285356908954491 0.00000000099999999982 0.21239714143091034670 0.00000000099999999982 
0.00000000099999999980 0.07739876944865344000 0.36850373075927866928 0.00000000099999999980 0.00000000099999999980 0.48575445788628218713 0.06834303890578556639 
0.00000000099999999993 0.00000000099999999993 0.00000000099999999993 0.09541870956432640938 0.31391253640974375871 0.26464681166501419218 0.32602193936091561355 
0.00000000099999999964 0.00000000099999999964 0.00000000099999999964 0.60388484394807995237 0.00000000099999999964 0.39611515105192007802 0.00000000099999999964 
0.00000000099999999929 0.00000000099999999929 0.00000000099999999929 0.00000000099999999929 0.00000000099999999929 0.99999999400000005867 0.00000000099999999929 
0.00000000099999999985 0.00000000099999999985 0.99999999399999994765 0.00000000099999999985 0.00000000099999999985 0.00000000099999999985 0.00000000099999999985 
0.16872706773411286219 0.15587872781470415995 0.00000000099999999988 0.52475670187443990145 0.00000000099999999988 0.00000000099999999988 0.15063749957674310576 
0.00000000099999999987 0.00000000099999999987 0.00000000099999999987 0.32359806107378014106 0.00000000099999999987 0.51854683825926706220 0.15785509666695263231 
0.00000000099999999990 0.59677373576333059280 0.06972553062944415736 0.00000000099999999990 0.33350072960722537685 0.00000000099999999990 0.00000000099999999990 
0.34128770321448126390 0.00000084278709033948 0.00000000099999999996 0.65871144999842834444 0.00000000099999999996 0.00000000099999999996 0.00000000099999999996 
0.00000000099999999957 0.41199061246382523427 0.00000000099999999957 0.00000000099999999957 0.00000000099999999957 0.58800938253617451856 0.00000000099999999957 
0.00000000099999999979 0.07279399647958770259 0.00000000099999999979 0.00000000099999999979 0.00000000099999999979 0.92720599852041230005 0.00000000099999999979 
0.22584188012189237993 0.53872882698102320109 0.00000000099999999990 0.00000000099999999990 0.23498925993353705910 0.00044002996354737750 0.00000000099999999990 
0.00000000099999999944 0.25098587017599122140 0.00000000099999999944 0.00000000099999999944 0.00000000099999999944 0.74901412482400864246 0.00000000099999999944 
0.00000000099999999953 0.99999999400000016969 0.00000000099999999953 0.00000000099999999953 0.00000000099999999953 0.00000000099999999953 0.00000000099999999953 
0.99278113934509504279 0.00000000099999999978 0.00000000099999999978 0.00000000099999999978 0.00000000099999999978 0.00721885565490502663 0.00000000099999999978 
0.00000000099999999935 0.00000000099999999935 0.00000000099999999935 0.00000000099999999935 0.00000000099999999935 0.99999999399999994765 0.00000000099999999935 
0.20511761533969041782 0.00000000099999999996 0.37224804648541265362 0.37488998794966965633 0.04774434722522718361 0.00000000099999999996 0.00000000099999999996 
0.00000000099999999938 0.25816220184574428798 0.00000000099999999938 0.00000000099999999938 0.00000000099999999938 0.74183779315425568690 0.00000000099999999938 
0.00000000099999999995 0.30261663573279085071 0.00000000099999999995 0.17489008044476433978 0.22060353517684275215 0.00000000099999999995 0.30188974564560205893 
0.00000000099999999951 0.10360374433961143381 0.00000000099999999951 0.00000000099999999951 0.00000000099999999951 0.89639625066038841616 0.00000000099999999951 
0.65067367352466032315 0.00000000099999999977 0.34932632147533981826 0.00000000099999999977 0.00000000099999999977 0.00000000099999999977 0.00000000099999999977 
0.00000000099999999979 0.00000000099999999979 0.00000000099999999979 0.00000000099999999979 0.23896397897802015842 0.76103601602197978870 0.00000000099999999979 
0.37903020414989413434 0.20783693674417644259 0.00000000099999999993 0.00000000099999999993 0.14254626153948943279 0.27058659456643996410 0.00000000099999999993 
0.00000000099999999986 0.00000000099999999986 0.00000000099999999986 0.00000000099999999986 0.44677385315456041859 0.55322614184543961180 0.00000000099999999986 
0.13909983102258746679 0.00000000099999999996 0.00000000099999999996 0.53953906794967476657 0.20884835327977174790 0.11251274474796582603 0.00000000099999999996 
0.00000000099999999992 0.00000000099999999992 0.29252598974503446483 0.49279288013165678528 0.00000000099999999992 0.00000000099999999992 0.21468112612330889077 
0.29305591599529207114 0.00000000099999999992 0.00000000099999999992 0.00000046922617138398 0.00000005818484359166 0.35787412353925718289 0.34906943105443560826 
0.16801971567394219376 0.00000000099999999977 0.83198027932605789214 0.00000000099999999977 0.00000000099999999977 0.00000000099999999977 0.00000000099999999977 
0.00000000099999999982 0.28632416418097450528 0.00000000099999999982 0.00000000099999999982 0.55637912026888869388 0.15729671155013663641 0.00000000099999999982 
0.00000000099999999998 0.26167769913508515112 0.31736463178039409083 0.02226302622405889817 0.26948624214545890965 0.00000000099999999998 0.12920839871500280904 
0.00000000099999999969 0.00000000099999999969 0.00000000099999999969 0.81433812543783168358 0.00000000099999999969 0.18566186956216831905 0.00000000099999999969 
0.81213615232741853678 0.04957551592433989684 0.00000000099999999986 0.13828832774824154073 0.00000000099999999986 0.00000000099999999986 0.00000000099999999986 
0.27053695947908645847 0.06666101877765705230 0.00000000099999999994 0.41486340582746411565 0.12248050142590961864 0.00000000099999999994 0.12545811248988297804 
0.00000000099999999937 0.00000000099999999937 0.00000000099999999937 0.00000000099999999937 0.00000000099999999937 0.99999999399999994765 0.00000000099999999937 
0.00000000099999999979 0.00000000099999999979 0.00000000099999999979 0.99999996209997921159 0.00000000099999999979 0.00000003290002067411 0.00000000099999999979 
0.00000000099999999981 0.00000000099999999981 0.00000000099999999981 0.00000000099999999981 0.41304663329591112531 0.58695336170408884957 0.00000000099999999981 
0.00000000099999999977 0.00000000099999999977 0.00000000099999999977 0.99999999400000005867 0.00000000099999999977 0.00000000099999999977 0.00000000099999999977 
0.00000000099999999947 0.00000000099999999947 0.00000000099999999947 0.00000000099999999947 0.00000000099999999947 0.99999999400000005867 0.00000000099999999947 
0.00000000099999999940 0.00000000099999999940 0.00000000099999999940 0.00000000099999999940 0.00000000099999999940 0.99999999399999994765 0.00000000099999999940 
0.00000000099999999985 0.11022407169148594475 0.00000000099999999985 0.38551696179812616760 0.00000000099999999985 0.50425896251038782037 0.00000000099999999985 
0.00000000099999999982 0.03248539865179634473 0.60566413947941066809 0.00000000099999999982 0.00000000099999999982 0.00000000099999999982 0.36185045786879316276 
0.00000000099999999977 0.00000000099999999977 0.00000000099999999977 0.00000000099999999977 0.00000000099999999977 0.00000000099999999977 0.99999999400000005867 
0.00000000099999999988 0.00000000099999999988 0.00000000099999999988 0.99999999400000005867 0.00000000099999999988 0.00000000099999999988 0.00000000099999999988 
0.00000000099999999956 0.47945944150311065046 0.00000000099999999956 0.00000000099999999956 0.00000000099999999956 0.52054055349688910237 0.00000000099999999956 
0.34749164851712266433 0.00000000099999999993 0.00000000099999999993 0.00000000099999999993 0.29858880252223513052 0.19321184399373192431 0.16070770196691019915 
0.00000000099999999964 0.00000000099999999964 0.99999999400000005867 0.00000000099999999964 0.00000000099999999964 0.00000000099999999964 0.00000000099999999964 
0.00000000099999999977 0.00000000099999999977 0.00000000099999999977 0.43563663585201012340 0.00000000099999999977 0.56436335914798974045 0.00000000099999999977 
0.00000000099999999976 0.00000000099999999976 0.00000000099999999976 0.00000000099999999976 0.59186423698701595697 0.40813575801298407342 0.00000000099999999976 
0.00000000099999999980 0.00000000099999999980 0.00000000099999999980 0.00000000099999999980 0.17481829840742352244 0.82518169659257656345 0.00000000099999999980 
0.00000000099999999960 0.00000000099999999960 0.67722853154960382938 0.00000000099999999960 0.00000000099999999960 0.32277146345039614550 0.00000000099999999960 
0.00000000099999999929 0.00000000099999999929 0.00000000099999999929 0.00000000099999999929 0.00000000099999999929 0.99999999400000005867 0.00000000099999999929 
0.00000000099999999983 0.10774709034701189514 0.00000000099999999983 0.89225290465298812137 0.00000000099999999983 0.00000000099999999983 0.00000000099999999983 
0.00000000099999999973 0.00000000099999999973 0.89448923114744871565 0.00000000099999999973 0.00000000099999999973 0.10551076385255121759 0.00000000099999999973 
0.00000000099999999923 0.00000000099999999923 0.00000000099999999923 0.00000000099999999923 0.00000000099999999923 0.99999999399999994765 0.00000000099999999923 
0.00000000099999999998 0.00000000099999999998 0.02764520088533100814 0.50199031068006960687 0.00000000099999999998 0.35098189032718440927 0.11938259510741501546 
0.00000000099999999985 0.00000000099999999985 0.00000000099999999985 0.00000000099999999985 0.29825236119753939512 0.00000000099999999985 0.70174763380246052424 
0.00000000099999999988 0.25052534409528359749 0.00000000099999999988 0.11261110936684998185 0.30478713286391961867 0.33207641067394666479 0.00000000099999999988 
0.00000000099999999984 0.18847706643747810795 0.00000000099999999984 0.00000000099999999984 0.00000000099999999984 0.00000000099999999984 0.81152292856252195019 
0.00000000099999999945 0.39515133881705594154 0.00000000099999999945 0.00000000099999999945 0.00000000099999999945 0.60484865618294381129 0.00000000099999999945 
0.00000000099999999979 0.00000000099999999979 0.00000000099999999979 0.99999999400000005867 0.00000000099999999979 0.00000000099999999979 0.00000000099999999979 
0.00000000099999999982 0.09570530069130965545 0.00000000099999999982 0.79229177176065068711 0.00000000099999999982 0.11200292354803964567 0.00000000099999999982 
0.42364375168407852890 0.01148330818270401968 0.00000000099999999983 0.56487293613321742924 0.00000000099999999983 0.00000000099999999983 0.00000000099999999983 
0.00000000099999999992 0.17309405583623499458 0.00000000099999999992 0.00000000099999999992 0.61857865954186608271 0.06003666069626398261 0.14829062092563505271 
0.00000000099999999981 0.23431251478368175789 0.00000000099999999981 0.76568748021631838352 0.00000000099999999981 0.00000000099999999981 0.00000000099999999981 
0.00000000099999999973 0.00000000099999999973 0.79522936718880898876 0.00000000099999999973 0.00000000099999999973 0.00000000099999999973 0.20477062781119090284 
