0.00000000099999999946 0.00000000099999999946 0.30653047707982977732 0.69346951592017036514 0.00000000099999999946 0.00000000099999999946 0.00000000099999999946 0.00000000099999999946 0.00000000099999999946 
0.00000000099999999960 0.00000000099999999960 0.00000000099999999960 0.00000000099999999960 0.00000000099999999960 0.00000000099999999960 0.99999999200000000421 0.00000000099999999960 0.00000000099999999960 
0.00000000099999999990 0.00000000099999999990 0.36077787437475017374 0.00000000099999999990 0.37040242151523516956 0.00000000099999999990 0.00000000099999999990 0.26881969811001454884 0.00000000099999999990 
0.00000000099999999985 0.00038070160650732098 0.00000000099999999985 0.00000000099999999985 0.28861361035549326637 0.00000000099999999985 0.11673441037065576675 0.00000000099999999985 0.59427127266734369737 
0.00000000099999999982 0.51846624445091682443 0.00000000099999999982 0.00000000099999999982 0.00000000099999999982 0.00000000099999999982 0.38762450555927974172 0.00000000099999999982 0.09390924398980367294 
0.00000000099999999987 0.57877366493482507170 0.26538451234262222522 0.00000000099999999987 0.00000000099999999987 0.15584181672255273399 0.00000000099999999987 0.00000000099999999987 0.00000000099999999987 
0.00000000099999999979 0.00000000099999999979 0.65696941172138512144 0.00814271908583313019 0.00000000099999999979 0.00000000099999999979 0.00000000099999999979 0.00000000099999999979 0.33488786319278185388 
0.00000000099999999954 0.00000000099999999954 0.00000000099999999954 0.00000000099999999954 0.00000000099999999954 0.99999999200000011523 0.00000000099999999954 0.00000000099999999954 0.00000000099999999954 
0.00000000099999999969 0.00000000099999999969 0.00000000099999999969 0.93057379472439605284 0.06942619827560402024 0.00000000099999999969 0.00000000099999999969 0.00000000099999999969 0.00000000099999999969 
0.00000000099999999907 0.00000000099999999907 0.00000000099999999907 0.99999999200000011523 0.00000000099999999907 0.00000000099999999907 0.00000000099999999907 0.00000000099999999907 0.00000000099999999907 
0.95954052687041213598 0.00000000099999999965 0.00000000099999999965 0.04045946612958798566 0.00000000099999999965 0.00000000099999999965 0.00000000099999999965 0.00000000099999999965 0.00000000099999999965 
0.00000000099999999968 0.00000000099999999968 0.39665186924710615912 0.51368798696627182565 0.00000000099999999968 0.00000000099999999968 0.08966013778662211553 0.00000000099999999968 0.00000000099999999968 
0.13670676895484557001 0.00000000099999999992 0.00000000099999999992 0.03676233796570999024 0.00000000099999999992 0.00000000099999999992 0.24016183799995782788 0.19259552766848139771 0.39377352341100541055 
0.80673486588154796895 0.00000000099999999944 0.00000000099999999944 0.19326512711845200698 0.00000000099999999944 0.00000000099999999944 0.00000000099999999944 0.00000000099999999944 0.00000000099999999944 
0.00000000099999999906 0.00000000099999999906 0.00000000099999999906 0.99999999200000011523 0.00000000099999999906 0.00000000099999999906 0.00000000099999999906 0.00000000099999999906 0.00000000099999999906 
0.00000000099999999975 0.00000000099999999975 0.00000000099999999975 0.00000000099999999975 0.00000000099999999975 0.99999999200000000421 0.00000000099999999975 0.00000000099999999975 0.00000000099999999975 
0.18975810544382548661 0.28653042682156831811 0.00000000099999999984 0.00000000099999999984 0.40001579175644569331 0.00000000099999999984 0.12369567097816043522 0.00000000099999999984 0.00000000099999999984 
0.34385571930799446738 0.00000000099999999974 0.00000000099999999974 0.00000000099999999974 0.00000000099999999974 0.00000000099999999974 0.00000000099999999974 0.65614427369200534201 0.00000000099999999974 
0.00000000099999999982 0.22779920335636949513 0.10128519034941853294 0.17466140370540686466 0.00000000099999999982 0.00000000099999999982 0.00000000099999999982 0.00000000099999999982 0.49625419758880529031 
0.00000558981228186968 0.00166937339490297798 0.00000000099999999997 0.00881413130833118286 0.76200566685516346599 0.22750451639125246484 0.00000000099999999997 0.00000071923806799040 0.00000000099999999997 
0.00000000099999999969 0.00000000099999999969 0.00000000099999999969 0.94619788397379678280 0.00000000099999999969 0.00000000099999999969 0.05380210902620333191 0.00000000099999999969 0.00000000099999999969 
0.00000000099999999959 0.00000000099999999959 0.00000000099999999959 0.84043433945301715404 0.00000000099999999959 0.00000000099999999959 0.00000000099999999959 0.15956565354698296066 0.00000000099999999959 
0.00000000099999999978 0.65134083071274417875 0.00000000099999999978 0.34865916228725596371 0.00000000099999999978 0.00000000099999999978 0.00000000099999999978 0.00000000099999999978 0.00000000099999999978 
0.00000000099999999935 0.00000000099999999935 0.00000000099999999935 0.99999999200000011523 0.00000000099999999935 0.00000000099999999935 0.00000000099999999935 0.00000000099999999935 0.00000000099999999935 
0.00000000099999999978 0.00000000099999999978 0.00000000099999999978 0.60676116499402699134 0.00000000099999999978 0.00000000099999999978 0.00000000099999999978 0.39323882800597304010 0.00000000099999999978 
0.00000000099999999965 0.99999999200000011523 0.00000000099999999965 0.00000000099999999965 0.00000000099999999965 0.00000000099999999965 0.00000000099999999965 0.00000000099999999965 0.00000000099999999965 
0.00000000099999999919 0.00000000099999999919 0.00000000099999999919 0.99999999200000011523 0.00000000099999999919 0.00000000099999999919 0.00000000099999999919 0.00000000099999999919 0.00000000099999999919 
0.52616998921883340046 0.09426044071657246892 0.08974537180743680231 0.00000000099999999984 0.00000000099999999984 0.28982419325715730318 0.00000000099999999984 0.00000000099999999984 0.00000000099999999984 
0.00000000099999999921 0.00000000099999999921 0.00000000099999999921 0.99999999200000000421 0.00000000099999999921 0.00000000099999999921 0.00000000099999999921 0.00000000099999999921 0.00000000099999999921 
0.00000000099999999985 0.00000000099999999985 0.00000000099999999985 0.00000000099999999985 0.37135790549227754020 0.07561002013742197658 0.24614973731673542301 0.00000000099999999985 0.30688233205356507671 
0.00000000099999999926 0.00000000099999999926 0.00000000099999999926 0.99999999200000011523 0.00000000099999999926 0.00000000099999999926 0.00000000099999999926 0.00000000099999999926 0.00000000099999999926 
0.00000000099999999959 0.00000000099999999959 0.00000000099999999959 0.00000000099999999959 0.00000000099999999959 0.99999999200000000421 0.00000000099999999959 0.00000000099999999959 0.00000000099999999959 
0.00000000099999999969 0.00000000099999999969 0.00000000099999999969 0.55445504441131199247 0.00000000099999999969 0.00000000099999999969 0.00000000099999999969 0.44554494858868787244 0.00000000099999999969 
0.00000000099999999987 0.45057718046658962185 0.00000000099999999987 0.25177688472360632010 0.00000000099999999987 0.00000000099999999987 0.00000000099999999987 0.29764592880980400569 0.00000000099999999987 
0.00000000099999999963 0.00000000099999999963 0.00000000099999999963 0.12707038037962850585 0.00000000099999999963 0.00000000099999999963 0.00000000099999999963 0.87292961262037138681 0.00000000099999999963 
0.58409043890350986761 0.12955748354630367003 0.00000000099999999986 0.00000000099999999986 0.00000000099999999986 0.00000000099999999986 0.00000000099999999986 0.00000000099999999986 0.28635207155018671532 
0.00620774366376828333 0.00000000099999999990 0.07493504199270524524 0.00000000099999999990 0.47529866638154816272 0.28146674605903621025 0.00000000099999999990 0.16209179790294198087 0.00000000099999999990 
0.00000000099999999978 0.00000000099999999978 0.00000000099999999978 0.00000000099999999978 0.00000000099999999978 0.00000000099999999978 0.00000000099999999978 0.99999999199999989319 0.00000000099999999978 
0.00000000099999999966 0.33630704415224382808 0.66369294884775620336 0.00000000099999999966 0.00000000099999999966 0.00000000099999999966 0.00000000099999999966 0.00000000099999999966 0.00000000099999999966 
0.00000000099999999965 0.00000000099999999965 0.00000000099999999965 0.05269167365877349546 0.00000000099999999965 0.00000000099999999965 0.00000000099999999965 0.00000000099999999965 0.94730831934122650129 
0.03714361422938843027 0.29483206727185512497 0.30990169878595674735 0.00000000099999999998 0.00000000099999999998 0.00000000099999999998 0.00002549022095067964 0.01690335668492733839 0.34119376980692173174 
0.99999999200000022626 0.00000000099999999959 0.00000000099999999959 0.00000000099999999959 0.00000000099999999959 0.00000000099999999959 0.00000000099999999959 0.00000000099999999959 0.00000000099999999959 
0.00000000099999999989 0.54810509699317311316 0.00000000099999999989 0.00000000099999999989 0.30913430208107911534 0.07453753844327577760 0.06822305748247203816 0.00000000099999999989 0.00000000099999999989 
0.00000000099999999987 0.35720362485758871962 0.00000000099999999987 0.00000000099999999987 0.42525442141327518542 0.00000000099999999987 0.05948590864368810682 0.00000000099999999987 0.15805604008544790751 
0.00000000099999999920 0.00000000099999999920 0.00000000099999999920 0.99999999200000011523 0.00000000099999999920 0.00000000099999999920 0.00000000099999999920 0.00000000099999999920 0.00000000099999999920 
0.27328084828329846090 0.00000000099999999971 0.00000000099999999971 0.00000000099999999971 0.72671914471670151503 0.00000000099999999971 0.00000000099999999971 0.00000000099999999971 0.00000000099999999971 
0.00000000099999999975 0.00000000099999999975 0.00000000099999999975 0.29219212929410798285 0.00000000099999999975 0.00000000099999999975 0.00000000099999999975 0.42718570902868097106 0.28062215567721093823 
0.45427698232373037168 0.00000000099999999967 0.00000000099999999967 0.00000000099999999967 0.54572301067626960425 0.00000000099999999967 0.00000000099999999967 0.00000000099999999967 0.00000000099999999967 
0.00000000099999999927 0.00000000099999999927 0.00000000099999999927 0.99999999200000011523 0.00000000099999999927 0.00000000099999999927 0.00000000099999999927 0.00000000099999999927 0.00000000099999999927 
0.00000000099999999926 0.00000000099999999926 0.00000000099999999926 0.99999999200000011523 0.00000000099999999926 0.00000000099999999926 0.00000000099999999926 0.00000000099999999926 0.00000000099999999926 
0.00000000099999999966 0.00000000099999999966 0.00000000099999999966 0.59182357084037251482 0.40817642215962757213 0.00000000099999999966 0.00000000099999999966 0.00000000099999999966 0.00000000099999999966 
0.00000000099999999974 0.00000000099999999974 0.00000000099999999974 0.00000000099999999974 0.00000000099999999974 0.67273097066322629090 0.32726902233677379606 0.00000000099999999974 0.00000000099999999974 
0.00000000099999999976 0.00000000099999999976 0.00000000099999999976 0.00000000099999999976 0.00000000099999999976 0.00000000099999999976 0.99999999199999989319 0.00000000099999999976 0.00000000099999999976 
0.28460875141575092684 0.13840001259867559802 0.00000000099999999978 0.00000000099999999978 0.57699122998557350606 0.00000000099999999978 0.00000000099999999978 0.00000000099999999978 0.00000000099999999978 
0.00000000099999999964 0.11443333303955931235 0.00000000099999999964 0.88556665996044070521 0.00000000099999999964 0.00000000099999999964 0.00000000099999999964 0.00000000099999999964 0.00000000099999999964 
0.00000000099999999982 0.52972596687429829299 0.00000000099999999982 0.06014521248661373193 0.00000000099999999982 0.00000000099999999982 0.00000000099999999982 0.00000000099999999982 0.41012881463908817947 
0.00000000099999999959 0.00000000099999999959 0.71527214694296958886 0.00000000099999999959 0.00000000099999999959 0.28472784605703055361 0.00000000099999999959 0.00000000099999999959 0.00000000099999999959 
0.26734254338666463280 0.00000000099999999971 0.00000000099999999971 0.51266711262292419260 0.21999033799041103898 0.00000000099999999971 0.00000000099999999971 0.00000000099999999971 0.00000000099999999971 
0.00000000099999999972 0.00000000099999999972 0.00000000099999999972 0.04579721703801668126 0.00000000099999999972 0.00000000099999999972 0.00000000099999999972 0.35989325628935897594 0.59430952067262421412 
0.00000000099999999962 0.00000000099999999962 0.00000000099999999962 0.67861078335794255967 0.00000000099999999962 0.00000000099999999962 0.00000000099999999962 0.32138920964205736075 0.00000000099999999962 
0.00000000099999999942 0.00000000099999999942 0.77374930184039913961 0.22625069115960083632 0.00000000099999999942 0.00000000099999999942 0.00000000099999999942 0.00000000099999999942 0.00000000099999999942 
0.00000000099999999906 0.00000000099999999906 0.00000000099999999906 0.99999999200000011523 0.00000000099999999906 0.00000000099999999906 0.00000000099999999906 0.00000000099999999906 0.00000000099999999906 
0.00000005598045043478 0.00000000099999999968 0.00000000099999999968 0.03966982255741339364 0.96033011546213620235 0.00000000099999999968 0.00000000099999999968 0.00000000099999999968 0.00000000099999999968 
0.00000000099999999950 0.00000000099999999950 0.99999999200000011523 0.00000000099999999950 0.00000000099999999950 0.00000000099999999950 0.00000000099999999950 0.00000000099999999950 0.00000000099999999950 
0.00000000099999999899 0.00000000099999999899 0.00000000099999999899 0.99999999199999989319 0.00000000099999999899 0.00000000099999999899 0.00000000099999999899 0.00000000099999999899 0.00000000099999999899 
0.74861311576857025862 0.00000000099999999984 0.00000000099999999984 0.19789837261912079924 0.00000000099999999984 0.05348850561230902856 0.00000000099999999984 0.00000000099999999984 0.00000000099999999984 
0.00000000099999999957 0.00000000099999999957 0.00000000099999999957 0.00000000099999999957 0.00000000099999999957 0.00000000099999999957 0.99999999199999989319 0.00000000099999999957 0.00000000099999999957 
0.00000000099999999977 0.00000000099999999977 0.00000000099999999977 0.37948157808994714690 0.24508954252002057572 0.00000000099999999977 0.00000000099999999977 0.00000000099999999977 0.37542887339003233604 
0.00000000099999999982 0.16000699570514478887 0.00000000099999999982 0.00000000099999999982 0.00000000099999999982 0.00000000099999999982 0.83999299729485521482 0.00000000099999999982 0.00000000099999999982 
0.00000000099999999948 0.00000000099999999948 0.00000000099999999948 0.99999999200000000421 0.00000000099999999948 0.00000000099999999948 0.00000000099999999948 0.00000000099999999948 0.00000000099999999948 
0.75112868640368490869 0.00000000099999999967 0.00000000099999999967 0.00000000099999999967 0.24887130659631517826 0.00000000099999999967 0.00000000099999999967 0.00000000099999999967 0.00000000099999999967 
0.11199388155708681070 0.00000000099999999973 0.00000000099999999973 0.22936478075752544936 0.65864133168538785412 0.00000000099999999973 0.00000000099999999973 0.00000000099999999973 0.00000000099999999973 
0.00000000099999999973 0.38550022737491884683 0.00000000099999999973 0.00000000099999999973 0.61449976562508101807 0.00000000099999999973 0.00000000099999999973 0.00000000099999999973 0.00000000099999999973 
0.00000000099999999968 0.00000000099999999968 0.00000000099999999968 0.00000000099999999968 0.00000000099999999968 0.00000000099999999968 0.00000000099999999968 0.00000000099999999968 0.99999999200000000421 
0.00000000099999999970 0.00000000099999999970 0.00000000099999999970 0.08649946341911604608 0.91350052958088401311 0.00000000099999999970 0.00000000099999999970 0.00000000099999999970 0.00000000099999999970 
0.00000000099999999948 0.00000000099999999948 0.00000000099999999948 0.00000000099999999948 0.00000000099999999948 0.99999999200000011523 0.00000000099999999948 0.00000000099999999948 0.00000000099999999948 
