0.00000000099999999959 0.76836301008593421713 0.00000000099999999959 0.00000000099999999959 0.00000000099999999959 0.00000000099999999959 0.00000000099999999959 0.23163698391406598032 
0.00000000099999999958 0.00000000099999999958 0.00000000099999999958 0.00000000099999999958 0.00000000099999999958 0.00000000099999999958 0.99999999299999986491 0.00000000099999999958 
0.30103014578467274243 0.00000000099999999991 0.00000000099999999991 0.00000000099999999991 0.40429094654464198255 0.00000000099999999991 0.00000000099999999991 0.29467890267068524990 
0.34749387029765682611 0.00000000099999999987 0.00000000099999999987 0.65250612370234317705 0.00000000099999999987 0.00000000099999999987 0.00000000099999999987 0.00000000099999999987 
0.00000000099999999982 0.00000000099999999982 0.00000000099999999982 0.28317075058365520634 0.00000000099999999982 0.54871452830310474269 0.16811471611323999809 0.00000000099999999982 
0.00000000099999999988 0.00000000099999999988 0.00000000099999999988 0.19626630121689528363 0.00000000099999999988 0.35864890902225571301 0.00000000099999999988 0.44508478476084917252 
0.00000000099999999983 0.08626975945038213578 0.00000000099999999983 0.24825953866451441754 0.18349527415985078527 0.00000000099999999983 0.00000000099999999983 0.48197542372525259413 
0.00000000099999999971 0.00000000099999999971 0.00000000099999999971 0.00000000099999999971 0.00000000099999999971 0.22852791833624885864 0.00000000099999999971 0.77147207566375108900 
0.05190902996468784586 0.94809096403531223363 0.00000000099999999975 0.00000000099999999975 0.00000000099999999975 0.00000000099999999975 0.00000000099999999975 0.00000000099999999975 
0.00000000099999999919 0.99999999300000008695 0.00000000099999999919 0.00000000099999999919 0.00000000099999999919 0.00000000099999999919 0.00000000099999999919 0.00000000099999999919 
0.00000000099999999973 0.00000000099999999973 0.74744081646441828948 0.00000000099999999973 0.25255917753558165817 0.00000000099999999973 0.00000000099999999973 0.00000000099999999973 
0.00000000099999999975 0.58522138665463330209 0.00000000099999999975 0.00000000099999999975 0.00000000099999999975 0.00000000099999999975 0.07753825780206370644 0.33724035054330309125 
0.00000000099999999991 0.11315533975117100796 0.18706799928428149982 0.37807070839706757859 0.00000001513886212824 0.00000000099999999991 0.32170593442861761257 0.00000000099999999991 
0.00000000099999999954 0.26527585164158218323 0.73472414235841776442 0.00000000099999999954 0.00000000099999999954 0.00000000099999999954 0.00000000099999999954 0.00000000099999999954 
0.00000000099999999919 0.99999999300000019797 0.00000000099999999919 0.00000000099999999919 0.00000000099999999919 0.00000000099999999919 0.00000000099999999919 0.00000000099999999919 
0.00000000099999999979 0.00000000099999999979 0.00000000099999999979 0.00000000099999999979 0.00000000099999999979 0.00000000099999999979 0.00000000099999999979 0.99999999300000008695 
0.43592437372123588046 0.00000000099999999987 0.18691601428597245937 0.00000000099999999987 0.00000000099999999987 0.25308994075879770458 0.12406966723399397157 0.00000000099999999987 
0.00000000099999999981 0.00000000099999999981 0.38113884658685998064 0.00000000099999999981 0.61886114741314002252 0.00000000099999999981 0.00000000099999999981 0.00000000099999999981 
0.00000000099999999984 0.22148935326402013901 0.00000000099999999984 0.54996906593290328935 0.00000000099999999984 0.18578751161547280013 0.00000000099999999984 0.04275406518760378749 
0.00000000099999999993 0.00000000099999999993 0.72995093512600617291 0.00000000099999999993 0.00000000099999999993 0.27004905887399383024 0.00000000099999999993 0.00000000099999999993 
0.00000000099999999973 0.94518022154823011505 0.00000000099999999973 0.00000000099999999973 0.00000000099999999973 0.00000000099999999973 0.05481977245176991587 0.00000000099999999973 
0.00000000099999999964 0.81091391388207090252 0.00000000099999999964 0.00000000099999999964 0.18908608011792910064 0.00000000099999999964 0.00000000099999999964 0.00000000099999999964 
0.19489821800211348801 0.27524370991849972379 0.00000000099999999990 0.00000000099999999990 0.08881721145980109311 0.44104085661958558617 0.00000000099999999990 0.00000000099999999990 
0.00000000099999999944 0.99999999300000019797 0.00000000099999999944 0.00000000099999999944 0.00000000099999999944 0.00000000099999999944 0.00000000099999999944 0.00000000099999999944 
0.00000000099999999987 0.70721270244766676338 0.00000000099999999987 0.00000000099999999987 0.00000012718402908724 0.00000000099999999987 0.29278716536830429185 0.00000000099999999987 
0.00000000099999999966 0.00000000099999999966 0.00000000099999999966 0.00000000099999999966 0.00000000099999999966 0.99999999299999997593 0.00000000099999999966 0.00000000099999999966 
0.00000000099999999930 0.99999999300000019797 0.00000000099999999930 0.00000000099999999930 0.00000000099999999930 0.00000000099999999930 0.00000000099999999930 0.00000000099999999930 
0.00000000099999999987 0.00000000099999999987 0.51548191550621946799 0.00000000099999999987 0.00000000099999999987 0.17972133100154530361 0.00000000099999999987 0.30479674849223536981 
0.00000000099999999930 0.99999999300000019797 0.00000000099999999930 0.00000000099999999930 0.00000000099999999930 0.00000000099999999930 0.00000000099999999930 0.00000000099999999930 
0.39965715423056102917 0.00000000099999999989 0.00000000099999999989 0.36644934185635036350 0.00000000099999999989 0.00000000099999999989 0.23389349891308849894 0.00000000099999999989 
0.00000000099999999935 0.99999999300000019797 0.00000000099999999935 0.00000000099999999935 0.00000000099999999935 0.00000000099999999935 0.00000000099999999935 0.00000000099999999935 
0.00000000099999999975 0.00000000099999999975 0.00000000099999999975 0.00000000099999999975 0.00000000099999999975 0.66529103086505247955 0.00000000099999999975 0.33470896313494763463 
0.00000000099999999964 0.40082283680018943040 0.00000000099999999964 0.00000000099999999964 0.59917715719981057276 0.00000000099999999964 0.00000000099999999964 0.00000000099999999964 
0.00000000099999999986 0.13640350032828224558 0.00000000099999999986 0.00000000099999999986 0.42757720915536828743 0.43601928551634938636 0.00000000099999999986 0.00000000099999999986 
0.00000000099999999969 0.00000000099999999969 0.00000000099999999969 0.00000000099999999969 0.99999999299999997593 0.00000000099999999969 0.00000000099999999969 0.00000000099999999969 
0.00000000099999999989 0.00000000099999999989 0.61104207811738298073 0.32396566524976150303 0.00000000099999999989 0.06499225163285560214 0.00000000099999999989 0.00000000099999999989 
0.32460378705145453981 0.00000000099999999991 0.21626773793221409914 0.00000000099999999991 0.00000000099999999991 0.00000000099999999991 0.17840045841397245141 0.28072801260235902276 
0.00000000099999999988 0.00017197533231474109 0.00000000099999999988 0.00000000099999999988 0.57230026691513946613 0.06513790658559499847 0.36238984716695077370 0.00000000099999999988 
0.00000000099999999966 0.00000000099999999966 0.00000000099999999966 0.00000000099999999966 0.00000000099999999966 0.00000000099999999966 0.00000000099999999966 0.99999999299999997593 
0.00000000099999999974 0.13007084501975055280 0.00000000099999999974 0.86992914898024953363 0.00000000099999999974 0.00000000099999999974 0.00000000099999999974 0.00000000099999999974 
0.00000000099999999999 0.00000000099999999999 0.05997397403661824944 0.35037347820791309161 0.14000217987236543427 0.06695174057752559249 0.04563101574055912490 0.33706760956501841120 
0.18854202173359432826 0.07194100516979792803 0.73951696809660782961 0.00000000099999999972 0.00000000099999999972 0.00000000099999999972 0.00000000099999999972 0.00000000099999999972 
0.27465975674050352451 0.00000000099999999981 0.00000000099999999981 0.00000000099999999981 0.00000000099999999981 0.72534023725949647865 0.00000000099999999981 0.00000000099999999981 
0.38773765807496635150 0.00000000099999999991 0.08137518079348177169 0.17574930733023982898 0.00000000099999999991 0.29052948513617987691 0.06460836566513208923 0.00000000099999999991 
0.00000000099999999934 0.99999999300000008695 0.00000000099999999934 0.00000000099999999934 0.00000000099999999934 0.00000000099999999934 0.00000000099999999934 0.00000000099999999934 
0.72812907589769870764 0.00000000099999999977 0.10996306257729837608 0.00000000099999999977 0.16190785652500289116 0.00000000099999999977 0.00000000099999999977 0.00000000099999999977 
0.00000000099999999967 0.07493399305728597193 0.00000000099999999967 0.00000000099999999967 0.92506600094271407286 0.00000000099999999967 0.00000000099999999967 0.00000000099999999967 
0.52740315288076511369 0.00000000099999999977 0.47259684111923483396 0.00000000099999999977 0.00000000099999999977 0.00000000099999999977 0.00000000099999999977 0.00000000099999999977 
0.00000000099999999937 0.99999999300000019797 0.00000000099999999937 0.00000000099999999937 0.00000000099999999937 0.00000000099999999937 0.00000000099999999937 0.00000000099999999937 
0.00000000099999999935 0.99999999300000019797 0.00000000099999999935 0.00000000099999999935 0.00000000099999999935 0.00000000099999999935 0.00000000099999999935 0.00000000099999999935 
0.40240704957172657164 0.59759294442827348703 0.00000000099999999973 0.00000000099999999973 0.00000000099999999973 0.00000000099999999973 0.00000000099999999973 0.00000000099999999973 
0.00000000099999999977 0.00000000099999999977 0.00000000099999999977 0.00000000099999999977 0.00000000099999999977 0.00000000099999999977 0.38729338055169654220 0.61270661344830346096 
0.00000000099999999973 0.00000000099999999973 0.00000000099999999973 0.00000000099999999973 0.00000000099999999973 0.00000000099999999973 0.99999999299999986491 0.00000000099999999973 
0.63214131623362290746 0.00000000099999999984 0.36785867776637726223 0.00000000099999999984 0.00000000099999999984 0.00000000099999999984 0.00000000099999999984 0.00000000099999999984 
0.00000000099999999973 0.89782325499460502449 0.00000000099999999973 0.00000000099999999973 0.00000000099999999973 0.10217673900539520071 0.00000000099999999973 0.00000000099999999973 
0.00000000099999999988 0.08501142156872508460 0.00000000099999999988 0.51954032369016511783 0.00000000099999999988 0.39544824974110975857 0.00000000099999999988 0.00000000099999999988 
0.00000000099999999963 0.00000000099999999963 0.00000000099999999963 0.00000000099999999963 0.00000000099999999963 0.00000000099999999963 0.00000000099999999963 0.99999999300000008695 
0.21047041874829117147 0.42119696784328614081 0.08153430627689284282 0.00000000099999999973 0.28679830313152993027 0.00000000099999999973 0.00000000099999999973 0.00000000099999999973 
0.00000000099999999975 0.00000000099999999975 0.00000000099999999975 0.45627020623141761879 0.54372978776858227334 0.00000000099999999975 0.00000000099999999975 0.00000000099999999975 
0.00000000099999999966 0.61119909247698023247 0.00000000099999999966 0.00000000099999999966 0.38880090152301982620 0.00000000099999999966 0.00000000099999999966 0.00000000099999999966 
0.00000000099999999955 0.37277142945273605834 0.00000000099999999955 0.00000000099999999955 0.00000000099999999955 0.00000000099999999955 0.00000000099999999955 0.62722856454726383379 
0.00000000099999999919 0.99999999300000019797 0.00000000099999999919 0.00000000099999999919 0.00000000099999999919 0.00000000099999999919 0.00000000099999999919 0.00000000099999999919 
0.93605040386544446918 0.06394959013455571439 0.00000000099999999975 0.00000000099999999975 0.00000000099999999975 0.00000000099999999975 0.00000000099999999975 0.00000000099999999975 
0.00000000099999999967 0.14066379599118716826 0.00000000099999999967 0.00000000099999999967 0.00000000099999999967 0.00000000099999999967 0.00000000099999999967 0.85933619800881289041 
0.00000000099999999911 0.99999999300000019797 0.00000000099999999911 0.00000000099999999911 0.00000000099999999911 0.00000000099999999911 0.00000000099999999911 0.00000000099999999911 
0.00000000099999999982 0.23513349155101925803 0.76486650244898091167 0.00000000099999999982 0.00000000099999999982 0.00000000099999999982 0.00000000099999999982 0.00000000099999999982 
0.00000000099999999973 0.00000000099999999973 0.00000000099999999973 0.41138381785279348746 0.00000000099999999973 0.00000000099999999973 0.58861617614720640468 0.00000000099999999973 
0.23750264730326575702 0.32742648026850995624 0.00000000099999999983 0.27476154054502133217 0.16030932788320292892 0.00000000099999999983 0.00000000099999999983 0.00000000099999999983 
0.24605854540495367133 0.00000000099999999986 0.00000000099999999986 0.00000000099999999986 0.00000000099999999986 0.00000000099999999986 0.71618469565670672683 0.03775675393833959753 
0.00000000099999999956 0.99999999300000019797 0.00000000099999999956 0.00000000099999999956 0.00000000099999999956 0.00000000099999999956 0.00000000099999999956 0.00000000099999999956 
0.29339176103828379372 0.00000000099999999974 0.70660823296171626495 0.00000000099999999974 0.00000000099999999974 0.00000000099999999974 0.00000000099999999974 0.00000000099999999974 
0.72076293007918379452 0.27923706392081631966 0.00000000099999999976 0.00000000099999999976 0.00000000099999999976 0.00000000099999999976 0.00000000099999999976 0.00000000099999999976 
0.60237268824840539683 0.00000000099999999976 0.00000000099999999976 0.00000000099999999976 0.00000000099999999976 0.39762730575159471735 0.00000000099999999976 0.00000000099999999976 
0.00000000099999999977 0.00000000099999999977 0.00000000099999999977 0.99999999300000008695 0.00000000099999999977 0.00000000099999999977 0.00000000099999999977 0.00000000099999999977 
0.91337758143981129244 0.08662241256018884950 0.00000000099999999975 0.00000000099999999975 0.00000000099999999975 0.00000000099999999975 0.00000000099999999975 0.00000000099999999975 
0.00000000099999999969 0.00000000099999999969 0.00000000099999999969 0.00000000099999999969 0.00000000099999999969 0.00000000099999999969 0.23641836649861375230 0.76358162750138625086 
