0.00000000099999999970 0.52118538567040495479 0.00000000099999999970 0.00000000099999999970 0.24482222148084276103 0.00000000099999999970 0.23399238884875239730 
0.00000000099999999969 0.00000000099999999969 0.00000000099999999969 0.99999999399999994765 0.00000000099999999969 0.00000000099999999969 0.00000000099999999969 
0.20148577036034331922 0.00000000099999999996 0.00000000099999999996 0.03987892279441563465 0.18091324139642919744 0.30936686366933230374 0.26835519977947958070 
0.61588091974120007244 0.00000000294436432863 0.00000000099999999996 0.24480191493624439691 0.13931715937819144635 0.00000000099999999996 0.00000000099999999996 
0.23483523881075493711 0.00000000099999999991 0.50924432894995175225 0.25592042823929317397 0.00000000099999999991 0.00000000099999999991 0.00000000099999999991 
0.09905585280829455608 0.00000000352910063246 0.42653262063353947209 0.00000000099999999995 0.00000000099999999995 0.00000000099999999995 0.47441152002906533669 
0.26710401757203788842 0.00000000099999999986 0.00000000099999999986 0.00000000099999999986 0.25422494473065626597 0.00000000099999999986 0.47867103369730562568 
0.00000000099999999977 0.00000000099999999977 0.23194737650906510629 0.00000000099999999977 0.00000000099999999977 0.00000000099999999977 0.76805261849093497961 
0.00000000099999999978 0.15810938312954303520 0.00000000099999999978 0.00000224084312530560 0.84188837202733179943 0.00000000099999999978 0.00000000099999999978 
0.00000000099999999933 0.88856824503931608472 0.00000000099999999933 0.00000000099999999933 0.11143174996068407057 0.00000000099999999933 0.00000000099999999933 
0.00000000099999999985 0.00000000099999999985 0.00000000099999999985 0.00000000099999999985 0.22299780489975676301 0.77700219010024307309 0.00000000099999999985 
0.00000000099999999980 0.60315340240391956961 0.00000000099999999980 0.06667556109471059478 0.00000000099999999980 0.00000000099999999980 0.33017103250136986548 
0.35674911177798535045 0.18937868059417586886 0.00000000099999999994 0.29788208890203010659 0.04886059243452608308 0.10712952429128276555 0.00000000099999999994 
0.00000000099999999967 0.37273366395999646405 0.00000000099999999967 0.00000000099999999967 0.00075415435364168326 0.62651217768636169314 0.00000000099999999967 
0.00000000099999999934 0.30828620607525653030 0.00000000099999999934 0.00000000099999999934 0.69171378892474344457 0.00000000099999999934 0.00000000099999999934 
0.00000000099999999984 0.00000000099999999984 0.00000000099999999984 0.00000000099999999984 0.00000000099999999984 0.00000000099999999984 0.99999999399999994765 
0.00000000099999999988 0.00000000099999999988 0.25833344406104041813 0.14580716094949133788 0.00000000099999999988 0.59585939098946816284 0.00000000099999999988 
0.00000000099999999986 0.00000000099999999986 0.00000000099999999986 0.11191321906173030964 0.57563668648337851241 0.31245009045489119393 0.00000000099999999986 
0.45214320133584717798 0.38271198462151445607 0.04805233452438364972 0.00000000099999999991 0.00000000099999999991 0.00000000099999999991 0.11709247651825478720 
0.00000000099999999996 0.00000000099999999996 0.31235762097468311449 0.02556664121982054477 0.00000000099999999996 0.66207573380549633590 0.00000000099999999996 
0.00000000099999999967 0.99999999400000005867 0.00000000099999999967 0.00000000099999999967 0.00000000099999999967 0.00000000099999999967 0.00000000099999999967 
0.00000000099999999970 0.00000000099999999970 0.00000000099999999970 0.00000000099999999970 0.99999999399999994765 0.00000000099999999970 0.00000000099999999970 
0.25483420222220676266 0.36727320364642268569 0.37789259013137072030 0.00000000099999999992 0.00000000099999999992 0.00000000099999999992 0.00000000099999999992 
0.00000000099999999954 0.81449754460738610362 0.00000000099999999954 0.00000000099999999954 0.18550245039261389901 0.00000000099999999954 0.00000000099999999954 
0.00000000099999999986 0.40044369062254403513 0.26725470478381246897 0.00000000099999999986 0.33230160059364344249 0.00000000099999999986 0.00000000099999999986 
0.00000000099999999978 0.01477241047200844246 0.98522758452799163997 0.00000000099999999978 0.00000000099999999978 0.00000000099999999978 0.00000000099999999978 
0.00000000099999999936 0.00000000099999999936 0.00000000099999999936 0.00000000099999999936 0.99999999400000005867 0.00000000099999999936 0.00000000099999999936 
0.00000000099999999995 0.01041421587701350966 0.24873182919346520370 0.00000000099999999995 0.00000000099999999995 0.40084144636485452562 0.34001250556466666719 
0.00000000099999999932 0.99999999400000016969 0.00000000099999999932 0.00000000099999999932 0.00000000099999999932 0.00000000099999999932 0.00000000099999999932 
0.32038211729175153364 0.07037025919733240487 0.00000000099999999997 0.38908315024657236236 0.00000000099999999997 0.22016447026434363132 0.00000000099999999997 
0.00000000099999999938 0.99999999400000005867 0.00000000099999999938 0.00000000099999999938 0.00000000099999999938 0.00000000099999999938 0.00000000099999999938 
0.00000000099999999979 0.00000000099999999979 0.61324523898708238612 0.00000000099999999979 0.00000000099999999979 0.00000000099999999979 0.38675475601291764427 
0.19345379326471257020 0.00000000099999999984 0.00000000099999999984 0.00000000099999999984 0.80654620173528746019 0.00000000099999999984 0.00000000099999999984 
0.04869009790660892151 0.05945544003576527098 0.53134517024632799131 0.00000000099999999992 0.36050928881129779002 0.00000000099999999992 0.00000000099999999992 
0.32822415553258721399 0.00000000099999999990 0.15413880783668235108 0.00000000099999999990 0.51763703263073046479 0.00000000099999999990 0.00000000099999999990 
0.23676199516554008451 0.10918370933111848364 0.12104415306803732733 0.00000000099999999994 0.00000000099999999994 0.53301013943530406447 0.00000000099999999994 
0.00000000099999999990 0.00000000099999999990 0.00000000099999999990 0.22606143824266622389 0.00000000099999999990 0.49217595089359095217 0.28176260686374288156 
0.00000000099999999992 0.00000000099999999992 0.38754712731800883274 0.21138106362660399884 0.40107180505538725379 0.00000000099999999992 0.00000000099999999992 
0.00000000099999999970 0.00000000099999999970 0.00000000099999999970 0.00000000099999999970 0.00000000099999999970 0.00000000099999999970 0.99999999400000005867 
0.67506590404518773685 0.32493409095481234905 0.00000000099999999983 0.00000000099999999983 0.00000000099999999983 0.00000000099999999983 0.00000000099999999983 
0.33006394522677656722 0.15281394524471866858 0.10935900268061479745 0.08055493349643924605 0.00000000099999999999 0.01058491396063487508 0.31662325839081600920 
0.00000000099999999973 0.00000000099999999973 0.00000000099999999973 0.00000000099999999973 0.15878140954368688553 0.84121858545631311710 0.00000000099999999973 
0.00000000099999999986 0.00000000099999999986 0.80463222799774736238 0.00000000099999999986 0.00000000099999999986 0.19536776700225250147 0.00000000099999999986 
0.13715807497156906614 0.00000000099999999992 0.26221197525122963423 0.15644015295321747616 0.00000000099999999992 0.44418979382398382505 0.00000000099999999992 
0.00000000099999999935 0.00000000099999999935 0.00000000099999999935 0.00000000099999999935 0.99999999399999994765 0.00000000099999999935 0.00000000099999999935 
0.00000000099999999979 0.00000000099999999979 0.00000000099999999979 0.00000000099999999979 0.00000000099999999979 0.99999999399999994765 0.00000000099999999979 
0.42111991294307865585 0.00000000185043852319 0.00000000099999999984 0.00000000099999999984 0.57888008120648293264 0.00000000099999999984 0.00000000099999999984 
0.00000000099999999976 0.00000000099999999976 0.00000000099999999976 0.00000000099999999976 0.00000000099999999976 0.99999999399999994765 0.00000000099999999976 
0.00000000099999999947 0.00138866823658512391 0.00000000099999999947 0.00000000099999999947 0.99861132676341479719 0.00000000099999999947 0.00000000099999999947 
0.00000000099999999942 0.00874279760703576547 0.00000000099999999942 0.00000000099999999942 0.99125719739296436206 0.00000000099999999942 0.00000000099999999942 
0.00000000099999999987 0.06555198089589049648 0.00000000099999999987 0.00000000099999999987 0.54699145176345753683 0.38745656334065187165 0.00000000099999999987 
0.00000000099999999979 0.00000000099999999979 0.00000000099999999979 0.45737381898758422416 0.00000000099999999979 0.00000000099999999979 0.54262617601241569520 
0.00000000099999999978 0.00000000099999999978 0.00000000099999999978 0.99999999399999994765 0.00000000099999999978 0.00000000099999999978 0.00000000099999999978 
0.00000000099999999985 0.00000000099999999985 0.00000000099999999985 0.00000000099999999985 0.00000000099999999985 0.99999999399999994765 0.00000000099999999985 
0.00000000099999999967 0.99999999400000016969 0.00000000099999999967 0.00000000099999999967 0.00000000099999999967 0.00000000099999999967 0.00000000099999999967 
0.32857850599344062825 0.04789946003827944693 0.35196091875405932647 0.13783040071007815475 0.13373071250414236832 0.00000000099999999994 0.00000000099999999994 
0.00000000099999999967 0.00000000099999999967 0.00000000099999999967 0.00000000099999999967 0.00000000099999999967 0.00000000099999999967 0.99999999399999994765 
0.00000000099999999975 0.00000000099999999975 0.00000000099999999975 0.00000000099999999975 0.62099557445799535849 0.37900442054200450537 0.00000000099999999975 
0.59680277678803961283 0.00000000099999999977 0.00000000099999999977 0.00000000099999999977 0.40319721821196047307 0.00000000099999999977 0.00000000099999999977 
0.18504296405573159023 0.81495703094426841240 0.00000000099999999977 0.00000000099999999977 0.00000000099999999977 0.00000000099999999977 0.00000000099999999977 
0.00000000099999999963 0.37719908601062857034 0.00000000099999999963 0.00000000099999999963 0.00000000099999999963 0.00000000099999999963 0.62280090898937134902 
0.00000000099999999928 0.99999999400000005867 0.00000000099999999928 0.00000000099999999928 0.00000000099999999928 0.00000000099999999928 0.00000000099999999928 
0.00000000099999999986 0.00000000099999999986 0.00000000099999999986 0.00000000099999999986 0.00000000099999999986 0.99999999399999994765 0.00000000099999999986 
0.00000000099999999975 0.01942571336580981370 0.00000000099999999975 0.00000000099999999975 0.10792507957521674244 0.00000000099999999975 0.87264920305897342168 
0.00000000099999999931 0.59506633699853750397 0.00000000099999999931 0.00000000099999999931 0.40493365800146269295 0.00000000099999999931 0.00000000099999999931 
0.00000000099999999998 0.00375194625104961202 0.00000000099999999998 0.11753611885725823161 0.36085324288907910661 0.48867949833149287864 0.02917919167112020817 
0.34143027388922475573 0.00000000099999999980 0.00000000099999999980 0.65856972111077505261 0.00000000099999999980 0.00000000099999999980 0.00000000099999999980 
0.37043787063408994964 0.00000000099999999991 0.00000000099999999991 0.00000000099999999991 0.55018114262770922984 0.07938098273820066997 0.00000000099999999991 
0.00000000099999999988 0.00000000099999999988 0.00000000099999999988 0.99999999399999994765 0.00000000099999999988 0.00000000099999999988 0.00000000099999999988 
0.00000000099999999952 0.99999999400000016969 0.00000000099999999952 0.00000000099999999952 0.00000000099999999952 0.00000000099999999952 0.00000000099999999952 
0.00000000099999999977 0.00000000099999999977 0.00000000099999999977 0.00000000099999999977 0.00000000099999999977 0.99999999400000005867 0.00000000099999999977 
0.00000000099999999984 0.16638677928824158192 0.00000000099999999984 0.00000000099999999984 0.00000000521453354248 0.83361321149722478197 0.00000000099999999984 
0.00000000099999999982 0.00000000099999999982 0.41178848872589185470 0.00000000099999999982 0.00000000099999999982 0.58821150627410812017 0.00000000099999999982 
0.72156754036982195810 0.00000170554568905858 0.00000000099999999992 0.14512282799670528366 0.13330792308778355304 0.00000000099999999992 0.00000000099999999992 
0.00000000099999999992 0.01197067312043613788 0.10950806859409102645 0.00000000099999999992 0.00000000099999999992 0.87852125428547289676 0.00000000099999999992 
0.00000000099999999975 0.00000000099999999975 0.00000000099999999975 0.22922093816910060760 0.00000000099999999975 0.00000000099999999975 0.77077905683089942279 
