0.76257101381575997934 0.00000000099999999971 0.00000000099999999971 0.00000000099999999971 0.23742898218423999501 0.00000000099999999971 
0.00000000099999999975 0.00000000099999999975 0.00000000099999999975 0.00000000099999999975 0.00000000099999999975 0.99999999499999991937 
0.09275178200002649753 0.24270156717032523308 0.00000000099999999996 0.34428531732428602208 0.28601941097829947092 0.03424192152706281161 
0.00000000099999999997 0.71455885618604375598 0.09651470965735811647 0.00000000279892928354 0.00000000099999999997 0.18892642935766890133 
0.00000000099999999992 0.20990653827358562999 0.52540418190066029425 0.00000000099999999992 0.00000000099999999992 0.26468927682575404958 
0.00000000099999999994 0.00000000099999999994 0.53054180898493996654 0.00000000099999999994 0.46945818701505986903 0.00000000099999999994 
0.15976431829487888758 0.36127394859062167409 0.00000000099999999986 0.00000000099999999986 0.47896173011449949541 0.00000000099999999986 
0.00000000099999999983 0.00000000099999999983 0.19606128646985893083 0.00000000099999999983 0.80393870953014101577 0.00000000099999999983 
0.99999999500000003039 0.00000000099999999982 0.00000000099999999982 0.00000000099999999982 0.00000000099999999982 0.00000000099999999982 
0.99999999500000014141 0.00000000099999999937 0.00000000099999999937 0.00000000099999999937 0.00000000099999999937 0.00000000099999999937 
0.19193704153169763305 0.00000000099999999987 0.00000000099999999987 0.80806295446830234130 0.00000000099999999987 0.00000000099999999987 
0.58031448302573518383 0.00000000099999999985 0.00000000099999999985 0.00000000099999999985 0.34380755190596207216 0.07587796206830285661 
0.17626602744643241061 0.44932821114610194124 0.00000000099999999995 0.09322745760520104175 0.00000000099999999995 0.28117830180226466297 
0.37650443013635981337 0.00000000099999999968 0.00000000099999999968 0.62349556586364007771 0.00000000099999999968 0.00000000099999999968 
0.99999999500000003039 0.00000000099999999937 0.00000000099999999937 0.00000000099999999937 0.00000000099999999937 0.00000000099999999937 
0.00000000099999999986 0.00000000099999999986 0.00000000099999999986 0.00000000099999999986 0.99999999499999991937 0.00000000099999999986 
0.00000000099999999989 0.00000000099999999989 0.26093344953389607799 0.55251800713956367161 0.00000000099999999989 0.18654854032654033524 
0.48076079293966994532 0.00000000099999999988 0.00000000099999999988 0.35192884967326160117 0.00000000099999999988 0.16731035438706853835 
0.23190102054720668212 0.40923984830610149466 0.23442658494962823057 0.00000000099999999994 0.12443254419706338554 0.00000000099999999994 
0.00000000099999999997 0.00000000099999999997 0.26304232851031994489 0.65755616423827623063 0.00000000099999999997 0.07940150425140381218 
0.94553200019346606009 0.00000000099999999984 0.00000000099999999984 0.00000000099999999984 0.00000000099999999984 0.05446799580653413630 
0.99999999500000003039 0.00000000099999999980 0.00000000099999999980 0.00000000099999999980 0.00000000099999999980 0.00000000099999999980 
0.34734471377272785331 0.00000000099999999990 0.65265528222727198226 0.00000000099999999990 0.00000000099999999990 0.00000000099999999990 
0.99999999500000003039 0.00000000099999999962 0.00000000099999999962 0.00000000099999999962 0.00000000099999999962 0.00000000099999999962 
0.70243422996617177478 0.08900209991982667435 0.06000089302739441272 0.00000000099999999992 0.00000000099999999992 0.14856277508660725717 
0.00000000099999999979 0.00000000099999999979 0.99999999500000003039 0.00000000099999999979 0.00000000099999999979 0.00000000099999999979 
0.99999999500000014141 0.00000000099999999944 0.00000000099999999944 0.00000000099999999944 0.00000000099999999944 0.00000000099999999944 
0.00000000099999999996 0.00000000099999999996 0.24566198856337317924 0.39830572940498354395 0.35603227903164325063 0.00000000099999999996 
0.99999999500000014141 0.00000000099999999952 0.00000000099999999952 0.00000000099999999952 0.00000000099999999952 0.00000000099999999952 
0.00007254201462245797 0.35315963698704011531 0.02314188946620261006 0.25279410054711565214 0.00000000099999999999 0.37083182998501923455 
0.99999999500000014141 0.00000000099999999952 0.00000000099999999952 0.00000000099999999952 0.00000000099999999952 0.00000000099999999952 
0.00000000099999999987 0.00000000099999999987 0.46711323570852475440 0.00000000099999999987 0.36408567522704926578 0.16880108606442600916 
0.66288974258046817756 0.18272816699919669503 0.00000000099999999988 0.15438208742033529552 0.00000000099999999988 0.00000000099999999988 
0.33633167648472611644 0.19011882573986202405 0.47354949477541191660 0.00000000099999999993 0.00000000099999999993 0.00000000099999999993 
0.41802185015236181798 0.33971187661752677567 0.24226627023011149120 0.00000000099999999992 0.00000000099999999992 0.00000000099999999992 
0.02377412432253760144 0.28166815817843399161 0.16236972300887961285 0.53218799249014892006 0.00000000099999999994 0.00000000099999999994 
0.00000000099999999994 0.00000000099999999994 0.00000000099999999994 0.48557759290878088621 0.28198362389931624916 0.23243878019190283846 
0.30375246275764206105 0.15441116509262020617 0.17263929896772839401 0.07219208732980647580 0.00000000099999999995 0.29700498485220289124 
0.00000000099999999976 0.00000000099999999976 0.00000000099999999976 0.00000000099999999976 0.99999999500000003039 0.00000000099999999976 
0.16210718357942235923 0.83789281242057778165 0.00000000099999999982 0.00000000099999999982 0.00000000099999999982 0.00000000099999999982 
0.06170378684955254295 0.35109523166058509425 0.18435958421486201009 0.01255655018283925901 0.33200020156837700691 0.05828464552378394281 
0.15179187309029038011 0.00000000099999999974 0.00000000099999999974 0.84820812290970959424 0.00000000099999999974 0.00000000099999999974 
0.00000000099999999988 0.00000000099999999988 0.83083925609758613184 0.16916073990241373148 0.00000000099999999988 0.00000000099999999988 
0.00000000099999999994 0.13307998421753750029 0.30700955254137329842 0.41317649713512483167 0.00000000099999999994 0.14673396410596445394 
0.99999999500000014141 0.00000000099999999946 0.00000000099999999946 0.00000000099999999946 0.00000000099999999946 0.00000000099999999946 
0.00000000099999999980 0.00000000099999999980 0.00000000099999999980 0.99999999499999991937 0.00000000099999999980 0.00000000099999999980 
0.47907013733255132681 0.52092985866744867529 0.00000000099999999984 0.00000000099999999984 0.00000000099999999984 0.00000000099999999984 
0.00000000099999999978 0.00000000099999999978 0.00000000099999999978 0.99999999499999991937 0.00000000099999999978 0.00000000099999999978 
0.99999999500000014141 0.00000000099999999955 0.00000000099999999955 0.00000000099999999955 0.00000000099999999955 0.00000000099999999955 
0.99999999500000014141 0.00000000099999999948 0.00000000099999999948 0.00000000099999999948 0.00000000099999999948 0.00000000099999999948 
0.58673146444648627273 0.00000000099999999986 0.00000000099999999986 0.41326853155351384039 0.00000000099999999986 0.00000000099999999986 
0.00000000099999999983 0.00000000099999999983 0.00000000099999999983 0.00000000099999999983 0.55040698852910419081 0.44959300747089581130 
0.00000000099999999982 0.00000000099999999982 0.00000000099999999982 0.00000000099999999982 0.00000000099999999982 0.99999999499999991937 
0.00000000099999999989 0.00000000099999999989 0.10882179748760022198 0.89117819851239976625 0.00000000099999999989 0.00000000099999999989 
0.89285031868013908785 0.00000000099999999979 0.10714967731986084487 0.00000000099999999979 0.00000000099999999979 0.00000000099999999979 
0.09330130621463809948 0.39224021044678919479 0.45620405379918305133 0.00000000099999999993 0.00000000099999999993 0.05825442753938980811 
0.00000000099999999972 0.00000000099999999972 0.00000000099999999972 0.00000000099999999972 0.99999999499999991937 0.00000000099999999972 
0.55246523176866013660 0.00000000099999999978 0.00000000099999999978 0.44753476423133997653 0.00000000099999999978 0.00000000099999999978 
0.21546619590037557890 0.78453380009962458974 0.00000000099999999978 0.00000000099999999978 0.00000000099999999978 0.00000000099999999978 
0.77888018221186627876 0.22111981378813372334 0.00000000099999999983 0.00000000099999999983 0.00000000099999999983 0.00000000099999999983 
0.36104481640405899912 0.00000000099999999966 0.00000000099999999966 0.00000000099999999966 0.63895517959594083646 0.00000000099999999966 
0.99999999500000014141 0.00000000099999999937 0.00000000099999999937 0.00000000099999999937 0.00000000099999999937 0.00000000099999999937 
0.00000000099999999989 0.00000000099999999989 0.00000000099999999989 0.99999999500000003039 0.00000000099999999989 0.00000000099999999989 
0.12696106580562907529 0.00000000099999999977 0.00000000099999999977 0.00000000099999999977 0.87303893019437095457 0.00000000099999999977 
0.99999999500000014141 0.00000000099999999933 0.00000000099999999933 0.00000000099999999933 0.00000000099999999933 0.00000000099999999933 
0.34453663753020263849 0.00000000099999999998 0.00000000099999999998 0.50655938461125205041 0.02708520550864823226 0.12181877034989700703 
0.00000000099999999985 0.35213552667901415472 0.00000000099999999985 0.00000000099999999985 0.00000000099999999985 0.64786446932098562534 
0.43086403744599433008 0.39633263221377523777 0.00000000099999999994 0.17280332734023054475 0.00000000099999999994 0.00000000099999999994 
0.00000000099999999990 0.00000000099999999990 0.00000000099999999990 0.00000000099999999990 0.00000000099999999990 0.99999999499999991937 
0.99999999500000014141 0.00000000099999999974 0.00000000099999999974 0.00000000099999999974 0.00000000099999999974 0.00000000099999999974 
0.00000000099999999980 0.00000000099999999980 0.00000000099999999980 0.99999999499999991937 0.00000000099999999980 0.00000000099999999980 
0.16559911684890582517 0.00000000099999999986 0.00000000099999999986 0.83440087915109417693 0.00000000099999999986 0.00000000099999999986 
0.00000000099999999985 0.00000000099999999985 0.43463769194291701492 0.56536230405708298719 0.00000000099999999985 0.00000000099999999985 
0.00000000099999999992 0.99999999456954657973 0.00000000099999999992 0.00000000099999999992 0.00000000099999999992 0.00000000143045363797 
0.00417617450481707741 0.00000000099999999992 0.12452080695947612132 0.87130301553570677076 0.00000000099999999992 0.00000000099999999992 
0.00000000099999999980 0.00000000099999999980 0.00000000099999999980 0.00000000099999999980 0.76221320454582175419 0.23778679145417813690 
