0.00000000099999999965 0.00000000099999999965 0.24977160990578428645 0.00000000099999999965 0.00000000099999999965 0.75022838509421574393 0.00000000099999999965 
0.00000000099999999972 0.00000000099999999972 0.00000000099999999972 0.00000000099999999972 0.99999999400000005867 0.00000000099999999972 0.00000000099999999972 
0.27489772378844429257 0.39090116633430632698 0.33420110587724954909 0.00000000099999999994 0.00000000099999999994 0.00000000099999999994 0.00000000099999999994 
0.00000000099999999994 0.41545360797840741318 0.00000000099999999994 0.46609884307314003449 0.11844754494845249893 0.00000000099999999994 0.00000000099999999994 
0.00000000099999999990 0.00000000099999999990 0.00000000099999999990 0.29906581274557281214 0.27471902844636042484 0.00000000099999999990 0.42621515480806687615 
0.00000000099999999989 0.00000000099999999989 0.42025168505241472516 0.31585086779491233777 0.00000000099999999989 0.00000000099999999989 0.26389744315267293917 
0.00000000099999999987 0.42994081712818471575 0.53483040342743792817 0.00000000099999999987 0.00000000099999999987 0.03522877544437737207 0.00000000099999999987 
0.00000000099999999977 0.00000000099999999977 0.70114255825571014658 0.00000000099999999977 0.00000000099999999977 0.00000000099999999977 0.29885743674428999483 
0.00000000099999999976 0.12566072774004946599 0.00000000099999999976 0.00000000099999999976 0.00000000099999999976 0.87433926725995048113 0.00000000099999999976 
0.00000000099999999926 0.00000000099999999926 0.00000000099999999926 0.00000000099999999926 0.00000000099999999926 0.99999999400000005867 0.00000000099999999926 
0.77614127128566123837 0.09326031621823771545 0.00000000099999999986 0.00000000099999999986 0.00000000099999999986 0.13059840849610099278 0.00000000099999999986 
0.00000000099999999980 0.00000000099999999980 0.36061227002122070440 0.00000000099999999980 0.07375065688785768792 0.56563706909092148489 0.00000000099999999980 
0.00003514428344938126 0.18775590101763145467 0.00000000099999999993 0.41136403051137032660 0.21139477740860609933 0.18945014477894278615 0.00000000099999999993 
0.64225981948874510952 0.00000000099999999964 0.00000000099999999964 0.00000000099999999964 0.00000000099999999964 0.35774017551125492087 0.00000000099999999964 
0.00000000099999999927 0.00000000099999999927 0.00000000099999999927 0.00000000099999999927 0.00000000099999999927 0.99999999400000005867 0.00000000099999999927 
0.00000000099999999984 0.00000000099999999984 0.99999999399999994765 0.00000000099999999984 0.00000000099999999984 0.00000000099999999984 0.00000000099999999984 
0.52313109493153231444 0.00000000099999999988 0.00000000099999999988 0.23077525566724302331 0.15581593369305854480 0.00000000099999999988 0.09027771270816617455 
0.39304526780662774055 0.32451887894564007686 0.00000000099999999985 0.00000000099999999985 0.00000000099999999985 0.28243584924773212919 0.00000000099999999985 
0.00000000099999999984 0.00000000099999999984 0.00000000099999999984 0.65019816755918169449 0.00000000099999999984 0.34980182744081839141 0.00000000099999999984 
0.67081344068968129513 0.00000000099999999995 0.00000000099999999995 0.00000000099999999995 0.00000000099999999995 0.00000000099999999995 0.32918655431031895731 
0.00000000099999999979 0.00000000099999999979 0.00000000099999999979 0.00000000099999999979 0.05441367568826466911 0.94558631931173542373 0.00000000099999999979 
0.00000000099999999970 0.16866326688705854386 0.00000000099999999970 0.00000000099999999970 0.00000000099999999970 0.83133672811294134775 0.00000000099999999970 
0.00000000099999999990 0.00000000099999999990 0.00000000099999999990 0.39538980955023861341 0.00000000099999999990 0.34679549436826956343 0.25781469208149176975 
0.00000000099999999953 0.00000000099999999953 0.00000000099999999953 0.00000000099999999953 0.00000000099999999953 0.99999999400000005867 0.00000000099999999953 
0.00000000099999999992 0.11106713208212957988 0.00000000099999999992 0.05621706915744274780 0.13001847945547509444 0.69448305144190025651 0.00821426586305237620 
0.00000000099999999974 0.00000000099999999974 0.00000000099999999974 0.00000000099999999974 0.00000000099999999974 0.00000000099999999974 0.99999999400000005867 
0.00000000099999999939 0.00000000099999999939 0.00000000099999999939 0.00000000099999999939 0.00000000099999999939 0.99999999400000005867 0.00000000099999999939 
0.32521446983576901557 0.00000000099999999995 0.32630482718608283532 0.22655537484820914562 0.00000000099999999995 0.00000000099999999995 0.12192532512993893568 
0.00000000099999999938 0.00000000099999999938 0.00000000099999999938 0.00000000099999999938 0.00000000099999999938 0.99999999400000005867 0.00000000099999999938 
0.27333714243469198202 0.00000000099999999996 0.00000000099999999996 0.37303515688496347025 0.30996397866198932558 0.04366371901835511965 0.00000000099999999996 
0.00000000099999999942 0.00000000099999999942 0.00000000099999999942 0.00000000099999999942 0.00000000099999999942 0.99999999399999994765 0.00000000099999999942 
0.00000000099999999974 0.00000000099999999974 0.31220279360936042945 0.00000000099999999974 0.00000000099999999974 0.00000000099999999974 0.68779720139063937889 
0.00000000099999999967 0.47263516713974784711 0.00000000099999999967 0.00000000099999999967 0.00000000099999999967 0.52736482786025185021 0.00000000099999999967 
0.00000000099999999986 0.36470762464356093480 0.00000000099999999986 0.00000000099999999986 0.00000000099999999986 0.21600612475393532463 0.41928624660250374268 
0.00000000099999999988 0.45641272652745495941 0.00000000099999999988 0.22862832249900971737 0.00000000099999999988 0.31495894697353515879 0.00000000099999999988 
0.54904292072949845149 0.00000000099999999990 0.00000000099999999990 0.39989780247988598871 0.00000000099999999990 0.05105927279061551333 0.00000000099999999990 
0.48905038722025157005 0.00000000099999999994 0.29922322641637166818 0.00000000099999999994 0.21172638236337676387 0.00000000099999999994 0.00000000099999999994 
0.00000000099999999991 0.26580653386444075270 0.00000000099999999991 0.00000000099999999991 0.29145484609564947798 0.21783490149468032193 0.22490371554522936570 
0.00000000099999999978 0.00000000099999999978 0.81946615896713792537 0.00000000099999999978 0.00000000099999999978 0.00000000099999999978 0.18053383603286221604 
0.00000000099999999982 0.32051862925036661567 0.00000000099999999982 0.52994616383310466645 0.00000000099999999982 0.14953520291652855345 0.00000000099999999982 
0.00000000099999999996 0.00000000099999999996 0.30214449623902345232 0.54700431354132894590 0.00000000099999999996 0.15085118621964752061 0.00000000099999999996 
0.87298631878452614963 0.00000000099999999970 0.00000000099999999970 0.00000000099999999970 0.00000000099999999970 0.12701367621547396403 0.00000000099999999970 
0.12005105574958398196 0.00000000099999999983 0.00000000099999999983 0.00000000099999999983 0.00000000099999999983 0.00000000099999999983 0.87994893925041606231 
0.36457167130692563761 0.00000000099999999989 0.00000000099999999989 0.40629487496434252281 0.00000000099999999989 0.00000000099999999989 0.22913344972873175842 
0.00000000099999999942 0.00000000099999999942 0.00000000099999999942 0.00000000099999999942 0.00000000099999999942 0.99999999399999994765 0.00000000099999999942 
0.99999999400000016969 0.00000000099999999976 0.00000000099999999976 0.00000000099999999976 0.00000000099999999976 0.00000000099999999976 0.00000000099999999976 
0.00000000099999999975 0.69353587951723127958 0.00000000099999999975 0.00000000099999999975 0.00000000099999999975 0.30646411548276869530 0.00000000099999999975 
0.99999999400000005867 0.00000000099999999974 0.00000000099999999974 0.00000000099999999974 0.00000000099999999974 0.00000000099999999974 0.00000000099999999974 
0.00000000099999999944 0.00000000099999999944 0.00000000099999999944 0.00000000099999999944 0.00000000099999999944 0.99999999400000005867 0.00000000099999999944 
0.00000000099999999942 0.00000000099999999942 0.00000000099999999942 0.00000000099999999942 0.00000000099999999942 0.99999999400000005867 0.00000000099999999942 
0.25888008331686773733 0.22053121830468105924 0.00000000099999999982 0.00000000099999999982 0.00000000099999999982 0.52058869437845101125 0.00000000099999999982 
0.00000000099999999983 0.00000000099999999983 0.62978488570595780871 0.00000000099999999983 0.37021510929404227719 0.00000000099999999983 0.00000000099999999983 
0.00000000099999999981 0.00000000099999999981 0.00000000099999999981 0.00000000099999999981 0.99999999400000005867 0.00000000099999999981 0.00000000099999999981 
0.74452141775292846049 0.00000000099999999982 0.00000000099999999982 0.25547857724707156990 0.00000000099999999982 0.00000000099999999982 0.00000000099999999982 
0.00000000099999999985 0.00000000099999999985 0.00000000099999999985 0.00000000099999999985 0.00000000099999999985 0.92667067573226780119 0.07332931926773224307 
0.00000000099999999992 0.13863965022502530711 0.00000000099999999992 0.48356924492323422049 0.00000000099999999992 0.12118016936652717397 0.25661093248521332777 
0.00000000099999999963 0.00000000099999999963 0.99999999399999994765 0.00000000099999999963 0.00000000099999999963 0.00000000099999999963 0.00000000099999999963 
0.29402649797872082438 0.24803066067921594740 0.00000000099999999974 0.00000000099999999974 0.00000000099999999974 0.45794283734206320258 0.00000000099999999974 
0.00000000099999999972 0.97250750308443101311 0.00000000099999999972 0.00000000099999999972 0.00000000099999999972 0.02749249191556911789 0.00000000099999999972 
0.00000000099999999978 0.28472271547169825112 0.00000000099999999978 0.00000000099999999978 0.00000000099999999978 0.71527727952830166824 0.00000000099999999978 
0.00000000099999999958 0.00000000099999999958 0.66075476231254393067 0.00000000099999999958 0.00000000099999999958 0.33924523268745604421 0.00000000099999999958 
0.00000000099999999925 0.00000000099999999925 0.00000000099999999925 0.00000000099999999925 0.00000000099999999925 0.99999999400000005867 0.00000000099999999925 
0.99999999400000016969 0.00000000099999999986 0.00000000099999999986 0.00000000099999999986 0.00000000099999999986 0.00000000099999999986 0.00000000099999999986 
0.00000000099999999973 0.00000000099999999973 0.89346991933303232525 0.00000000099999999973 0.00000000099999999973 0.10653007566696769126 0.00000000099999999973 
0.00000000099999999920 0.00000000099999999920 0.00000000099999999920 0.00000000099999999920 0.00000000099999999920 0.99999999400000005867 0.00000000099999999920 
0.48962622570103775388 0.00000000099999999998 0.04573608155900115574 0.13226530767840347091 0.00000000099999999998 0.33237238206155761411 0.00000000099999999998 
0.00000000099999999975 0.00000000099999999975 0.00000000099999999975 0.00000000099999999975 0.99999999399999994765 0.00000000099999999975 0.00000000099999999975 
0.08530214636967944908 0.38514451946033817498 0.00000000099999999993 0.18872884492337163587 0.00000000099999999993 0.34082448624661071390 0.00000000099999999993 
0.00000000099999999989 0.00000000099999999989 0.00000000099999999989 0.00000000099999999989 0.83382275578532738525 0.00000000099999999989 0.16617723921467272841 
0.00000000099999999961 0.00000000099999999961 0.00000000099999999961 0.00000000099999999961 0.00000000099999999961 0.99999999399999994765 0.00000000099999999961 
0.99999999400000016969 0.00000000099999999976 0.00000000099999999976 0.00000000099999999976 0.00000000099999999976 0.00000000099999999976 0.00000000099999999976 
0.85350473330562015573 0.00000000099999999985 0.00000000099999999985 0.00000000099999999985 0.00000000099999999985 0.14649526169437987466 0.00000000099999999985 
0.54810365720232323561 0.00000000099999999979 0.00000000099999999979 0.00000000099999999979 0.00000000099999999979 0.00000000099999999979 0.45189633779767685029 
0.00000000099999999986 0.37217837201615772136 0.00000000099999999986 0.62782162298384225352 0.00000000099999999986 0.00000000099999999986 0.00000000099999999986 
0.86968136991498434796 0.00000000099999999990 0.00000000099999999990 0.00000000099999999990 0.00000000099999999990 0.00000000099999999990 0.13031862508501568243 
0.00000000099999999973 0.00000000099999999973 0.80084631658570049062 0.00000000099999999973 0.19915367841429948426 0.00000000099999999973 0.00000000099999999973 
