0.28745512324261718318 0.00000000099999999962 0.71254487175738290272 0.00000000099999999962 0.00000000099999999962 0.00000000099999999962 0.00000000099999999962 
0.00000000099999999966 0.00000000099999999966 0.00000000099999999966 0.99999999399999994765 0.00000000099999999966 0.00000000099999999966 0.00000000099999999966 
0.31365897657984814773 0.21723710542489657604 0.02842301836520418415 0.07229846455295155239 0.00000000099999999994 0.00000000099999999994 0.36838243307709944707 
0.00000000099999999992 0.69897041138320559206 0.00000000099999999992 0.20550922093394960455 0.09552036368284474999 0.00000000099999999992 0.00000000099999999992 
0.00000000099999999993 0.23554118336641180487 0.00000000099999999993 0.31228927232330205843 0.32907974348301194389 0.12308979782727415275 0.00000000099999999993 
0.40495672950896793862 0.00000000099999999989 0.00000000099999999989 0.00000000099999999989 0.59504326233267990087 0.00000000415835193303 0.00000000099999999989 
0.56551432362379583374 0.36083718140236720195 0.07364849097383707743 0.00000000099999999979 0.00000000099999999979 0.00000000099999999979 0.00000000099999999979 
0.00000000099999999967 0.00000000099999999967 0.00000000099999999967 0.00000000099999999967 0.00000000099999999967 0.99999999399999994765 0.00000000099999999967 
0.00000000099999999975 0.00000000099999999975 0.99999999400000005867 0.00000000099999999975 0.00000000099999999975 0.00000000099999999975 0.00000000099999999975 
0.00000000099999999922 0.00000000099999999922 0.99999999399999994765 0.00000000099999999922 0.00000000099999999922 0.00000000099999999922 0.00000000099999999922 
0.00000000099999999979 0.00000000099999999979 0.16253974024876263749 0.00000000099999999979 0.08433960241425238202 0.00000000099999999979 0.75312065333698496872 
0.40422519202106937941 0.00000000099999999975 0.51278632164315052222 0.08298848233577994782 0.00000000099999999975 0.00000000099999999975 0.00000000099999999975 
0.00000000099999999994 0.48434546744133971652 0.17980387960297108951 0.24047472617855128463 0.00000000099999999994 0.00000000099999999994 0.09537592377713795255 
0.00000000099999999959 0.00000000099999999959 0.36610644675025044714 0.00000000099999999959 0.00000000099999999959 0.00000000099999999959 0.63389354824974952773 
0.00000000099999999922 0.00000000099999999922 0.99999999399999994765 0.00000000099999999922 0.00000000099999999922 0.00000000099999999922 0.00000000099999999922 
0.30271693038341362936 0.00000000099999999984 0.00000000099999999984 0.00000000099999999984 0.00000000099999999984 0.69728306461658629001 0.00000000099999999984 
0.00000000099999999986 0.00000000099999999986 0.00000000099999999986 0.15836085830586740797 0.30673527109070886087 0.00000000099999999986 0.53490386660342370551 
0.00000000099999999985 0.00000000099999999985 0.47495097767168037439 0.17669843556901856929 0.00000000099999999985 0.00000000099999999985 0.34835058275930103067 
0.13161686642734865549 0.44785826924970217888 0.21142212628715828515 0.00000000099999999991 0.20910273503579085430 0.00000000099999999991 0.00000000099999999991 
0.00000000099999999996 0.00000000099999999996 0.00000000099999999996 0.00000000099999999996 0.00000000099999999996 0.24581784619046465057 0.75418214880953537982 
0.00000000099999999979 0.00000000099999999979 0.94909845371726508922 0.05090154128273494116 0.00000000099999999979 0.00000000099999999979 0.00000000099999999979 
0.00000000099999999973 0.00000000099999999973 0.99999999400000005867 0.00000000099999999973 0.00000000099999999973 0.00000000099999999973 0.00000000099999999973 
0.00000000099999999982 0.00000000099999999982 0.33353843996219162404 0.00000000099999999982 0.66646155503780846185 0.00000000099999999982 0.00000000099999999982 
0.00000000099999999951 0.00000000099999999951 0.99999999399999994765 0.00000000099999999951 0.00000000099999999951 0.00000000099999999951 0.00000000099999999951 
0.00000000099999999983 0.00000000099999999983 0.71727376177922352873 0.00000000099999999983 0.28272623322077644614 0.00000000099999999983 0.00000000099999999983 
0.00000000099999999977 0.00000000099999999977 0.00000000099999999977 0.00000000099999999977 0.99999999399999994765 0.00000000099999999977 0.00000000099999999977 
0.00000000099999999930 0.00000000099999999930 0.99999999400000005867 0.00000000099999999930 0.00000000099999999930 0.00000000099999999930 0.00000000099999999930 
0.31829191324272826380 0.00000000099999999994 0.00000000099999999994 0.00000000099999999994 0.23161139410844786002 0.07754777568830600876 0.37254891396051786900 
0.00000000099999999943 0.00000000099999999943 0.99999999400000005867 0.00000000099999999943 0.00000000099999999943 0.00000000099999999943 0.00000000099999999943 
0.00000000099999999996 0.36996241196884399605 0.00000000099999999996 0.38091676243904948329 0.00000000099999999996 0.00643842776803864314 0.24268239482406789298 
0.00000000099999999939 0.00000000099999999939 0.99999999400000005867 0.00000000099999999939 0.00000000099999999939 0.00000000099999999939 0.00000000099999999939 
0.00000000099999999968 0.00000000099999999968 0.00000000099999999968 0.00000000099999999968 0.00000000099999999968 0.99999999400000005867 0.00000000099999999968 
0.00000000099999999982 0.16676618811138738119 0.66182121987292041876 0.00000000099999999982 0.00000000099999999982 0.00000000099999999982 0.17141258801569222991 
0.00000000099999999984 0.00000000099999999984 0.36859392746299607380 0.00000000099999999984 0.63140606753700390108 0.00000000099999999984 0.00000000099999999984 
0.00000000099999999986 0.27110917039485810109 0.42912169055632992665 0.00000000099999999986 0.29976913504881191885 0.00000000099999999986 0.00000000099999999986 
0.00000000099999999990 0.26701214133365686054 0.01460469704654106596 0.00000000099999999990 0.19278120381193192268 0.00000000099999999990 0.52560195480786997546 
0.19476998054249652914 0.00000000099999999994 0.00000000099999999994 0.12579586493232894351 0.00000000099999999994 0.17606106324092846149 0.50337308828424620621 
0.00000000099999999989 0.00000000099999999989 0.54714666645704890247 0.00000000099999999989 0.00000000099999999989 0.45285332854295101690 0.00000000099999999989 
0.70483301909731110868 0.00000000099999999978 0.00000000099999999978 0.00000000099999999978 0.00000000099999999978 0.29516697590268892171 0.00000000099999999978 
0.00000000099999999977 0.84379025767416304671 0.15620973732583715021 0.00000000099999999977 0.00000000099999999977 0.00000000099999999977 0.00000000099999999977 
0.33578180647347283250 0.32774573559235309350 0.01994499320225287531 0.00003132737349765815 0.29125680025950673180 0.00000000100000000000 0.02523933609891686539 
0.00000000099999999966 0.00000000099999999966 0.14066692154238066848 0.00000000099999999966 0.00000000099999999966 0.00000000099999999966 0.85933307345761933416 
0.00000000099999999990 0.00000000099999999990 0.00000000099999999990 0.10927154809445242811 0.51070249334457051837 0.12863461557623134812 0.25139133998474572085 
0.00000000099999999991 0.11786221688618744863 0.00000000099999999991 0.16882235572977671856 0.29658381584445886459 0.00000000099999999991 0.41673160853957713634 
0.00000000099999999931 0.00000000099999999931 0.99999999399999994765 0.00000000099999999931 0.00000000099999999931 0.00000000099999999931 0.00000000099999999931 
0.00000000099999999974 0.00000000099999999974 0.00000000099999999974 0.00000000099999999974 0.00000000099999999974 0.00000000099999999974 0.99999999400000005867 
0.00000000099999999981 0.51603156528042060103 0.48396842971957954038 0.00000000099999999981 0.00000000099999999981 0.00000000099999999981 0.00000000099999999981 
0.00000000099999999971 0.00000000099999999971 0.00000000099999999971 0.00000000099999999971 0.00000000099999999971 0.00000000099999999971 0.99999999399999994765 
0.00000000099999999947 0.00000000099999999947 0.99999999400000005867 0.00000000099999999947 0.00000000099999999947 0.00000000099999999947 0.00000000099999999947 
0.00000000099999999932 0.00000000099999999932 0.99999999400000005867 0.00000000099999999932 0.00000000099999999932 0.00000000099999999932 0.00000000099999999932 
0.00000000099999999977 0.00000000099999999977 0.57963959008053922428 0.00000000099999999977 0.00000000099999999977 0.00000000099999999977 0.42036040491946091713 
0.50995680721910696676 0.00000000099999999981 0.00000000099999999981 0.49004318778089323017 0.00000000099999999981 0.00000000099999999981 0.00000000099999999981 
0.00000000099999999977 0.00000000099999999977 0.00000000099999999977 0.99999999399999994765 0.00000000099999999977 0.00000000099999999977 0.00000000099999999977 
0.00000000099999999980 0.00000000099999999980 0.00000000099999999980 0.00000000099999999980 0.20411258691990141756 0.00000000099999999980 0.79588740808009861283 
0.00000000099999999970 0.00000000099999999970 0.88179909086086927239 0.00000000099999999970 0.11820090413913064697 0.00000000099999999970 0.00000000099999999970 
0.00000000099999999989 0.37282306348463839507 0.09774361256413281740 0.00124664176741848070 0.52818667918381023707 0.00000000099999999989 0.00000000099999999989 
0.99999999400000016969 0.00000000099999999966 0.00000000099999999966 0.00000000099999999966 0.00000000099999999966 0.00000000099999999966 0.00000000099999999966 
0.00000000099999999968 0.00000000099999999968 0.54811803713154960693 0.00000000099999999968 0.00000000099999999968 0.00000000099999999968 0.45188195786845042345 
0.00000000099999999971 0.77578092491407613096 0.22421907008592401045 0.00000000099999999971 0.00000000099999999971 0.00000000099999999971 0.00000000099999999971 
0.00000000099999999977 0.08457045556873914183 0.79053032438360992806 0.00000000099999999977 0.12489921604765077956 0.00000000099999999977 0.00000000099999999977 
0.75099407340963675317 0.00000000099999999953 0.24900592159036327722 0.00000000099999999953 0.00000000099999999953 0.00000000099999999953 0.00000000099999999953 
0.00000000099999999921 0.00000000099999999921 0.99999999399999994765 0.00000000099999999921 0.00000000099999999921 0.00000000099999999921 0.00000000099999999921 
0.00000000099999999984 0.00000000099999999984 0.00000000099999999984 0.00000000099999999984 0.00000000099999999984 0.00000000099999999984 0.99999999399999994765 
0.99999999400000005867 0.00000000099999999964 0.00000000099999999964 0.00000000099999999964 0.00000000099999999964 0.00000000099999999964 0.00000000099999999964 
0.00000000099999999916 0.00000000099999999916 0.99999999400000005867 0.00000000099999999916 0.00000000099999999916 0.00000000099999999916 0.00000000099999999916 
0.00000000099999999993 0.00000000099999999993 0.38210482745179519259 0.00000000099999999993 0.00000000099999999993 0.15128111657952328373 0.46661405196868133149 
0.00000000099999999980 0.36898282427396977834 0.00000000099999999980 0.63101717072603025205 0.00000000099999999980 0.00000000099999999980 0.00000000099999999980 
0.00000000099999999988 0.38472040932036749572 0.42290564247994072433 0.00000000099999999988 0.00000000099999999988 0.00000000099999999988 0.19237394419969189308 
0.00000000099999999981 0.00000000099999999981 0.00000000099999999981 0.99999999400000005867 0.00000000099999999981 0.00000000099999999981 0.00000000099999999981 
0.00000000099999999967 0.00000000099999999967 0.99993034854852491655 0.00000000099999999967 0.00006964645147508071 0.00000000099999999967 0.00000000099999999967 
0.00000000099999999973 0.00000000099999999973 0.00000000099999999973 0.00000000099999999973 0.00000000099999999973 0.00000000099999999973 0.99999999399999994765 
0.00000000099999999979 0.00000000099999999979 0.15563415597384899769 0.00000000099999999979 0.00000000099999999979 0.00000000099999999979 0.84436583902615114372 
0.00000000099999999985 0.00000000099999999985 0.00000000099999999985 0.00000000099999999985 0.27966523568297241287 0.11991428647739880986 0.60042047383962870999 
0.00000000099999999987 0.99999999400000016969 0.00000000099999999987 0.00000000099999999987 0.00000000099999999987 0.00000000099999999987 0.00000000099999999987 
0.00000000099999999985 0.00000000099999999985 0.00000000099999999985 0.00000000099999999985 0.14939498784225813122 0.00000000099999999985 0.85060500715774178815 
0.54390167566886526984 0.00000000099999999982 0.00000000099999999982 0.11335743874937639908 0.00000000099999999982 0.34274088158175852747 0.00000000099999999982 
