0.00000000099999999991 0.81458989976112894382 0.18541009923887111221 
0.00245981099117037428 0.20873364064403929219 0.78880654836479024983 
0.52480893143578288829 0.21197149183764721347 0.26321957672656992600 
0.58608535140062401059 0.09274288379049243358 0.32117176480888348644 
0.18569948910850980761 0.00013535619781633593 0.81416515469367389812 
0.00000000509830747911 0.13172725189137041157 0.86827274301032209003 
0.08758105840709248802 0.33281564221008219651 0.57960329938282539874 
0.00000000099999999991 0.00000000099999999991 0.99999999799999994554 
0.00000000099999999990 0.99999999800000005656 0.00000000099999999990 
0.00000000099999999972 0.99999999800000005656 0.00000000099999999972 
0.71149795807571436512 0.28850204092428560765 0.00000000099999999994 
0.00000000099999999992 0.63538503453736938642 0.36461496446263069737 
0.44831478106562450137 0.28184662511667740725 0.26983859381769803587 
0.50363367349903309655 0.49636632550096693173 0.00000000099999999990 
0.00000000099999999972 0.99999999799999994554 0.00000000099999999972 
0.00000000099999999993 0.00000000099999999993 0.99999999800000005656 
0.76984575255037934749 0.00000000099999999999 0.23015424644962051426 
0.46636437854359519273 0.53363562045640478004 0.00000000099999999996 
0.28462346616855721537 0.33443434676485811474 0.38094218706658461437 
0.78307483666381028087 0.00004736662835434176 0.21687779670783538521 
0.00000000099999999991 0.95477802158000901755 0.04522197741999107318 
0.00000000099999999991 0.99999999800000005656 0.00000000099999999991 
0.30899714909664227624 0.36876450551134326572 0.32223834539201445804 
0.00000000099999999984 0.99999999799999994554 0.00000000099999999984 
0.14616811010019023498 0.74683940366468792860 0.10699248623512185030 
0.11373508841701616967 0.15463168353016229495 0.73163322805282160477 
0.00000000099999999975 0.99999999800000005656 0.00000000099999999975 
0.48270927891703652168 0.07647066579025660338 0.44082005529270690269 
0.00000000099999999978 0.99999999799999994554 0.00000000099999999978 
0.47642164207188292258 0.08531722666484183037 0.43826113126327531644 
0.00000000099999999978 0.99999999800000005656 0.00000000099999999978 
0.07104897157913273031 0.00000000099999999997 0.92895102742086721470 
0.27497598382777860282 0.72502401517222136995 0.00000000099999999995 
0.28510813277923757747 0.38006603005353650770 0.33482583716722580380 
0.50658109054538735805 0.49341890845461255921 0.00000000099999999999 
0.74502429376549705875 0.14439358848222499931 0.11058211775227799745 
0.58446810376505253792 0.00000001478909980635 0.41553188144584762842 
0.40115001075793660368 0.37796413345802110095 0.22088585578404229537 
0.13589529791282983773 0.00000000099999999997 0.86410470108717007953 
0.57237541527540714004 0.29415493667936226663 0.13346964804523067660 
0.31707969286074583204 0.15135982818214763213 0.53156047895710667461 
0.71665356685005587867 0.28334643214994398308 0.00000000099999999991 
0.53231178365008047226 0.00000000376225951204 0.46768821258766002380 
0.79997044746615808553 0.00000000100000000000 0.20002955153384188725 
0.00000000099999999977 0.99999999799999994554 0.00000000099999999977 
0.89707991708945722387 0.10292008191054274890 0.00000000099999999993 
0.46212721459299921367 0.53787278440700081461 0.00000000099999999997 
0.92635025803216819451 0.07364974096783175050 0.00000000099999999993 
0.00000000099999999978 0.99999999799999994554 0.00000000099999999978 
0.00000000099999999976 0.99999999799999994554 0.00000000099999999976 
0.34580217715196243100 0.65419782184803743075 0.00000000099999999994 
0.00000000099999999991 0.00000000099999999991 0.99999999799999994554 
0.26294824451754639227 0.08458485762931600149 0.65246689785313760623 
0.99999999800000005656 0.00000000099999999995 0.00000000099999999995 
0.00000000099999999995 0.95082732406907632949 0.04917267493092367103 
0.29463800520896038515 0.18536020691156820939 0.52000178787947148873 
0.08396354723785852403 0.08797201399283691159 0.82806443876930457826 
0.38572542169359641528 0.61427457730640344646 0.00000000099999999992 
0.64977573788656672882 0.35020586559401661875 0.00001839651941664163 
0.18083358877422200939 0.81916641022577785236 0.00000000099999999996 
0.00000000099999999993 0.50494006580322337019 0.49505993319677654707 
0.00000000099999999972 0.99999999800000005656 0.00000000099999999972 
0.91393923360139528445 0.08606076539860454955 0.00000000099999999996 
0.00000000099999999995 0.30412129859848635594 0.69587870040151367235 
0.00000000099999999970 0.99999999799999994554 0.00000000099999999970 
0.50878882747288944888 0.42251570061045501392 0.06869547191665542618 
0.24010789194452400452 0.00000000099999999998 0.75989210705547616254 
0.42163536049702632358 0.49863225035264779894 0.07973238915032593299 
0.25910609031818460091 0.00184592020841169201 0.73904798947340377691 
0.00000000099999999988 0.99999999800000005656 0.00000000099999999988 
0.91501375675183960201 0.08498624224816021810 0.00000000099999999994 
0.72229349730147496267 0.27770650169852506561 0.00000000099999999994 
0.79371170989036121668 0.00000000099999999999 0.20628828910963878385 
0.67023129018311178307 0.11083179804707153637 0.21893691176981666668 
0.88762448922336056878 0.11237550977663929297 0.00000000099999999997 
0.00000000099999999992 0.00000000099999999992 0.99999999800000005656 
