0.00000000099999999938 0.00000000099999999938 0.69496714079429100508 0.30503285120570911015 0.00000000099999999938 0.00000000099999999938 0.00000000099999999938 0.00000000099999999938 0.00000000099999999938 0.00000000099999999938 
0.00000000099999999954 0.00000000099999999954 0.00000000099999999954 0.00000000099999999954 0.00000000099999999954 0.00000000099999999954 0.00000000099999999954 0.00000000099999999954 0.00000000099999999954 0.99999999099999992147 
0.36208736757991283328 0.18139606435383454075 0.00000000099999999990 0.33971144727349789072 0.00000000099999999990 0.00000000099999999990 0.11680511479275490494 0.00000000099999999990 0.00000000099999999990 0.00000000099999999990 
0.32726509849797252860 0.05609000565984295639 0.00000000099999999985 0.00000000099999999985 0.00000000099999999985 0.00000000099999999985 0.00000000099999999985 0.48572976249601657051 0.00000000099999999985 0.13091512734616772562 
0.00000000099999999976 0.00000000099999999976 0.00000000099999999976 0.00000000099999999976 0.00000000099999999976 0.00000000099999999976 0.00000000099999999976 0.04750567704345991932 0.50189045829500023022 0.45060385766153976395 
0.00000000099999999989 0.00000000099999999989 0.00000000099999999989 0.26759588323809685440 0.20686118541865577969 0.00000000099999999989 0.00000000099999999989 0.00000000099999999989 0.52554292434324723082 0.00000000099999999989 
0.00000000099999999982 0.13880979819570912759 0.00000006130976659073 0.62495807536568204199 0.00000000099999999982 0.00000000099999999982 0.00000000099999999982 0.23623205912884226443 0.00000000099999999982 0.00000000099999999982 
0.00000000099999999946 0.00000000099999999946 0.00000000099999999946 0.00000000099999999946 0.99999999100000003249 0.00000000099999999946 0.00000000099999999946 0.00000000099999999946 0.00000000099999999946 0.00000000099999999946 
0.00000000099999999957 0.08269871793753492961 0.83525961437059914605 0.00000000099999999957 0.00000000099999999957 0.00000000099999999957 0.08204166069186608068 0.00000000099999999957 0.00000000099999999957 0.00000000099999999957 
0.00000000099999999893 0.00000000099999999893 0.99999999100000003249 0.00000000099999999893 0.00000000099999999893 0.00000000099999999893 0.00000000099999999893 0.00000000099999999893 0.00000000099999999893 0.00000000099999999893 
0.00000000099999999961 0.12578184015277082963 0.03763384960637771587 0.00000000099999999961 0.00000000099999999961 0.83658430324085164553 0.00000000099999999961 0.00000000099999999961 0.00000000099999999961 0.00000000099999999961 
0.00000000099999999962 0.00000000099999999962 0.49806602615421208258 0.41168971284043470726 0.00000000099999999962 0.00000000099999999962 0.00000000099999999962 0.00000000099999999962 0.00000000099999999962 0.09024425400535322772 
0.00000000099999999951 0.00000000099999999951 0.00000000099999999951 0.00000000099999999951 0.00000000099999999951 0.00000000099999999951 0.99999999099999992147 0.00000000099999999951 0.00000000099999999951 0.00000000099999999951 
0.00000000099999999936 0.00000000099999999936 0.21115993982472527901 0.00000000099999999936 0.00000000099999999936 0.78884005217527475295 0.00000000099999999936 0.00000000099999999936 0.00000000099999999936 0.00000000099999999936 
0.00000000099999999894 0.00000000099999999894 0.99999999099999992147 0.00000000099999999894 0.00000000099999999894 0.00000000099999999894 0.00000000099999999894 0.00000000099999999894 0.00000000099999999894 0.00000000099999999894 
0.00000000099999999971 0.00000000099999999971 0.00000000099999999971 0.00000000099999999971 0.99999999100000003249 0.00000000099999999971 0.00000000099999999971 0.00000000099999999971 0.00000000099999999971 0.00000000099999999971 
0.54870677439376980278 0.00000000099999999984 0.00000000099999999984 0.00000000099999999984 0.00000000099999999984 0.12053868423646967034 0.00000000099999999984 0.00000000099999999984 0.24650893158671122185 0.08424560378304934982 
0.00000000099999999957 0.99999999100000014352 0.00000000099999999957 0.00000000099999999957 0.00000000099999999957 0.00000000099999999957 0.00000000099999999957 0.00000000099999999957 0.00000000099999999957 0.00000000099999999957 
0.00000000099999999976 0.00000000099999999976 0.17238971671279068598 0.12461165385317933552 0.00000000099999999976 0.00000000099999999976 0.00000000099999999976 0.52421795961270734043 0.17878066382132246082 0.00000000099999999976 
0.00000000099999999994 0.00000000099999999994 0.00000000099999999994 0.00000000099999999994 0.08733210054000786760 0.70762661573649576763 0.00000000099999999994 0.00000000099999999994 0.20504127672349622968 0.00000000099999999994 
0.00000000099999999971 0.00000000099999999971 0.90401378919711417037 0.00000000099999999971 0.00000000099999999971 0.00000000099999999971 0.09598620280288594486 0.00000000099999999971 0.00000000099999999971 0.00000000099999999971 
0.00000000099999999946 0.17440291297361509848 0.82559707902638512778 0.00000000099999999946 0.00000000099999999946 0.00000000099999999946 0.00000000099999999946 0.00000000099999999946 0.00000000099999999946 0.00000000099999999946 
0.00000000099999999976 0.00000000099999999976 0.36721894217437678343 0.00000000099999999976 0.00000000099999999976 0.00000000099999999976 0.00000000099999999976 0.00000000099999999976 0.63278104982562299874 0.00000000099999999976 
0.00000000099999999924 0.00000000099999999924 0.99999999100000014352 0.00000000099999999924 0.00000000099999999924 0.00000000099999999924 0.00000000099999999924 0.00000000099999999924 0.00000000099999999924 0.00000000099999999924 
0.00000000099999999968 0.00000000099999999968 0.63223095273529017479 0.00000000099999999968 0.00000000099999999968 0.00000000099999999968 0.36776903926470982942 0.00000000099999999968 0.00000000099999999968 0.00000000099999999968 
0.00000000099999999958 0.00000000099999999958 0.00000000099999999958 0.00000000099999999958 0.00000000099999999958 0.00000000099999999958 0.00000000099999999958 0.00000000099999999958 0.99999999099999992147 0.00000000099999999958 
0.00000000099999999915 0.00000000099999999915 0.99999999100000014352 0.00000000099999999915 0.00000000099999999915 0.00000000099999999915 0.00000000099999999915 0.00000000099999999915 0.00000000099999999915 0.00000000099999999915 
0.00000000099999999981 0.00000000099999999981 0.00000000099999999981 0.12914703577978789428 0.20762899762337380660 0.48109976031654105855 0.00000000099999999981 0.00000000099999999981 0.18212420028029729924 0.00000000099999999981 
0.00000000099999999907 0.00000000099999999907 0.99999999100000003249 0.00000000099999999907 0.00000000099999999907 0.00000000099999999907 0.00000000099999999907 0.00000000099999999907 0.00000000099999999907 0.00000000099999999907 
0.40327349687082747476 0.00000000099999999981 0.00000000099999999981 0.00000000099999999981 0.09148515684999673769 0.00000000099999999981 0.00000000099999999981 0.28193480811583487844 0.00000000099999999981 0.22330653216334067634 
0.00000000099999999918 0.00000000099999999918 0.99999999100000003249 0.00000000099999999918 0.00000000099999999918 0.00000000099999999918 0.00000000099999999918 0.00000000099999999918 0.00000000099999999918 0.00000000099999999918 
0.00000000099999999970 0.00000000099999999970 0.00000000099999999970 0.00000000099999999970 0.62733213300521506461 0.00000000099999999970 0.00000000099999999970 0.00000000099999999970 0.37266785899478499511 0.00000000099999999970 
0.00000000099999999950 0.38090608207313314537 0.61909390992686685884 0.00000000099999999950 0.00000000099999999950 0.00000000099999999950 0.00000000099999999950 0.00000000099999999950 0.00000000099999999950 0.00000000099999999950 
0.00000000099999999981 0.25085422880815183566 0.30388659450548488605 0.00000000099999999981 0.00000000099999999981 0.00000000099999999981 0.00000000099999999981 0.00000000099999999981 0.44525916968636319870 0.00000000099999999981 
0.00000000099999999974 0.36224183198899073677 0.38247566471774124830 0.00000000099999999974 0.00000000099999999974 0.00000000099999999974 0.00000000099999999974 0.00000000099999999974 0.25528249629326810188 0.00000000099999999974 
0.00000000099999999980 0.00000000099999999980 0.00000000099999999980 0.00000000099999999980 0.00000000099999999980 0.57624513885017381032 0.00000000099999999980 0.31299395669990076607 0.11076089744992542729 0.00000000099999999980 
0.36748736494081540860 0.20492826843897066214 0.00000000099999999988 0.00000001128046658356 0.37287648680249668720 0.05470786353725078793 0.00000000099999999988 0.00000000099999999988 0.00000000099999999988 0.00000000099999999988 
0.00000000099999999948 0.00000000099999999948 0.00000000099999999948 0.00000000099999999948 0.00000000099999999948 0.00000000099999999948 0.99999999100000003249 0.00000000099999999948 0.00000000099999999948 0.00000000099999999948 
0.00000000099999999962 0.00000000099999999962 0.00000000099999999962 0.70156325810290098843 0.00000000099999999962 0.00000000099999999962 0.00000000099999999962 0.00000000099999999962 0.29843673389709890476 0.00000000099999999962 
0.00000000099999999961 0.00000000099999999961 0.05026628662927093427 0.00000000099999999961 0.00000000099999999961 0.00000000099999999961 0.00000000099999999961 0.94973370537072909769 0.00000000099999999961 0.00000000099999999961 
0.05874382864835626938 0.00000000099999999995 0.00000000099999999995 0.31891992826872023192 0.00000000099999999995 0.00000000099999999995 0.12733392258088255256 0.33569725498321362211 0.15928606675787534974 0.00001899476095195703 
0.00000000099999999952 0.00000000099999999952 0.00000000099999999952 0.00000000099999999952 0.00000000099999999952 0.99999999100000014352 0.00000000099999999952 0.00000000099999999952 0.00000000099999999952 0.00000000099999999952 
0.36482021524878172070 0.00000000099999999980 0.00000000099999999980 0.00000000099999999980 0.00000000099999999980 0.00000000099999999980 0.00000000099999999980 0.00000000099999999980 0.55671130932150791892 0.07846846842971026692 
0.48810801775500944899 0.00000000099999999984 0.00000000099999999984 0.00000000099999999984 0.00000000099999999984 0.00000000099999999984 0.00000000099999999984 0.18210170323392979586 0.32979027201106053679 0.00000000099999999984 
0.00000000099999999914 0.00000000099999999914 0.99999999100000014352 0.00000000099999999914 0.00000000099999999914 0.00000000099999999914 0.00000000099999999914 0.00000000099999999914 0.00000000099999999914 0.00000000099999999914 
0.62514932755277208276 0.10382884349163264137 0.00000000099999999965 0.00000000099999999965 0.00000000099999999965 0.27102182195559543221 0.00000000099999999965 0.00000000099999999965 0.00000000099999999965 0.00000000099999999965 
0.00000000099999999975 0.31549821309429254557 0.39495728760747356167 0.00000000099999999975 0.00000000099999999975 0.00000000099999999975 0.00008172134214232211 0.28946277195609165789 0.00000000099999999975 0.00000000099999999975 
0.38916757072465957279 0.13973437159738022473 0.00000000099999999967 0.00000000099999999967 0.00000000099999999967 0.47109805067796040046 0.00000000099999999967 0.00000000099999999967 0.00000000099999999967 0.00000000099999999967 
0.00000000099999999916 0.00000000099999999916 0.99999999100000003249 0.00000000099999999916 0.00000000099999999916 0.00000000099999999916 0.00000000099999999916 0.00000000099999999916 0.00000000099999999916 0.00000000099999999916 
0.00000000099999999919 0.00000000099999999919 0.99999999100000003249 0.00000000099999999919 0.00000000099999999919 0.00000000099999999919 0.00000000099999999919 0.00000000099999999919 0.00000000099999999919 0.00000000099999999919 
0.32229520513930393077 0.10791165955287131129 0.56979312830782480326 0.00000000099999999963 0.00000000099999999963 0.00000000099999999963 0.00000000099999999963 0.00000000099999999963 0.00000000099999999963 0.00000000099999999963 
0.00000000099999999966 0.00000000099999999966 0.00000000099999999966 0.00000000099999999966 0.67473674680669382120 0.00000000099999999966 0.00000000099999999966 0.00000000099999999966 0.00000000099999999966 0.32526324519330640506 
0.00000000099999999967 0.00000000099999999967 0.00000000099999999967 0.00000000099999999967 0.00000000099999999967 0.00000000099999999967 0.31178569300703323774 0.00000000099999999967 0.00000000099999999967 0.68821429899296682198 
0.62187142528523131624 0.00000000099999999971 0.00000000099999999971 0.00000000099999999971 0.00000000099999999971 0.37812856671476891002 0.00000000099999999971 0.00000000099999999971 0.00000000099999999971 0.00000000099999999971 
0.00000000099999999958 0.00000000099999999958 0.89026905483192708690 0.00000000099999999958 0.00000000099999999958 0.00000000099999999958 0.00000000099999999958 0.00000000099999999958 0.10973093716807302833 0.00000000099999999958 
0.00000000099999999985 0.00000000099999999985 0.05536451593657543135 0.00000000099999999985 0.00000000099999999985 0.00000000099999999985 0.00000086922656021670 0.48074553676008363601 0.46386933121673018521 0.00001974186005048493 
0.00000000099999999955 0.00000000099999999955 0.00000000099999999955 0.54013700604982217701 0.45986298595017777169 0.00000000099999999955 0.00000000099999999955 0.00000000099999999955 0.00000000099999999955 0.00000000099999999955 
0.00000000099999999963 0.33187305094917224357 0.48989471849569593553 0.00000000099999999963 0.00000000099999999963 0.17823222355513201887 0.00000000099999999963 0.00000000099999999963 0.00000000099999999963 0.00000000099999999963 
0.00000000099999999968 0.33433042730635731399 0.13782826982746634870 0.00000000099999999968 0.00000000099999999968 0.00000000099999999968 0.00000000099999999968 0.52784129586617622998 0.00000000099999999968 0.00000000099999999968 
0.00000000099999999959 0.00000000099999999959 0.73433153402412243427 0.00000000099999999959 0.00000000099999999959 0.00000000099999999959 0.00000000099999999959 0.26566845797587768097 0.00000000099999999959 0.00000000099999999959 
0.00000000099999999931 0.00000000099999999931 0.20937402215308861808 0.79062596984691158042 0.00000000099999999931 0.00000000099999999931 0.00000000099999999931 0.00000000099999999931 0.00000000099999999931 0.00000000099999999931 
0.00000000099999999890 0.00000000099999999890 0.99999999099999992147 0.00000000099999999890 0.00000000099999999890 0.00000000099999999890 0.00000000099999999890 0.00000000099999999890 0.00000000099999999890 0.00000000099999999890 
0.83129055562158638004 0.00000000099999999963 0.00000000099999999963 0.00000000099999999963 0.00000000099999999963 0.16870943637841390172 0.00000000099999999963 0.00000000099999999963 0.00000000099999999963 0.00000000099999999963 
0.00000000099999999936 0.00000000099999999936 0.00000000099999999936 0.99999999100000003249 0.00000000099999999936 0.00000000099999999936 0.00000000099999999936 0.00000000099999999936 0.00000000099999999936 0.00000000099999999936 
0.00000000099999999884 0.00000000099999999884 0.99999999100000003249 0.00000000099999999884 0.00000000099999999884 0.00000000099999999884 0.00000000099999999884 0.00000000099999999884 0.00000000099999999884 0.00000000099999999884 
0.00000000099999999972 0.00000000099999999972 0.00000000099999999972 0.00000000099999999972 0.00000000099999999972 0.47645439455478544311 0.52354559744521456111 0.00000000099999999972 0.00000000099999999972 0.00000000099999999972 
0.00000000099999999946 0.00000000099999999946 0.00000000099999999946 0.00000000099999999946 0.00000000099999999946 0.00000000099999999946 0.00000000099999999946 0.00000000099999999946 0.00000000099999999946 0.99999999099999992147 
0.12155417435283362437 0.24093858568811968301 0.36487545769006085594 0.00000000099999999982 0.00000000099999999982 0.00000000099999999982 0.00000000099999999982 0.27263177626898593697 0.00000000099999999982 0.00000000099999999982 
0.11479178117554213190 0.00000000099999999982 0.00000000099999999982 0.00000000099999999982 0.00000000099999999982 0.00000000099999999982 0.00000000099999999982 0.00000000099999999982 0.04730082613423563370 0.83790738569022227278 
0.00000000099999999936 0.00000000099999999936 0.99999999100000003249 0.00000000099999999936 0.00000000099999999936 0.00000000099999999936 0.00000000099999999936 0.00000000099999999936 0.00000000099999999936 0.00000000099999999936 
0.19726316175800945318 0.00000000099999999962 0.00000000099999999962 0.00000000099999999962 0.00000000099999999962 0.80273683024199060654 0.00000000099999999962 0.00000000099999999962 0.00000000099999999962 0.00000000099999999962 
0.52911084700291666216 0.09837422937450111815 0.15663260664173297987 0.00000000099999999974 0.00000000099999999974 0.21588231098084931237 0.00000000099999999974 0.00000000099999999974 0.00000000099999999974 0.00000000099999999974 
0.69221858389093893216 0.00000000099999999967 0.00000000099999999967 0.00000000099999999967 0.00000000099999999967 0.00000000099999999967 0.00000000099999999967 0.00000000099999999967 0.30778140810906129410 0.00000000099999999967 
0.00000000099999999965 0.00000000099999999965 0.00000000099999999965 0.00000000099999999965 0.00000000099999999965 0.00000000099999999965 0.00000000099999999965 0.99999999100000003249 0.00000000099999999965 0.00000000099999999965 
0.93872322449330092287 0.00000000099999999961 0.06127676750669915073 0.00000000099999999961 0.00000000099999999961 0.00000000099999999961 0.00000000099999999961 0.00000000099999999961 0.00000000099999999961 0.00000000099999999961 
0.00000000099999999930 0.00000000099999999930 0.00000000099999999930 0.00000000099999999930 0.99999999100000003249 0.00000000099999999930 0.00000000099999999930 0.00000000099999999930 0.00000000099999999930 0.00000000099999999930 
