0.75461750148072870292 0.00000000099999999956 0.00000000099999999956 0.24538249151927149505 0.00000000099999999956 0.00000000099999999956 0.00000000099999999956 0.00000000099999999956 0.00000000099999999956 
0.00000000099999999958 0.99999999200000011523 0.00000000099999999958 0.00000000099999999958 0.00000000099999999958 0.00000000099999999958 0.00000000099999999958 0.00000000099999999958 0.00000000099999999958 
0.00000000099999999993 0.00000000099999999993 0.00000000099999999993 0.28617092993969411863 0.29118242726526832875 0.00000000099999999993 0.00000000099999999993 0.17217029250418242059 0.25047634529085510691 
0.00000000099999999984 0.08347446472427332009 0.00000000099999999984 0.00000000099999999984 0.29778564923885703086 0.00000000099999999984 0.48495023890101851549 0.00000000099999999984 0.13378964213585112231 
0.00000000099999999978 0.28207851855021343068 0.00000000099999999978 0.00000000099999999978 0.00000000099999999978 0.54236666286668100412 0.17555481258310556836 0.00000000099999999978 0.00000000099999999978 
0.00000000099999999990 0.00000000099999999990 0.00000000099999999990 0.44670246625794496342 0.00000000099999999990 0.37888510016214466125 0.17441242757991040624 0.00000000099999999990 0.00000000099999999990 
0.04008544660033867835 0.00000000099999999975 0.00000000099999999975 0.46643477963076290793 0.00000000099999999975 0.00000000099999999975 0.18554121719568317239 0.00000000099999999975 0.30793855157321531335 
0.00000000099999999963 0.00000000099999999963 0.00000000099999999963 0.72184067417210717732 0.00000000099999999963 0.27815931882789279861 0.00000000099999999963 0.00000000099999999963 0.00000000099999999963 
0.83900499931400795983 0.00000000099999999958 0.00000000099999999958 0.00000000099999999958 0.00000000099999999958 0.00000000099999999958 0.00000000099999999958 0.00000000099999999958 0.16099499368599221039 
0.99999999200000022626 0.00000000099999999911 0.00000000099999999911 0.00000000099999999911 0.00000000099999999911 0.00000000099999999911 0.00000000099999999911 0.00000000099999999911 0.00000000099999999911 
0.00000000099999999969 0.00000000099999999969 0.81213256483374085537 0.00000000099999999969 0.00000000099999999969 0.00000000099999999969 0.00000000099999999969 0.00000000099999999969 0.18786742816625931485 
0.57102479577819320600 0.07710304306646870165 0.00000000099999999973 0.35187215515533820653 0.00000000099999999973 0.00000000099999999973 0.00000000099999999973 0.00000000099999999973 0.00000000099999999973 
0.00663649835157227239 0.00541077954095500920 0.00000000099999999988 0.00000000099999999988 0.00000000099999999988 0.00000000099999999988 0.42820967801629783445 0.55974303909117484324 0.00000000099999999988 
0.20279900045222346017 0.00000000099999999948 0.79720099254777676556 0.00000000099999999948 0.00000000099999999948 0.00000000099999999948 0.00000000099999999948 0.00000000099999999948 0.00000000099999999948 
0.99999999200000011523 0.00000000099999999908 0.00000000099999999908 0.00000000099999999908 0.00000000099999999908 0.00000000099999999908 0.00000000099999999908 0.00000000099999999908 0.00000000099999999908 
0.00000000099999999977 0.00000000099999999977 0.00000000099999999977 0.99999999200000000421 0.00000000099999999977 0.00000000099999999977 0.00000000099999999977 0.00000000099999999977 0.00000000099999999977 
0.00000000099999999988 0.00000000099999999988 0.00044564690285952646 0.00000000099999999988 0.69568420051971646689 0.30387014657742400514 0.00000000099999999988 0.00000000099999999988 0.00000000099999999988 
0.00000000099999999971 0.00000000099999999971 0.00000153092863065054 0.00000000099999999971 0.00000000099999999971 0.00000000099999999971 0.00000000099999999971 0.99999846207136922072 0.00000000099999999971 
0.19788252332109865228 0.00000000099999999979 0.00000000099999999979 0.00000044187427510379 0.00000000099999999979 0.19931746023362009734 0.60279956957100622184 0.00000000099999999979 0.00000000099999999979 
0.00000000099999999992 0.00000000099999999992 0.72363138434646345765 0.00000000099999999992 0.00000000099999999992 0.27636860865353651828 0.00000000099999999992 0.00000000099999999992 0.00000000099999999992 
0.91001528048523616654 0.01671647415204947223 0.00000000099999999967 0.00000000099999999967 0.00000000099999999967 0.00000000099999999967 0.07326823936271449622 0.00000000099999999967 0.00000000099999999967 
0.79306532069981050537 0.00000000099999999953 0.00000000099999999953 0.00000000099999999953 0.00000000099999999953 0.00000000099999999953 0.00000000099999999953 0.00000000099999999953 0.20693467230018980363 
0.24740392316667325634 0.00000000099999999981 0.00000000099999999981 0.00000000099999999981 0.00000000099999999981 0.51652708433248151199 0.00000000099999999981 0.00000000099999999981 0.23606898650084526259 
0.99999999200000022626 0.00000000099999999937 0.00000000099999999937 0.00000000099999999937 0.00000000099999999937 0.00000000099999999937 0.00000000099999999937 0.00000000099999999937 0.00000000099999999937 
0.63785259567141683323 0.00000000099999999975 0.00000000099999999975 0.00000000099999999975 0.00000000099999999975 0.00000000099999999975 0.00000000099999999975 0.36214739732858314269 0.00000000099999999975 
0.00000000099999999962 0.00000000099999999962 0.00000000099999999962 0.00000000099999999962 0.00000000099999999962 0.99999999200000011523 0.00000000099999999962 0.00000000099999999962 0.00000000099999999962 
0.99999999200000022626 0.00000000099999999928 0.00000000099999999928 0.00000000099999999928 0.00000000099999999928 0.00000000099999999928 0.00000000099999999928 0.00000000099999999928 0.00000000099999999928 
0.00000000099999999982 0.00000000099999999982 0.49880407236332480192 0.31123509635505869353 0.00000000099999999982 0.18996082528161656322 0.00000000099999999982 0.00000000099999999982 0.00000000099999999982 
0.99999999200000011523 0.00000000099999999916 0.00000000099999999916 0.00000000099999999916 0.00000000099999999916 0.00000000099999999916 0.00000000099999999916 0.00000000099999999916 0.00000000099999999916 
0.00000000099999999983 0.24376188971996076704 0.00000000099999999983 0.00000000099999999983 0.40696170250383079114 0.00000000099999999983 0.34927640177620838946 0.00000000099999999983 0.00000000099999999983 
0.99999999200000011523 0.00000000099999999927 0.00000000099999999927 0.00000000099999999927 0.00000000099999999927 0.00000000099999999927 0.00000000099999999927 0.00000000099999999927 0.00000000099999999927 
0.00000000099999999973 0.00000000099999999973 0.00000000099999999973 0.36934236621199623141 0.00000000099999999973 0.63065762678800374452 0.00000000099999999973 0.00000000099999999973 0.00000000099999999973 
0.56141532779812730602 0.00000000099999999959 0.00000000099999999959 0.00000000099999999959 0.00000000099999999959 0.00000000099999999959 0.00000000099999999959 0.00000000099999999959 0.43858466520187289195 
0.21854152734895052057 0.00000000099999999983 0.00000000099999999983 0.00000000099999999983 0.00000000099999999983 0.45190003552815466437 0.00000000099999999983 0.00000000099999999983 0.32955843112289479047 
0.18327604826464510834 0.00000000099999999976 0.00000000099999999976 0.00000000099999999976 0.00000000099999999976 0.00000000099999999976 0.00000000099999999976 0.46665796842749701634 0.35006597730785804501 
0.00000000099999999986 0.00000000099999999986 0.60431476305690878803 0.00000000099999999986 0.00000000099999999986 0.08647110856416241609 0.30921412237892864638 0.00000000099999999986 0.00000000099999999986 
0.00000000099999999987 0.00000000099999999987 0.00016188958141360749 0.35441814133768917428 0.43397796158851181803 0.00000000099999999987 0.00000000099999999987 0.21144200249238551126 0.00000000099999999987 
0.00000000099999999962 0.00000000099999999962 0.00000000099999999962 0.00000000099999999962 0.00000000099999999962 0.00000000099999999962 0.00000000099999999962 0.99999999199999989319 0.00000000099999999962 
0.00000000099999999974 0.00000000099999999974 0.00000000099999999974 0.71601329024376736410 0.09016262373130627672 0.19382408002492651500 0.00000000099999999974 0.00000000099999999974 0.00000000099999999974 
0.05053990542348667930 0.00000000099999999968 0.00000000099999999968 0.00000000099999999968 0.00000000099999999968 0.00000000099999999968 0.94946008757651334520 0.00000000099999999968 0.00000000099999999968 
0.00000000099999999999 0.00000000099999999999 0.00013137082143038195 0.35684301081338587469 0.00000000099999999999 0.09362880997646927383 0.32941614008333430785 0.15354600473749446810 0.06643466056788575880 
0.00000000099999999965 0.00000000099999999965 0.99999999200000011523 0.00000000099999999965 0.00000000099999999965 0.00000000099999999965 0.00000000099999999965 0.00000000099999999965 0.00000000099999999965 
0.00000000099999999978 0.00000000099999999978 0.00000000099999999978 0.00000000099999999978 0.32071885879533434949 0.67928113420466562644 0.00000000099999999978 0.00000000099999999978 0.00000000099999999978 
0.00000000099999999990 0.00000005434168886206 0.00000000339436970417 0.00000000099999999990 0.46390200285188437634 0.29978470861780587287 0.23631322679425117994 0.00000000099999999990 0.00000000099999999990 
0.99999999200000022626 0.00000000099999999929 0.00000000099999999929 0.00000000099999999929 0.00000000099999999929 0.00000000099999999929 0.00000000099999999929 0.00000000099999999929 0.00000000099999999929 
0.00000000099999999976 0.00000000099999999976 0.28722612868261410135 0.00000000099999999976 0.63911783018859325001 0.00000000099999999976 0.00000000099999999976 0.00000235359198852722 0.07365368253680398825 
0.24599683561026891576 0.00000000099999999971 0.00000000099999999971 0.00000000099999999971 0.00000000099999999971 0.00000000099999999971 0.00000000099999999971 0.46932415056377635443 0.28467900782595478848 
0.00000000099999999973 0.00000000099999999973 0.42068855378971947712 0.00000000099999999973 0.43332643786615648862 0.00000000099999999973 0.00000000099999999973 0.00000000099999999973 0.14598500234412406518 
0.99999999200000011523 0.00000000099999999928 0.00000000099999999928 0.00000000099999999928 0.00000000099999999928 0.00000000099999999928 0.00000000099999999928 0.00000000099999999928 0.00000000099999999928 
0.99999999200000011523 0.00000000099999999932 0.00000000099999999932 0.00000000099999999932 0.00000000099999999932 0.00000000099999999932 0.00000000099999999932 0.00000000099999999932 0.00000000099999999932 
0.52257155813900202368 0.00000000099999999967 0.00000000099999999967 0.00000000099999999967 0.23198323489143357623 0.00000000099999999967 0.00000000099999999967 0.00000000099999999967 0.24544520096956468080 
0.00000000099999999971 0.35166254179477579589 0.00000000099999999971 0.64833745120522423555 0.00000000099999999971 0.00000000099999999971 0.00000000099999999971 0.00000000099999999971 0.00000000099999999971 
0.00000000099999999979 0.99999999200000011523 0.00000000099999999979 0.00000000099999999979 0.00000000099999999979 0.00000000099999999979 0.00000000099999999979 0.00000000099999999979 0.00000000099999999979 
0.00000000099999999979 0.00000000099999999979 0.30608712844720314949 0.00000000099999999979 0.69391286455279699297 0.00000000099999999979 0.00000000099999999979 0.00000000099999999979 0.00000000099999999979 
0.89445646168089609773 0.00000000099999999967 0.00000000099999999967 0.00000000099999999967 0.00000000099999999967 0.10554353131910408636 0.00000000099999999967 0.00000000099999999967 0.00000000099999999967 
0.04574672612908526476 0.00000000099999999986 0.00000000099999999986 0.00000000099999999986 0.00000000099999999986 0.41638625046205679503 0.53786701740885789480 0.00000000099999999986 0.00000000099999999986 
0.00000000099999999953 0.00000000099999999953 0.00000000099999999953 0.99999999200000000421 0.00000000099999999953 0.00000000099999999953 0.00000000099999999953 0.00000000099999999953 0.00000000099999999953 
0.40225666146236499499 0.00000000099999999966 0.22649523397666707081 0.00000000099999999966 0.00000000099999999966 0.00000000099999999966 0.00000000099999999966 0.00000000099999999966 0.37124809856096818717 
0.00000002488695622490 0.00000000099999999978 0.00000000099999999978 0.00000000099999999978 0.00000000099999999978 0.00000000099999999978 0.37611565523374068665 0.20341492620535425728 0.42046938867394889616 
0.71434846880797397972 0.00000000099999999961 0.00000000099999999961 0.00000000099999999961 0.00000000099999999961 0.00000000099999999961 0.00000000099999999961 0.00000000099999999961 0.28565152419202638479 
0.35173556434113040225 0.00000000099999999952 0.00000000099999999952 0.64826442865886968470 0.00000000099999999952 0.00000000099999999952 0.00000000099999999952 0.00000000099999999952 0.00000000099999999952 
0.99999999200000022626 0.00000000099999999907 0.00000000099999999907 0.00000000099999999907 0.00000000099999999907 0.00000000099999999907 0.00000000099999999907 0.00000000099999999907 0.00000000099999999907 
0.00025926339381808277 0.00000000099999999973 0.14701194205141737692 0.00000000099999999973 0.85272878855476463844 0.00000000099999999973 0.00000000099999999973 0.00000000099999999973 0.00000000099999999973 
0.01511164502569777197 0.00000000099999999959 0.00000000099999999959 0.80346034763146267910 0.00000000099999999959 0.00000000099999999959 0.00000000099999999959 0.00000000099999999959 0.18142800134283956770 
0.99999999200000011523 0.00000000099999999901 0.00000000099999999901 0.00000000099999999901 0.00000000099999999901 0.00000000099999999901 0.00000000099999999901 0.00000000099999999901 0.00000000099999999901 
0.21091611846039487466 0.00000000099999999981 0.78908387453960515678 0.00000000099999999981 0.00000000099999999981 0.00000000099999999981 0.00000000099999999981 0.00000000099999999981 0.00000000099999999981 
0.00000000099999999958 0.99999999200000011523 0.00000000099999999958 0.00000000099999999958 0.00000000099999999958 0.00000000099999999958 0.00000000099999999958 0.00000000099999999958 0.00000000099999999958 
0.30816781945491839023 0.00000000099999999984 0.00000000099999999984 0.00000000099999999984 0.09137777367881494417 0.00000000099999999984 0.26679906855062052173 0.00000000099999999984 0.33365533331564600772 
0.00000000099999999982 0.87446030077775716016 0.00000000099999999982 0.00000000099999999982 0.00000000099999999982 0.12553969222224312108 0.00000000099999999982 0.00000000099999999982 0.00000000099999999982 
0.99999999200000022626 0.00000000099999999943 0.00000000099999999943 0.00000000099999999943 0.00000000099999999943 0.00000000099999999943 0.00000000099999999943 0.00000000099999999943 0.00000000099999999943 
0.00000000099999999970 0.00000000099999999970 0.76933174130497106180 0.00000000099999999970 0.23066825169502908066 0.00000000099999999970 0.00000000099999999970 0.00000000099999999970 0.00000000099999999970 
0.13586562662896287113 0.00000000099999999976 0.22007604526626095565 0.00000000099999999976 0.49614656454417094267 0.00000000099999999976 0.00000000099999999976 0.00000000099999999976 0.14791175856060537197 
0.00000000099999999971 0.00000000099999999971 0.00000000099999999971 0.00000000099999999971 0.68378594815146986896 0.31621404484853021799 0.00000000099999999971 0.00000000099999999971 0.00000000099999999971 
0.00000000099999999967 0.00000000099999999967 0.00000000099999999967 0.00000000099999999967 0.00000000099999999967 0.00000000099999999967 0.99999999200000000421 0.00000000099999999967 0.00000000099999999967 
0.08383508972154669892 0.00000000099999999969 0.00000000099999999969 0.00000000099999999969 0.91616490327845345742 0.00000000099999999969 0.00000000099999999969 0.00000000099999999969 0.00000000099999999969 
0.00000000099999999961 0.00000000099999999961 0.00000000099999999961 0.99999999200000000421 0.00000000099999999961 0.00000000099999999961 0.00000000099999999961 0.00000000099999999961 0.00000000099999999961 
