0.00000000099999999970 0.31574754390425979755 0.22466431644851164728 0.00000000099999999970 0.45958813564722861278 0.00000000099999999970 0.00000000099999999970 
0.00000000099999999967 0.00000000099999999967 0.00000000099999999967 0.00000000099999999967 0.00000000099999999967 0.99999999399999994765 0.00000000099999999967 
0.32659827480206476968 0.19445965104232773579 0.27830145603625550121 0.18560961713070825430 0.00000000099999999996 0.01503099898864362211 0.00000000099999999996 
0.00349870230094038179 0.19335292320154076617 0.00000000099999999997 0.58949344963486027815 0.00000000099999999997 0.17702506341595014572 0.03662985944670836547 
0.00000000099999999990 0.00000000099999999990 0.00000000099999999990 0.22980007990220052694 0.00000000099999999990 0.24265946358528076021 0.52754045251251879822 
0.00000000099999999994 0.00000000099999999994 0.49272563689971010659 0.15837184253072064677 0.00024835103212324011 0.00000000099999999994 0.34865416653744613074 
0.00000000099999999987 0.29056910757670928458 0.47375586308279993286 0.23567502534049064589 0.00000000099999999987 0.00000000099999999987 0.00000000099999999987 
0.00000000099999999978 0.00000000099999999978 0.84134676026463428578 0.00000000099999999978 0.00000000099999999978 0.00000000099999999978 0.15865323473536568910 
0.00000000099999999971 0.99999999400000016969 0.00000000099999999971 0.00000000099999999971 0.00000000099999999971 0.00000000099999999971 0.00000000099999999971 
0.00000000099999999932 0.13970980156175641373 0.00000000099999999932 0.00000000099999999932 0.86029019343824353339 0.00000000099999999932 0.00000000099999999932 
0.79211976766253533455 0.20788016619500701565 0.00000000099999999986 0.00000000099999999986 0.00000006214245773399 0.00000000099999999986 0.00000000099999999986 
0.00000000099999999979 0.00000000099999999979 0.31639771117855480798 0.00000000099999999979 0.61182570274592018578 0.07177658207552493896 0.00000000099999999979 
0.10014217544274960081 0.06325483551071239829 0.00000000099999999994 0.38192118046422451894 0.21082374212205332031 0.24385806446025998229 0.00000000099999999994 
0.63076191540042514383 0.00023083740265859002 0.00000000099999999966 0.00000000099999999966 0.36900724319691635689 0.00000000099999999966 0.00000000099999999966 
0.00000000099999999935 0.99999833298263707260 0.00000000099999999935 0.00000000099999999935 0.00000166201736313194 0.00000000099999999935 0.00000000099999999935 
0.00000000099999999983 0.00000000099999999983 0.99999999399999994765 0.00000000099999999983 0.00000000099999999983 0.00000000099999999983 0.00000000099999999983 
0.54722281120857574344 0.00000000099999999988 0.00000000099999999988 0.00000000099999999988 0.00000000099999999988 0.16209030350423267453 0.29068688128719166741 
0.32131856808184539043 0.54408614654068698790 0.00000000099999999987 0.00000000099999999987 0.00000000099999999987 0.13459528137746765153 0.00000000099999999987 
0.00000000099999999992 0.00000000099999999992 0.11550328786028983552 0.36607113653673650777 0.38758539497622901404 0.00000000099999999992 0.13084017762674454710 
0.62612263118266286988 0.00000000099999999996 0.00000000099999999996 0.00000000099999999996 0.00000000099999999996 0.00000000099999999996 0.37387736381733716051 
0.00000000099999999969 0.00000000099999999969 0.00000000099999999969 0.00000000099999999969 0.99999999399999994765 0.00000000099999999969 0.00000000099999999969 
0.00000000099999999971 0.99999999400000016969 0.00000000099999999971 0.00000000099999999971 0.00000000099999999971 0.00000000099999999971 0.00000000099999999971 
0.00000000099999999993 0.00000000099999999993 0.00000000099999999993 0.22354438158126174740 0.37971499178225781579 0.00000000099999999993 0.39674062263648035565 
0.00000000099999999955 0.20334067405022274166 0.00000000099999999955 0.00000000099999999955 0.79665932094977731648 0.00000000099999999955 0.00000000099999999955 
0.00000000099999999992 0.10756860678568748446 0.00000000099999999992 0.20568406901770092121 0.68674295555551456705 0.00000436564109691123 0.00000000099999999992 
0.00000000099999999977 0.00000000099999999977 0.00000000099999999977 0.00000000099999999977 0.00000464157537625387 0.00000000099999999977 0.99999535342462375631 
0.00000000099999999935 0.99999999400000005867 0.00000000099999999935 0.00000000099999999935 0.00000000099999999935 0.00000000099999999935 0.00000000099999999935 
0.35267080774495596085 0.00000000099999999996 0.35682730519924954482 0.08343983156301294779 0.02972208320892587990 0.00000000099999999996 0.17733997028385556360 
0.00000000099999999934 0.00000000099999999934 0.00000000099999999934 0.00000000099999999934 0.99999999399999994765 0.00000000099999999934 0.00000000099999999934 
0.24686935269889273559 0.00000000099999999998 0.00000000099999999998 0.28276405484622452180 0.07437819078623136848 0.36227853046140884308 0.03370986920724235170 
0.00000000099999999940 0.00000000099999999940 0.00000000099999999940 0.00000000099999999940 0.99999999399999994765 0.00000000099999999940 0.00000000099999999940 
0.00000000099999999977 0.00000000099999999977 0.37635177142384540483 0.00000000099999999977 0.00000000099999999977 0.00000000099999999977 0.62364822357615445902 
0.11773901389228776104 0.77677615914240838446 0.00000000099999999988 0.10548482296530381497 0.00000000099999999988 0.00000000099999999988 0.00000000099999999988 
0.00000000099999999991 0.32560026257537627581 0.00000000099999999991 0.00000000099999999991 0.08671477167522959051 0.00000000099999999991 0.58768496174939399701 
0.00000000099999999988 0.55998909714499411905 0.00000000099999999988 0.44001089785500585583 0.00000000099999999988 0.00000000099999999988 0.00000000099999999988 
0.49141305145003971733 0.00000000099999999993 0.00000000099999999993 0.24822653749715989369 0.13332466015484345512 0.00000000099999999993 0.12703574789795685218 
0.48624946821648001860 0.00000000099999999992 0.29092339266443989487 0.00000000099999999992 0.00000000099999999992 0.22282713511907997761 0.00000000099999999992 
0.00000000099999999994 0.37950641269316681692 0.00000000099999999994 0.13442828956321442591 0.00000000099999999994 0.21950632054705490614 0.26655897419656388037 
0.00000000099999999970 0.00000000099999999970 0.99999999399999994765 0.00000000099999999970 0.00000000099999999970 0.00000000099999999970 0.00000000099999999970 
0.00000000099999999982 0.02009005313301007525 0.00000000099999999982 0.63139400647612498041 0.34851593639086492216 0.00000000099999999982 0.00000000099999999982 
0.00004162702046828450 0.00000000099999999999 0.38700817970630629894 0.33427649694176558848 0.20327897328593980131 0.07521005690917464959 0.00018466513634546441 
0.84949486901442849973 0.15050512598557158617 0.00000000099999999972 0.00000000099999999972 0.00000000099999999972 0.00000000099999999972 0.00000000099999999972 
0.00000000099999999980 0.00000000099999999980 0.00000000099999999980 0.00000000099999999980 0.00000000099999999980 0.00000000099999999980 0.99999999399999994765 
0.39197559066057496846 0.00000000099999999993 0.00000000099999999993 0.15510798951231771770 0.00000000099999999993 0.13923724673469550783 0.31367917009241175208 
0.00000000099999999934 0.99999999400000005867 0.00000000099999999934 0.00000000099999999934 0.00000000099999999934 0.00000000099999999934 0.00000000099999999934 
0.99999999400000016969 0.00000000099999999979 0.00000000099999999979 0.00000000099999999979 0.00000000099999999979 0.00000000099999999979 0.00000000099999999979 
0.00000000099999999984 0.46401003631752529843 0.00000000099999999984 0.39817740621492769826 0.13781255346754700541 0.00000000099999999984 0.00000000099999999984 
0.99999999400000005867 0.00000000099999999976 0.00000000099999999976 0.00000000099999999976 0.00000000099999999976 0.00000000099999999976 0.00000000099999999976 
0.00000000099999999946 0.99999999400000016969 0.00000000099999999946 0.00000000099999999946 0.00000000099999999946 0.00000000099999999946 0.00000000099999999946 
0.00000000099999999941 0.99999999400000005867 0.00000000099999999941 0.00000000099999999941 0.00000000099999999941 0.00000000099999999941 0.00000000099999999941 
0.38937473713697573485 0.59822125936257464218 0.00000000099999999987 0.00000000099999999987 0.01240399950044971875 0.00000000099999999987 0.00000000099999999987 
0.00000000099999999979 0.00000000099999999979 0.54774692904856914222 0.00000000099999999979 0.00000000099999999979 0.45225306595143083266 0.00000000099999999979 
0.00000000099999999978 0.00000000099999999978 0.00000000099999999978 0.00000000099999999978 0.00000000099999999978 0.99999999399999994765 0.00000000099999999978 
0.82995427491566087230 0.00000000099999999987 0.00000000099999999987 0.17004572008433924135 0.00000000099999999987 0.00000000099999999987 0.00000000099999999987 
0.00000000099999999966 0.00000000099999999966 0.00000000099999999966 0.00000000099999999966 0.99999999400000005867 0.00000000099999999966 0.00000000099999999966 
0.00000000099999999994 0.05820500615400487493 0.00000000099999999994 0.35509242216338116060 0.15036386042427474230 0.10891593651553756195 0.32742277274280168209 
0.00000000099999999969 0.00000000099999999969 0.99999999400000005867 0.00000000099999999969 0.00000000099999999969 0.00000000099999999969 0.00000000099999999969 
0.38745112968721462376 0.61254886531278540662 0.00000000099999999974 0.00000000099999999974 0.00000000099999999974 0.00000000099999999974 0.00000000099999999974 
0.00000000099999999977 0.43967873119136574589 0.00000000099999999977 0.56032126380863422899 0.00000000099999999977 0.00000000099999999977 0.00000000099999999977 
0.00000000099999999976 0.00000000099999999976 0.00000000099999999976 0.00000000099999999976 0.99999999399999994765 0.00000000099999999976 0.00000000099999999976 
0.00000000099999999963 0.00000000099999999963 0.60778513414855939168 0.00000000099999999963 0.39221486085144063871 0.00000000099999999963 0.00000000099999999963 
0.00000000099999999929 0.00000000099999999929 0.00000000099999999929 0.00000000099999999929 0.99999999399999994765 0.00000000099999999929 0.00000000099999999929 
0.99999999400000016969 0.00000000099999999987 0.00000000099999999987 0.00000000099999999987 0.00000000099999999987 0.00000000099999999987 0.00000000099999999987 
0.00000000099999999975 0.14077127016784032887 0.85881444056920086538 0.00000000099999999975 0.00041428526295884922 0.00000000099999999975 0.00000000099999999975 
0.00000000099999999931 0.52315184486213106574 0.00000000099999999931 0.00000000099999999931 0.47684815013786913118 0.00000000099999999931 0.00000000099999999931 
0.51693792352340017793 0.00000000099999999997 0.02399454322911065765 0.00000000099999999997 0.34922158276457909709 0.10984594748291011401 0.00000000099999999997 
0.00000000099999999982 0.00000000099999999982 0.00000000099999999982 0.34829256093504018521 0.00000000099999999982 0.65170743406495956762 0.00000000099999999982 
0.14247382842158984317 0.54945860466494911289 0.00000000099999999994 0.30806756291346104604 0.00000000099999999994 0.00000000099999999994 0.00000000099999999994 
0.00000000099999999986 0.00000000099999999986 0.00000000099999999986 0.00000000099999999986 0.00000000099999999986 0.99999999399999994765 0.00000000099999999986 
0.00000000099999999952 0.00000000099999999952 0.00000000099999999952 0.00000000099999999952 0.99999999400000005867 0.00000000099999999952 0.00000000099999999952 
0.99999999400000016969 0.00000000099999999977 0.00000000099999999977 0.00000000099999999977 0.00000000099999999977 0.00000000099999999977 0.00000000099999999977 
0.84255833628177068118 0.00009711890229975663 0.00000000099999999984 0.00000000099999999984 0.15734454081592966213 0.00000000099999999984 0.00000000099999999984 
0.50444974148364329913 0.00000000099999999980 0.00000000099999999980 0.00000000099999999980 0.00000000099999999980 0.00000000099999999980 0.49555025351635684228 
0.00000000099999999990 0.08103859766268871334 0.00000000099999999990 0.78018300562184017544 0.13877839271547104394 0.00000000099999999990 0.00000000099999999990 
0.84887621470641194676 0.00000000099999999991 0.00000000099999999991 0.00000000099999999991 0.00000000099999999991 0.00000000099999999991 0.15112378029358813913 
0.00000000099999999976 0.00000000099999999976 0.80136670752670879914 0.00000000099999999976 0.00000000099999999976 0.19863328747329109247 0.00000000099999999976 
