0.00000000099999999984 0.78371342503209984187 0.21628657296790013143 0.00000000099999999984 
0.52696600078974153991 0.16878434906907435753 0.30424964914118385328 0.00000000099999999997 
0.12009255601740058406 0.15056742987855845084 0.26455959591452526958 0.46478041818951570940 
0.71394664292447940213 0.10826226883653169986 0.00000000099999999996 0.17779108723898900957 
0.78008126421181489540 0.00000000099999999999 0.21991867948196686111 0.00000005530621835421 
0.39888295630843906281 0.07449790803518946403 0.52661913465637133491 0.00000000099999999998 
0.24288663535257079551 0.30382522027513342300 0.45328814337229561549 0.00000000099999999999 
0.00000000099999999990 0.00000000099999999990 0.99999999699999986280 0.00000000099999999990 
0.00000000099999999986 0.99999999700000008485 0.00000000099999999986 0.00000000099999999986 
0.00000000099999999960 0.99999999700000008485 0.00000000099999999960 0.00000000099999999960 
0.00000000099999999990 0.20484231627633819883 0.00000000099999999990 0.79515768172366174671 
0.00000000099999999990 0.61461530626194904592 0.38538469173805101065 0.00000000099999999990 
0.52733169282861414029 0.28220816258572667401 0.00000000099999999997 0.19046014358565907520 
0.00000000099999999982 0.39771918357724617143 0.00000000099999999982 0.60228081442275382962 
0.00000000099999999960 0.99999999700000008485 0.00000000099999999960 0.00000000099999999960 
0.00000000099999999990 0.00000000099999999990 0.99999999699999997382 0.00000000099999999990 
0.38321000830759471834 0.00000000099999999997 0.00000000099999999997 0.61678998969240528272 
0.00000000099999999993 0.46015573758519995318 0.00000000099999999993 0.53984426041480004788 
0.54500845265608754975 0.36025529326424238219 0.09473625307966998532 0.00000000099999999998 
0.00109280092136237821 0.00361707659711745129 0.21996583228759244988 0.77532429019392778979 
0.04951015761410854088 0.95048984038589134915 0.00000000099999999989 0.00000000099999999989 
0.00000000099999999987 0.99999999699999997382 0.00000000099999999987 0.00000000099999999987 
0.59088552303012675804 0.40911447496987340955 0.00000000099999999998 0.00000000099999999998 
0.00000000099999999977 0.99999999699999997382 0.00000000099999999977 0.00000000099999999977 
0.24613795298273294376 0.75386204501726705729 0.00000000099999999992 0.00000000099999999992 
0.74440195347549442673 0.10135964468863270516 0.15423840083587281313 0.00000000099999999996 
0.00000000099999999964 0.99999999699999997382 0.00000000099999999964 0.00000000099999999964 
0.15596534574582107679 0.00362175565469648533 0.39698247848453049880 0.44343042011495198418 
0.00000000099999999970 0.99999999700000008485 0.00000000099999999970 0.00000000099999999970 
0.63885013429499870607 0.10153498472061085744 0.00199462668192541045 0.25762025430246504598 
0.00000000099999999968 0.99999999700000008485 0.00000000099999999968 0.00000000099999999968 
0.18685687358045890982 0.00000000099999999997 0.81314312249542419764 0.00000000292411686898 
0.00000000099999999994 0.68425690632758373599 0.00000000099999999994 0.31574309167241620955 
0.57430411920725576991 0.42569587879274428666 0.00000000099999999997 0.00000000099999999997 
0.40903392778957359255 0.47809028800230646272 0.00000000099999999995 0.11287578320812008403 
0.32982008129851403400 0.07894435888593247241 0.00000000099999999996 0.59123555881555345248 
0.00003001191116207583 0.00000000099999999997 0.40380490997526141683 0.59616507711357658028 
0.52465042216324331292 0.41449993172794968865 0.00000000099999999997 0.06084964510880692262 
0.00000000099999999987 0.00000000099999999987 0.99999999699999986280 0.00000000099999999987 
0.65684742801218309882 0.34309588553724151838 0.00000000099999999995 0.00005668545057537101 
0.41843639180824615531 0.14684483774963799640 0.30149793874846059216 0.13322083169365531163 
0.00000000099999999985 0.17047454143244400449 0.00000000099999999985 0.82952545656755594106 
0.46053698816641719382 0.00000000099999999999 0.18224873614261330457 0.35721427469096950214 
0.51638859557701677350 0.00000000099999999996 0.00000000099999999996 0.48361140242298339409 
0.00000000099999999966 0.99999999700000008485 0.00000000099999999966 0.00000000099999999966 
0.00000000099999999988 0.00000000099999999988 0.00000000099999999988 0.99999999700000008485 
0.25120146360166517585 0.50775889847119948239 0.00000000099999999996 0.24103963692713534228 
0.00000000099999999987 0.00000000099999999987 0.00000000099999999987 0.99999999700000008485 
0.00000000099999999972 0.99999999699999997382 0.00000000099999999972 0.00000000099999999972 
0.00000000099999999966 0.99999999699999997382 0.00000000099999999966 0.00000000099999999966 
0.00000000099999999991 0.60328418919874704507 0.00000000099999999991 0.39671580880125301150 
0.16413174880020192647 0.00000000099999999994 0.83586824919979807458 0.00000000099999999994 
0.64993946730550100632 0.08030688510726805007 0.26975364658723099964 0.00000000099999999999 
0.00559353597583756891 0.00000000099999999992 0.00000000099999999992 0.99440646202416238530 
0.00000000099999999994 0.94156407634175010024 0.05843592165825002571 0.00000000099999999994 
0.77218790239317802726 0.22781209560682189053 0.00000000099999999994 0.00000000099999999994 
0.00000000099999999988 0.00000000099999999988 0.99999999699999997382 0.00000000099999999988 
0.00000000099999999986 0.56881183618787378720 0.00000000099999999986 0.43118816181212638039 
0.46785713210982476928 0.35013122576845018274 0.00000000099999999993 0.18201164112172504850 
0.10079233112342164680 0.81204691831800090984 0.00000000099999999995 0.08716074955857737450 
0.00000000099999999983 0.41951302321501704462 0.58048697478498290092 0.00000000099999999983 
0.00000000099999999960 0.99999999700000008485 0.00000000099999999960 0.00000000099999999960 
0.00000000099999999994 0.00000000099999999994 0.00000000099999999994 0.99999999700000008485 
0.00000000099999999988 0.17813108877977384958 0.82186890922022615147 0.00000000099999999988 
0.00000000099999999958 0.99999999700000008485 0.00000000099999999958 0.00000000099999999958 
0.00000000099999999999 0.34898307012168550134 0.08351695153500895974 0.56749997734330537291 
0.86119729377596676567 0.00000000099999999994 0.13880270422403329089 0.00000000099999999994 
0.25858678375421356721 0.47944799480979627404 0.00000000099999999997 0.26196522043599013152 
0.66298767032526972898 0.00000867808680625101 0.29578825610161546544 0.04121539548630851618 
0.00000000099999999984 0.99999999700000008485 0.00000000099999999984 0.00000000099999999984 
0.00000000099999999989 0.00000000099999999989 0.00000000099999999989 0.99999999700000008485 
0.00000000099999999992 0.18539462461399847104 0.00000000099999999992 0.81460537338600158552 
0.32232894391425248592 0.00000000099999999998 0.03755946707582835664 0.64011158800991907469 
0.68131374475987049877 0.10730503847725746114 0.00000000099999999994 0.21138121576287219328 
0.07673699922915841465 0.05015077239341767662 0.00000000099999999997 0.87311222737742388844 
0.00000000099999999987 0.00000000099999999987 0.99999999699999997382 0.00000000099999999987 
