0.00000000099999999944 0.00000000099999999944 0.31211808897060239198 0.00000000099999999944 0.00000000099999999944 0.00000000099999999944 0.68788190402939752843 0.00000000099999999944 0.00000000099999999944 
0.00000000099999999952 0.99999999200000022626 0.00000000099999999952 0.00000000099999999952 0.00000000099999999952 0.00000000099999999952 0.00000000099999999952 0.00000000099999999952 0.00000000099999999952 
0.00000000099999999991 0.00000000099999999991 0.35196551590472907600 0.00000000099999999991 0.37503945541710309586 0.00000000099999999991 0.00000000099999999991 0.00000000099999999991 0.27299502267816772028 
0.00000000099999999988 0.00000000099999999988 0.00000000099999999988 0.00000000099999999988 0.34105810010756548722 0.00000000099999999988 0.00000000099999999988 0.65894189289243454422 0.00000000099999999988 
0.33283883093609384352 0.23028069021271313499 0.00000000099999999984 0.16946136009862908245 0.00000000099999999984 0.00000000099999999984 0.00000000099999999984 0.26741911375256405270 0.00000000099999999984 
0.56617549582884174608 0.00000000099999999985 0.28595690658344780077 0.14786759158771051181 0.00000000099999999985 0.00000000099999999985 0.00000000099999999985 0.00000000099999999985 0.00000000099999999985 
0.00000000099999999978 0.00000000099999999978 0.67348725391677433105 0.00000000099999999978 0.00000000099999999978 0.00000000099999999978 0.01266677963391652645 0.31384596044930901382 0.00000000099999999978 
0.00000000099999999955 0.00000000099999999955 0.00000000099999999955 0.99999999200000011523 0.00000000099999999955 0.00000000099999999955 0.00000000099999999955 0.00000000099999999955 0.00000000099999999955 
0.00000000099999999971 0.00000000099999999971 0.00000000099999999971 0.00000000099999999971 0.00000000099999999971 0.00000000099999999971 0.88835622413842074696 0.00000000099999999971 0.11164376886157928448 
0.00000000099999999905 0.00000000099999999905 0.00000000099999999905 0.00000000099999999905 0.00000000099999999905 0.00000000099999999905 0.99999999200000000421 0.00000000099999999905 0.00000000099999999905 
0.00000000099999999969 0.00000000099999999969 0.00000000099999999969 0.00000000099999999969 0.00000000099999999969 0.90427137453734596217 0.08351193199944791090 0.00000000099999999969 0.01221668746320628621 
0.00000000099999999966 0.09439877816118129317 0.40506581439987143778 0.00000000099999999966 0.00000000099999999966 0.00000000099999999966 0.50053540143894725833 0.00000000099999999966 0.00000000099999999966 
0.00000000099999999988 0.33627686450916949301 0.00000000099999999988 0.00000000099999999988 0.00000000099999999988 0.20422592837401393195 0.09378859003782959169 0.36570861207898686107 0.00000000099999999988 
0.00000000099999999942 0.00000000099999999942 0.00000000099999999942 0.00000000099999999942 0.00000000099999999942 0.79760266811289626254 0.20239732488710371339 0.00000000099999999942 0.00000000099999999942 
0.00000000099999999906 0.00000000099999999906 0.00000000099999999906 0.00000000099999999906 0.00000000099999999906 0.00000000099999999906 0.99999999199999989319 0.00000000099999999906 0.00000000099999999906 
0.00000000099999999975 0.00000000099999999975 0.00000000099999999975 0.99999999200000000421 0.00000000099999999975 0.00000000099999999975 0.00000000099999999975 0.00000000099999999975 0.00000000099999999975 
0.30340800105984389035 0.06978451977733959866 0.00000000099999999983 0.00000000099999999983 0.58695852014764049454 0.03984895401517593583 0.00000000099999999983 0.00000000099999999983 0.00000000099999999983 
0.00000000099999999973 0.00000000099999999973 0.00000000099999999973 0.00000000099999999973 0.00000000099999999973 0.22683452611683943556 0.00000000099999999973 0.00000000099999999973 0.77316546688316056812 
0.19340257550857958835 0.00000000099999999981 0.11500717517744139806 0.00000000099999999981 0.00000000099999999981 0.00000000099999999981 0.18607503079248036149 0.50551521352149852984 0.00000000099999999981 
0.00000001688817212731 0.00000000099999999995 0.00000000099999999995 0.23209274151377212725 0.00000000099999999995 0.76790723559805573739 0.00000000099999999995 0.00000000099999999995 0.00000000099999999995 
0.00000000099999999971 0.05395010247832416478 0.00000000099999999971 0.00000000099999999971 0.00000000099999999971 0.00000000099999999971 0.94604989052167587360 0.00000000099999999971 0.00000000099999999971 
0.00000000099999999955 0.00000000099999999955 0.00000000099999999955 0.00000000099999999955 0.00000000099999999955 0.00000000099999999955 0.84311788785894459242 0.00000000099999999955 0.15688210514105552229 
0.64448934542762503774 0.00000000099999999978 0.00000000099999999978 0.00000000099999999978 0.00000000099999999978 0.00000000099999999978 0.35551064757237504921 0.00000000099999999978 0.00000000099999999978 
0.00000000099999999934 0.00000000099999999934 0.00000000099999999934 0.00000000099999999934 0.00000000099999999934 0.00000000099999999934 0.99999999199999989319 0.00000000099999999934 0.00000000099999999934 
0.07294066879372819445 0.14360035865206183248 0.00000000099999999982 0.00000000099999999982 0.00000000099999999982 0.00000000099999999982 0.67688913370433267946 0.00000000099999999982 0.10656983384987743502 
0.99999999200000022626 0.00000000099999999965 0.00000000099999999965 0.00000000099999999965 0.00000000099999999965 0.00000000099999999965 0.00000000099999999965 0.00000000099999999965 0.00000000099999999965 
0.00000000099999999923 0.00000000099999999923 0.00000000099999999923 0.00000000099999999923 0.00000000099999999923 0.00000000099999999923 0.99999999200000000421 0.00000000099999999923 0.00000000099999999923 
0.23129634546600830181 0.00000000099999999984 0.17306364672766746948 0.14241458046567737061 0.00000000099999999984 0.45322542234064683297 0.00000000099999999984 0.00000000099999999984 0.00000000099999999984 
0.00000000099999999918 0.00000000099999999918 0.00000000099999999918 0.00000000099999999918 0.00000000099999999918 0.00000000099999999918 0.99999999200000000421 0.00000000099999999918 0.00000000099999999918 
0.00000000099999999983 0.15983712747457171077 0.00000000099999999983 0.09163259532895720594 0.39936360967268152988 0.00000000099999999983 0.00000000099999999983 0.34916666252378936175 0.00000000099999999983 
0.00000000099999999923 0.00000000099999999923 0.00000000099999999923 0.00000000099999999923 0.00000000099999999923 0.00000000099999999923 0.99999999199999989319 0.00000000099999999923 0.00000000099999999923 
0.00000000099999999959 0.00000000099999999959 0.00000000099999999959 0.99999999200000000421 0.00000000099999999959 0.00000000099999999959 0.00000000099999999959 0.00000000099999999959 0.00000000099999999959 
0.00000000099999999960 0.00000000099999999960 0.00000000099999999960 0.00000000099999999960 0.00000000099999999960 0.00000000099999999960 0.59843024800021604737 0.00000000099999999960 0.40156974499978403959 
0.44413285019909648499 0.00000000099999999983 0.00000000099999999983 0.00000000099999999983 0.00000000099999999983 0.00000000099999999983 0.27593216069904435983 0.00000000099999999983 0.27993498310185915834 
0.26292468981261485350 0.00000000099999999976 0.00000000099999999976 0.00000000099999999976 0.00000000099999999976 0.00000000099999999976 0.33385961434246158586 0.00000000099999999976 0.40321568984492334176 
0.17072083807614976680 0.00000000099999999982 0.00000000099999999982 0.00000000099999999982 0.00000000099999999982 0.57173000472433976871 0.00000000099999999982 0.25754915119951049540 0.00000000099999999982 
0.00000000099999999989 0.00000000099999999989 0.00084875761244054945 0.36511589055839305251 0.35298315506280247833 0.00573221813920960898 0.00000000099999999989 0.00000000099999999989 0.27531997462715418479 
0.00000000099999999985 0.41569157856229488335 0.00000000099999999985 0.00000000099999999985 0.00000000099999999985 0.00000000099999999985 0.19004437027749873645 0.00000000099999999985 0.39426404516020630009 
0.17185729162547175308 0.00000000099999999974 0.55822521049128626114 0.21837667323077838977 0.05154081965246364028 0.00000000099999999974 0.00000000099999999974 0.00000000099999999974 0.00000000099999999974 
0.00000000099999999967 0.00000000099999999967 0.00000000099999999967 0.00000000099999999967 0.00000000099999999967 0.00000000099999999967 0.10897842170303295717 0.89102157129696701876 0.00000000099999999967 
0.25165778403730815205 0.00000000099999999997 0.31391484440831751712 0.00000000099999999997 0.00000000099999999997 0.05675437361148606696 0.00000000099999999997 0.37767299294288819711 0.00000000099999999997 
0.00000000099999999961 0.00000000099999999961 0.00000000099999999961 0.00000000099999999961 0.00000000099999999961 0.99999999200000000421 0.00000000099999999961 0.00000000099999999961 0.00000000099999999961 
0.45624009490073502704 0.07485198064128772977 0.00000000099999999986 0.08362821402303864671 0.38527970543493877953 0.00000000099999999986 0.00000000099999999986 0.00000000099999999986 0.00000000099999999986 
0.31057778180618067498 0.03074734349040791556 0.00000000099999999986 0.00000000099999999986 0.49045840608076785028 0.00000141558242610160 0.00000000099999999986 0.16821504904021739035 0.00000000099999999986 
0.00000000099999999923 0.00000000099999999923 0.00000000099999999923 0.00000000099999999923 0.00000000099999999923 0.00000000099999999923 0.99999999200000000421 0.00000000099999999923 0.00000000099999999923 
0.00000000099999999969 0.00000000099999999969 0.00000000099999999969 0.00000000099999999969 0.62598958889064104660 0.23865321182024479274 0.00000000099999999969 0.00000000099999999969 0.13535719328911430259 
0.00000000099999999962 0.00000000099999999962 0.00000000099999999962 0.00000000099999999962 0.00000000099999999962 0.00000000099999999962 0.37921273339283279036 0.00000000099999999962 0.62078725960716718557 
0.00000000099999999970 0.00000000099999999970 0.00000000099999999970 0.00000000099999999970 0.43826878772622523961 0.44414684613882787767 0.00000000099999999970 0.00000000099999999970 0.11758436013494692751 
0.00000000099999999928 0.00000000099999999928 0.00000000099999999928 0.00000000099999999928 0.00000000099999999928 0.00000000099999999928 0.99999999199999989319 0.00000000099999999928 0.00000000099999999928 
0.00000000099999999927 0.00000000099999999927 0.00000000099999999927 0.00000000099999999927 0.00000000099999999927 0.00000000099999999927 0.99999999199999989319 0.00000000099999999927 0.00000000099999999927 
0.00000000099999999969 0.00000000099999999969 0.00000000099999999969 0.00000000099999999969 0.37779578425902737848 0.00000000099999999969 0.58099432409850637615 0.00000000099999999969 0.04120988564246624852 
0.00000000099999999973 0.35024108078246646292 0.00001068475668074344 0.64974822846085289463 0.00000000099999999973 0.00000000099999999973 0.00000000099999999973 0.00000000099999999973 0.00000000099999999973 
0.00000000099999999968 0.99999999200000022626 0.00000000099999999968 0.00000000099999999968 0.00000000099999999968 0.00000000099999999968 0.00000000099999999968 0.00000000099999999968 0.00000000099999999968 
0.13779286371119692234 0.00000000099999999976 0.00000000099999999976 0.00000000099999999976 0.53343294390825901630 0.32877418638054417555 0.00000000099999999976 0.00000000099999999976 0.00000000099999999976 
0.11753363750952292022 0.00000000099999999962 0.00000000099999999962 0.00000000099999999962 0.00000000099999999962 0.00000000099999999962 0.88246635549047713898 0.00000000099999999962 0.00000000099999999962 
0.50539321252905811122 0.00000000099999999983 0.00000000099999999983 0.00000000099999999983 0.00000000099999999983 0.00000000099999999983 0.08985764299940619815 0.40474913847153581870 0.00000000099999999983 
0.00000000099999999960 0.00000000099999999960 0.68405139285710969688 0.31594860014289027905 0.00000000099999999960 0.00000000099999999960 0.00000000099999999960 0.00000000099999999960 0.00000000099999999960 
0.00000000099999999966 0.00000000099999999966 0.00000000099999999966 0.00000000099999999966 0.10167842110568610370 0.15296443674857049255 0.46462577678787597701 0.00000000099999999966 0.28073136035786760978 
0.00000000099999999970 0.00000000099999999970 0.00000000099999999970 0.00000000099999999970 0.00000000099999999970 0.00000000099999999970 0.12235565466777163779 0.48403632181118499966 0.39360801752104346285 
0.08722926113744416954 0.00000000099999999967 0.00000000099999999967 0.00000000099999999967 0.00000000099999999967 0.00000000099999999967 0.74028002702952377945 0.00000000099999999967 0.17249070583303191539 
0.00000000099999999939 0.00000000099999999939 0.78913574091257754350 0.00000000099999999939 0.00000000099999999939 0.00000000099999999939 0.21086425208742254345 0.00000000099999999939 0.00000000099999999939 
0.00000000099999999903 0.00000000099999999903 0.00000000099999999903 0.00000000099999999903 0.00000000099999999903 0.00000000099999999903 0.99999999200000000421 0.00000000099999999903 0.00000000099999999903 
0.00000000099999999967 0.00000000099999999967 0.00000000099999999967 0.00000000099999999967 0.82758719703937855261 0.17241279596062139556 0.00000000099999999967 0.00000000099999999967 0.00000000099999999967 
0.00000000099999999946 0.00000000099999999946 0.99999999200000011523 0.00000000099999999946 0.00000000099999999946 0.00000000099999999946 0.00000000099999999946 0.00000000099999999946 0.00000000099999999946 
0.00000000099999999896 0.00000000099999999896 0.00000000099999999896 0.00000000099999999896 0.00000000099999999896 0.00000000099999999896 0.99999999199999978217 0.00000000099999999896 0.00000000099999999896 
0.00000000099999999983 0.00000000099999999983 0.00000000099999999983 0.04501609900552227400 0.00000000099999999983 0.74864085871407515249 0.20634303628040265299 0.00000000099999999983 0.00000000099999999983 
0.00000000099999999965 0.65022391349303232388 0.00000000099999999965 0.00000000099999999965 0.00000000099999999965 0.00000000099999999965 0.00000000099999999965 0.34977607950696776307 0.00000000099999999965 
0.00000000099999999981 0.00000000099999999981 0.00000000099999999981 0.00000000099999999981 0.12671605207022276773 0.00000000099999999981 0.35170230640920985277 0.29748583267181677448 0.22409580384875063541 
0.06049899068883006492 0.75225131612749351895 0.00000000099999999980 0.00000000099999999980 0.18724968718367659970 0.00000000099999999980 0.00000000099999999980 0.00000000099999999980 0.00000000099999999980 
0.00000000099999999947 0.00000000099999999947 0.00000000099999999947 0.00000000099999999947 0.00000000099999999947 0.00000000099999999947 0.99999999200000000421 0.00000000099999999947 0.00000000099999999947 
0.00000000099999999968 0.00000000099999999968 0.00000000099999999968 0.00000000099999999968 0.21628527951889320313 0.78371471348110677280 0.00000000099999999968 0.00000000099999999968 0.00000000099999999968 
0.00000000099999999976 0.00000000099999999976 0.00000000099999999976 0.00000000099999999976 0.53568720342738374018 0.30877123720387605887 0.15554155336874023186 0.00000000099999999976 0.00000000099999999976 
0.29132354696475942779 0.00000000099999999973 0.00000000099999999973 0.00000000099999999973 0.70867644603524060365 0.00000000099999999973 0.00000000099999999973 0.00000000099999999973 0.00000000099999999973 
0.00000000099999999969 0.00000000099999999969 0.00000000099999999969 0.00000000099999999969 0.00000000099999999969 0.00000000099999999969 0.00000000099999999969 0.99999999199999989319 0.00000000099999999969 
0.00000000099999999965 0.00000000099999999965 0.00000000099999999965 0.00000000099999999965 0.94058476763797982390 0.00000000099999999965 0.05941522536202031857 0.00000000099999999965 0.00000000099999999965 
0.00000000099999999949 0.00000000099999999949 0.00000000099999999949 0.99999999200000000421 0.00000000099999999949 0.00000000099999999949 0.00000000099999999949 0.00000000099999999949 0.00000000099999999949 
