0.23117320206079583489 0.00000000099999999972 0.76882679393920427824 0.00000000099999999972 0.00000000099999999972 0.00000000099999999972 
0.00000000099999999978 0.00000000099999999978 0.00000000099999999978 0.99999999499999991937 0.00000000099999999978 0.00000000099999999978 
0.28967395469024420640 0.32589123643914924555 0.09706331736375518882 0.01546554545084040388 0.00000000099999999998 0.27190594505601090036 
0.00000000099999999996 0.00000000099999999996 0.00000000099999999996 0.23590547079065879443 0.06970822591559462655 0.69438630029374648345 
0.00000000099999999992 0.00000000099999999992 0.00000000099999999992 0.45924436066828222547 0.54075330136144805770 0.00000233497026976956 
0.53671717052784884139 0.00000000099999999996 0.00000000099999999996 0.00000000099999999996 0.42454217058565418830 0.03874065588649704128 
0.46077792017711693973 0.00000000099999999988 0.15766106135923571574 0.00000000099999999988 0.00000000099999999988 0.38156101546364729060 
0.86975786476729921581 0.00000000099999999983 0.00000000099999999983 0.00000000099999999983 0.13024213123270084180 0.00000000099999999983 
0.00000000099999999981 0.00000000099999999981 0.99999999499999991937 0.00000000099999999981 0.00000000099999999981 0.00000000099999999981 
0.00000000099999999937 0.00000000099999999937 0.99999999499999991937 0.00000000099999999937 0.00000000099999999937 0.00000000099999999937 
0.00000000099999999987 0.80904920085176912359 0.19095079514823093403 0.00000000099999999987 0.00000000099999999987 0.00000000099999999987 
0.33845317090980375774 0.00000000099999999985 0.58755310144607286738 0.07399372464412344585 0.00000000099999999985 0.00000000099999999985 
0.00000000099999999995 0.10461095574489863436 0.17364213065697653438 0.33088682918693962387 0.00000000099999999995 0.39086008241118525008 
0.00000000099999999970 0.62321233282158772226 0.37678766317841233535 0.00000000099999999970 0.00000000099999999970 0.00000000099999999970 
0.00000000099999999937 0.00000000099999999937 0.99999999499999991937 0.00000000099999999937 0.00000000099999999937 0.00000000099999999937 
0.99999999500000003039 0.00000000099999999986 0.00000000099999999986 0.00000000099999999986 0.00000000099999999986 0.00000000099999999986 
0.00000000099999999989 0.54306641656187215617 0.00000000099999999989 0.13471821407025874606 0.32221536636786912711 0.00000000099999999989 
0.00000000099999999991 0.54655812100869105574 0.45344186172771649979 0.00000001426359255676 0.00000000099999999991 0.00000000099999999991 
0.13454492548790167317 0.00000000099999999994 0.21306624158241083133 0.00000000099999999994 0.18039799420310057010 0.47199083672658698196 
0.02921222640524138991 0.64837235489945010958 0.00000000099999999997 0.00000159235473595272 0.32241382434057264117 0.00000000099999999997 
0.00000000099999999982 0.00000000099999999982 0.94191091128991588644 0.05808908471008409485 0.00000000099999999982 0.00000000099999999982 
0.00000000099999999980 0.00000000099999999980 0.99999999499999991937 0.00000000099999999980 0.00000000099999999980 0.00000000099999999980 
0.00000000099999999992 0.00000000099999999992 0.28379731991567652694 0.00000000099999999992 0.50031365853896803131 0.21588901854535527680 
0.00000000099999999961 0.00000000099999999961 0.99999999499999991937 0.00000000099999999961 0.00000000099999999961 0.00000000099999999961 
0.00000000099999999987 0.00000000099999999987 0.70873752050421912063 0.00000000099999999987 0.29126247549578077045 0.00000000099999999987 
0.00000000099999999981 0.00000000099999999981 0.00000000099999999981 0.00000000099999999981 0.99999999500000003039 0.00000000099999999981 
0.00000000099999999944 0.00000000099999999944 0.99999999499999991937 0.00000000099999999944 0.00000000099999999944 0.00000000099999999944 
0.36793338061618346968 0.40172718995044515156 0.00000000099999999996 0.00000000099999999996 0.23033942643337132483 0.00000000099999999996 
0.00000000099999999951 0.00000000099999999951 0.99999999500000003039 0.00000000099999999951 0.00000000099999999951 0.00000000099999999951 
0.00000000099999999999 0.24508119352641868915 0.00386128716985560628 0.42663891279083110408 0.05031173557405682617 0.27410686993883776053 
0.00000000099999999951 0.00000000099999999951 0.99999999499999991937 0.00000000099999999951 0.00000000099999999951 0.00000000099999999951 
0.41808190237613063189 0.00000000099999999983 0.00000000099999999983 0.00000000099999999983 0.58191809362386925919 0.00000000099999999983 
0.00000000099999999985 0.00000000099999999985 0.67840615994352082563 0.00000000099999999985 0.00000000099999999985 0.32159383605647928750 
0.00000000099999999992 0.00000000099999999992 0.33296045951360592197 0.00000000099999999992 0.49844221647396713681 0.16859732101242694280 
0.00000000099999999990 0.00000000099999999990 0.39811024418289403526 0.00000000099999999990 0.17292464335564936007 0.42896510946145666177 
0.00000000099999999996 0.52157922795231326241 0.01311305780386250695 0.00000000099999999996 0.16311551018071224206 0.30219220206311203647 
0.30715375446588338848 0.51178587769681305186 0.00000000099999999995 0.15622108054304606473 0.02483928529425747517 0.00000000099999999995 
0.00000000099999999995 0.11431596616000960775 0.31765676424833333424 0.36877984766289051421 0.19924741992876654484 0.00000000099999999995 
0.99999999500000014141 0.00000000099999999976 0.00000000099999999976 0.00000000099999999976 0.00000000099999999976 0.00000000099999999976 
0.00000000099999999983 0.00000000099999999983 0.14501916954341534383 0.00000000099999999983 0.00000000099999999983 0.85498082645658457501 
0.35453401354582947391 0.02561364060633357712 0.05306330690556539109 0.11919915733021468895 0.11563493606916581957 0.33195494554289106670 
0.00000000099999999975 0.85211206400446160014 0.14788793199553840196 0.00000000099999999975 0.00000000099999999975 0.00000000099999999975 
0.00000000099999999984 0.00000000099999999984 0.00000000099999999984 0.00000000099999999984 0.99999999499999991937 0.00000000099999999984 
0.00000000099999999994 0.41061305447059726070 0.00000000099999999994 0.13877884098565632098 0.32299056730439135166 0.12761753523935503996 
0.00000000099999999947 0.00000000099999999947 0.99999999500000003039 0.00000000099999999947 0.00000000099999999947 0.00000000099999999947 
0.00000000099999999980 0.99999999500000014141 0.00000000099999999980 0.00000000099999999980 0.00000000099999999980 0.00000000099999999980 
0.00000000099999999982 0.00000000099999999982 0.45721373796152192659 0.00000000099999999982 0.00000000099999999982 0.54278625803847813103 
0.00000000099999999979 0.99999999500000014141 0.00000000099999999979 0.00000000099999999979 0.00000000099999999979 0.00000000099999999979 
0.00000000099999999954 0.00000000099999999954 0.99999999499999991937 0.00000000099999999954 0.00000000099999999954 0.00000000099999999954 
0.00000000099999999948 0.00000000099999999948 0.99999999500000003039 0.00000000099999999948 0.00000000099999999948 0.00000000099999999948 
0.00000000099999999987 0.41111937916524221581 0.58888061683475767527 0.00000000099999999987 0.00000000099999999987 0.00000000099999999987 
0.61066595640854981486 0.00000000099999999985 0.00000000099999999985 0.38933403959145035378 0.00000000099999999985 0.00000000099999999985 
0.00000000099999999982 0.00000000099999999982 0.00000000099999999982 0.99999999499999991937 0.00000000099999999982 0.00000000099999999982 
0.00000000099999999989 0.91423636912692618495 0.00000000099999999989 0.00000000099999999989 0.08576362687307376165 0.00000000099999999989 
0.00000000099999999982 0.00000000099999999982 0.90398881495076555126 0.00000000099999999982 0.09601118104923447860 0.00000000099999999982 
0.00000000099999999994 0.00000000099999999994 0.07671033759332855639 0.22491755577040775660 0.37786536315607982539 0.32050674148018382104 
0.99999999500000003039 0.00000000099999999973 0.00000000099999999973 0.00000000099999999973 0.00000000099999999973 0.00000000099999999973 
0.00000000099999999979 0.44476214557405091554 0.55523785042594908656 0.00000000099999999979 0.00000000099999999979 0.00000000099999999979 
0.00000000099999999979 0.00000000099999999979 0.18726314543229122256 0.00000000099999999979 0.00000000099999999979 0.81273685056770872404 
0.00000000099999999982 0.00000000099999999982 0.76744955288924587844 0.00000000099999999982 0.00000000099999999982 0.23255044311075404040 
0.62715001282568416663 0.00000000099999999967 0.37284998317431583548 0.00000000099999999967 0.00000000099999999967 0.00000000099999999967 
0.00000000099999999938 0.00000000099999999938 0.99999999500000003039 0.00000000099999999938 0.00000000099999999938 0.00000000099999999938 
0.00000000099999999990 0.99999999500000003039 0.00000000099999999990 0.00000000099999999990 0.00000000099999999990 0.00000000099999999990 
0.86495387617754737608 0.00000000099999999977 0.13504611982245257051 0.00000000099999999977 0.00000000099999999977 0.00000000099999999977 
0.00000000099999999932 0.00000000099999999932 0.99999999499999991937 0.00000000099999999932 0.00000000099999999932 0.00000000099999999932 
0.04598591064599102246 0.55185438319867441415 0.34332098413604894560 0.05883872001928566742 0.00000000099999999999 0.00000000099999999999 
0.00000000099999999977 0.00000000099999999977 0.00000000099999999977 0.99999999499999991937 0.00000000099999999977 0.00000000099999999977 
0.00000000099999999992 0.09235252368869077688 0.41661970253335378622 0.00000000099999999992 0.00000000099999999992 0.49102777077795539684 
0.00000000099999999993 0.00000000099999999993 0.00000000099999999993 0.86376265102439064858 0.13623734497560935353 0.00000000099999999993 
0.00000000099999999973 0.00000000099999999973 0.99999999499999991937 0.00000000099999999973 0.00000000099999999973 0.00000000099999999973 
0.00000000099999999981 0.99999999500000014141 0.00000000099999999981 0.00000000099999999981 0.00000000099999999981 0.00000000099999999981 
0.00000000099999999986 0.83523516127807828635 0.16476483472192179902 0.00000000099999999986 0.00000000099999999986 0.00000000099999999986 
0.00000000099999999984 0.52691623259624931208 0.00000000099999999984 0.00000000099999999984 0.47308376340375057900 0.00000000099999999984 
0.00000000099999999990 0.00000000099999999990 0.00000000099999999990 0.15985300227976131926 0.00000000099999999990 0.84014699372023871060 
0.00000000099999999991 0.84212541890618064500 0.00000003130471648119 0.00000000099999999991 0.15787454678910298189 0.00000000099999999991 
0.79390535286049135344 0.00000000099999999980 0.00000000099999999980 0.20609464313950878744 0.00000000099999999980 0.00000000099999999980 
