0.00000000099999999984 0.78482306727764072907 0.00000000099999999984 0.21517693072235935525 
0.00000000099999999997 0.17058992745184681228 0.50795794765026913709 0.32145212389788413443 
0.44065220308051739062 0.15476235073182650903 0.15724574162783500064 0.24733970455982115522 
0.15410225820154929699 0.11337720834073612697 0.73252053245771453494 0.00000000099999999996 
0.00172464897065091410 0.00000000099999999999 0.75533850676947622560 0.24293684325987274786 
0.00000000099999999998 0.07723265914419037703 0.38317033302931868821 0.53959700682649092141 
0.00000000099999999998 0.30740086665436089364 0.25778774160259021464 0.43481139074304892000 
0.00000000099999999989 0.00000000099999999989 0.00000000099999999989 0.99999999699999997382 
0.00000000099999999986 0.99999999700000008485 0.00000000099999999986 0.00000000099999999986 
0.00000000099999999960 0.99999999699999997382 0.00000000099999999960 0.00000000099999999960 
0.79723406024924658997 0.20276593775075346660 0.00000000099999999991 0.00000000099999999991 
0.00000000099999999990 0.61813464449130528511 0.00000000099999999990 0.38186535350869482697 
0.18758534830592660247 0.28094914330941572755 0.53146550738465758723 0.00000000099999999998 
0.60785429221679299072 0.39214570578320706584 0.00000000099999999982 0.00000000099999999982 
0.00000000099999999960 0.99999999699999997382 0.00000000099999999960 0.00000000099999999960 
0.00000000099999999990 0.00000000099999999990 0.00000000099999999990 0.99999999700000008485 
0.63196770074837416153 0.00000000099999999997 0.36803229725162572850 0.00000000099999999997 
0.54625588198815899776 0.45374411601184111431 0.00000000099999999993 0.00000000099999999993 
0.00000000099999999998 0.35675573050715275736 0.52984779835349038457 0.11339647013935685860 
0.77693793707618286071 0.00361133960191509402 0.00000000100000000000 0.21945072232190210304 
0.00000000099999999990 0.95077804013444999764 0.04922195786554988545 0.00000000099999999990 
0.00000000099999999987 0.99999999699999997382 0.00000000099999999987 0.00000000099999999987 
0.00000000099999999997 0.40838712463848469980 0.59161287336151513472 0.00000000099999999997 
0.00000000099999999977 0.99999999699999997382 0.00000000099999999977 0.00000000099999999977 
0.00000000099999999992 0.75459384932504347532 0.24540614867495649798 0.00000000099999999992 
0.00000000099999999996 0.10479549708882969494 0.71439140961716640632 0.18081309229400407967 
0.00000000099999999964 0.99999999699999997382 0.00000000099999999964 0.00000000099999999964 
0.44679428736632614827 0.00417599142990129468 0.13523695711031050171 0.41379276409346205101 
0.00000000099999999970 0.99999999699999997382 0.00000000099999999970 0.00000000099999999970 
0.26009828115020106054 0.09601751451242809821 0.61157277952562472123 0.03231142481174614778 
0.00000000099999999968 0.99999999699999997382 0.00000000099999999968 0.00000000099999999968 
0.06044593431472121414 0.00000000099999999998 0.00000198447291936779 0.93955208021235947502 
0.31746535713508600152 0.68253464086491399954 0.00000000099999999994 0.00000000099999999994 
0.00000000099999999997 0.42557482341509333956 0.57442517458490671700 0.00000000099999999997 
0.00000000495682972543 0.51014534792351207138 0.48985464611965823245 0.00000000099999999995 
0.58256397368635970402 0.07926363648590742383 0.33817238882773276165 0.00000000099999999996 
0.59840462839839725362 0.00000000099999999997 0.00000000099999999997 0.40159536960160291397 
0.06476812252932660774 0.41662185521543587674 0.51861002125523747441 0.00000000099999999998 
0.00000000099999999988 0.00000000099999999988 0.00000000099999999988 0.99999999700000008485 
0.00000000099999999994 0.33862388227969614229 0.66137611572030385876 0.00000000099999999994 
0.11344364414761531901 0.15278792432767676623 0.43539144954212100069 0.29837698198258694182 
0.83312099800311245623 0.16687899999688746155 0.00000000099999999985 0.00000000099999999985 
0.36308791329081602228 0.00000000099999999999 0.42883975136851654186 0.20807233434066729760 
0.47455556319359254447 0.00000000099999999996 0.52544443480640745658 0.00000000099999999996 
0.00000000099999999966 0.99999999699999997382 0.00000000099999999966 0.00000000099999999966 
0.99999999699999997382 0.00000000099999999988 0.00000000099999999988 0.00000000099999999988 
0.22664278352337915989 0.50946307103094334856 0.26389414444567732554 0.00000000099999999995 
0.99999999700000008485 0.00000000099999999987 0.00000000099999999987 0.00000000099999999987 
0.00000000099999999971 0.99999999700000008485 0.00000000099999999971 0.00000000099999999971 
0.00000000099999999966 0.99999999699999997382 0.00000000099999999966 0.00000000099999999966 
0.39853021975886609995 0.60146977824113401212 0.00000000099999999991 0.00000000099999999991 
0.00000000099999999995 0.00000000099999999995 0.14723992157305540451 0.85276007642694462429 
0.00000000099999999999 0.08068681297376148476 0.62992237070089429629 0.28939081532534421948 
0.92459496728528034470 0.00000000099999999992 0.07540503071471961472 0.00000000099999999992 
0.00000000099999999994 0.94097816254741939446 0.00000000099999999994 0.05902183545258058578 
0.00000000099999999994 0.22854974054739493616 0.77145025745260498162 0.00000000099999999994 
0.00000000099999999990 0.00000000099999999990 0.00000000099999999990 0.99999999700000008485 
0.43426249923227333571 0.56573749876772660983 0.00000000099999999986 0.00000000099999999986 
0.13985325988638619421 0.36101934183544570622 0.49912739727816790580 0.00000000099999999993 
0.00000000099999999994 0.82880891066117834409 0.17119108733882151818 0.00000000099999999994 
0.00000000099999999984 0.42779117983264203229 0.00000000099999999984 0.57220881816735791325 
0.00000000099999999960 0.99999999700000008485 0.00000000099999999960 0.00000000099999999960 
0.99999999699999997382 0.00000000099999999993 0.00000000099999999993 0.00000000099999999993 
0.00000000099999999988 0.18569512655748557362 0.00000000099999999988 0.81430487144251439968 
0.00000000099999999957 0.99999999699999997382 0.00000000099999999957 0.00000000099999999957 
0.57327928047690757118 0.34517756550515993341 0.00000000099999999999 0.08154315301793250981 
0.00000000099999999994 0.00000000099999999994 0.84227283463237190286 0.15772716336762804268 
0.26057781980153255086 0.47929577793322847290 0.26012640126523889350 0.00000000099999999997 
0.04013040663865787006 0.00000014005334083201 0.65343216286312333363 0.30643729044487805213 
0.00000000099999999984 0.99999999699999997382 0.00000000099999999984 0.00000000099999999984 
0.99999999699999997382 0.00000000099999999989 0.00000000099999999989 0.00000000099999999989 
0.81829157900144133819 0.18170841899855871837 0.00000000099999999992 0.00000000099999999992 
0.65207651874040639672 0.00000000099999999998 0.30024946195847640462 0.04767401830111726857 
0.17452646347486330813 0.11651241888794773571 0.70896111663718897056 0.00000000099999999994 
0.87676508092275784456 0.04787381879074107532 0.07536109928650099044 0.00000000099999999997 
0.00000000099999999987 0.00000000099999999987 0.00000000099999999987 0.99999999699999997382 
