0.00000000099999999956 0.00000000099999999956 0.00000000099999999956 0.00000000099999999956 0.25961192646539715811 0.00000000099999999956 0.00000000099999999956 0.74038806753460273402 
0.00000000099999999966 0.99999999300000008695 0.00000000099999999966 0.00000000099999999966 0.00000000099999999966 0.00000000099999999966 0.00000000099999999966 0.00000000099999999966 
0.00000000099999999995 0.00000000099999999995 0.02113863073178428795 0.22219815065420889244 0.30261424724501545525 0.12618600579321553878 0.26046840925100056552 0.06739455432477518826 
0.00000000099999999986 0.25816756096967424794 0.62374322919318803127 0.11808920483713775118 0.00000000099999999986 0.00000000099999999986 0.00000000099999999986 0.00000000099999999986 
0.51379002728835920788 0.48552355784735157229 0.00068640986428926572 0.00000000099999999982 0.00000000099999999982 0.00000000099999999982 0.00000000099999999982 0.00000000099999999982 
0.37015376818840911577 0.00000000099999999989 0.00000000099999999989 0.00000000099999999989 0.44541953237708359348 0.18442669443450718236 0.00000000099999999989 0.00000000099999999989 
0.00000000099999999981 0.00000000099999999981 0.21742694269064635759 0.21400368197152219718 0.51623248313756675554 0.00000000099999999981 0.00000000099999999981 0.05233688820026462934 
0.27208996142216868019 0.00000000099999999969 0.00000000099999999969 0.00000000099999999969 0.72791003257783126745 0.00000000099999999969 0.00000000099999999969 0.00000000099999999969 
0.00000000099999999963 0.00000000099999999963 0.00000000099999999963 0.19159893045344297824 0.00000000099999999963 0.00000000099999999963 0.00000000099999999963 0.80840106354655716370 
0.00000000099999999912 0.00000000099999999912 0.00000000099999999912 0.00000000099999999912 0.00000000099999999912 0.00000000099999999912 0.00000000099999999912 0.99999999300000008695 
0.00000000099999999980 0.00000000099999999980 0.00000000099999999980 0.17109516951202236035 0.00000000099999999980 0.00000000099999999980 0.69102466625374392439 0.13788015923423380116 
0.00000000099999999972 0.07894130419931057185 0.00000000099999999972 0.00000000099999999972 0.36550978621874713470 0.00000000099999999972 0.00000000099999999972 0.55554890458194217118 
0.00000000099999999986 0.00000000099999999986 0.24105804610637204810 0.00000000099999999986 0.00000000099999999986 0.51927674202593399055 0.00000000099999999986 0.23966520686769399173 
0.00000000099999999961 0.00000000099999999961 0.00000000099999999961 0.00000000099999999961 0.00000000099999999961 0.00000000099999999961 0.61277850687960522258 0.38722148712039466956 
0.00000000099999999916 0.00000000099999999916 0.00000000099999999916 0.00000000099999999916 0.00000000099999999916 0.00000000099999999916 0.00000000099999999916 0.99999999300000008695 
0.00000000164558278451 0.00000000099999999981 0.00000000099999999981 0.00000000099999999981 0.99999999235441727752 0.00000000099999999981 0.00000000099999999981 0.00000000099999999981 
0.20578567778127804244 0.15828588611840480049 0.00000000099999999986 0.00000000099999999986 0.00000000099999999986 0.01443783886158802286 0.62149059323872912763 0.00000000099999999986 
0.00000000099999999966 0.00000000099999999966 0.00000000099999999966 0.99999999299999997593 0.00000000099999999966 0.00000000099999999966 0.00000000099999999966 0.00000000099999999966 
0.14357440361886145141 0.00000000099999999978 0.63390230966818272851 0.00000000099999999978 0.06340827147465964708 0.00000000099999999978 0.00000000099999999978 0.15911501123829616122 
0.32484424935087891084 0.00000031182980809673 0.00000000099999999996 0.00000000099999999996 0.00000003930873675264 0.00000000099999999996 0.67515539551057612844 0.00000000099999999996 
0.00000000099999999977 0.05273395171543363014 0.00000000099999999977 0.00000000099999999977 0.00000000099999999977 0.00000000099999999977 0.00000000099999999977 0.94726604228456634527 
0.00000000099999999953 0.00000000099999999953 0.00000000099999999953 0.21671439635257630507 0.00000000099999999953 0.00000000099999999953 0.00000000099999999953 0.78328559764742378135 
0.42674880155710931406 0.00000000099999999985 0.31711486064080363079 0.00000000099999999985 0.00000000099999999985 0.00000000099999999985 0.00000000099999999985 0.25613633280208714105 
0.00000000099999999943 0.00000000099999999943 0.00000000099999999943 0.00000000099999999943 0.00000000099999999943 0.00000000099999999943 0.00000000099999999943 0.99999999299999997593 
0.00000000099999999979 0.00000000099999999979 0.00000000099999999979 0.00000000099999999979 0.00000000099999999979 0.25343162512121675256 0.00000000099999999979 0.74656836887878330611 
0.99999999300000019797 0.00000000099999999966 0.00000000099999999966 0.00000000099999999966 0.00000000099999999966 0.00000000099999999966 0.00000000099999999966 0.00000000099999999966 
0.00000000099999999932 0.00000000099999999932 0.00000000099999999932 0.05918206248776855527 0.00000000099999999932 0.00000000099999999932 0.00000000099999999932 0.94081793151223147564 
0.15767836520744940576 0.00000000099999999992 0.00000000099999999992 0.00000000099999999992 0.34208063989229459123 0.10817641637563989165 0.39206457452461596080 0.00000000099999999992 
0.00000000099999999920 0.00000000099999999920 0.00000000099999999920 0.00000000099999999920 0.00000000099999999920 0.00000000099999999920 0.00000000099999999920 0.99999999299999997593 
0.00000000099999999987 0.42718273366999709451 0.33950803836690995885 0.00000000099999999987 0.00000000099999999987 0.00000000099999999987 0.23330922296309294928 0.00000000099999999987 
0.00000000099999999931 0.00000000099999999931 0.00000000099999999931 0.00000000099999999931 0.00000000099999999931 0.00000000099999999931 0.00000000099999999931 0.99999999299999997593 
0.67241468222618461237 0.00000000099999999974 0.00000000099999999974 0.00000000099999999974 0.32758531177381561283 0.00000000099999999974 0.00000000099999999974 0.00000000099999999974 
0.00000000099999999959 0.00000000099999999959 0.00000000099999999959 0.41844135798375919899 0.00000000099999999959 0.00000000099999999959 0.00000000099999999959 0.58155863601624069315 
0.48368039629932019219 0.00000000099999999984 0.00000000099999999984 0.24214720279493856525 0.00000000099999999984 0.00000000099999999984 0.00000000099999999984 0.27417239590574138397 
0.00000000099999999985 0.00000000099999999985 0.00000000099999999985 0.22311779899858139031 0.00000000099999999985 0.32988591939779815521 0.00000000099999999985 0.44699627660362040160 
0.09520185363671333778 0.00000000099999999989 0.30466843115184033541 0.00000000099999999989 0.00000000099999999989 0.00028756885925858777 0.59984214235218769051 0.00000000099999999989 
0.00000000099999999991 0.00000000099999999991 0.00000000099999999991 0.02844055939751623935 0.33101312393433235393 0.20767035507500594682 0.43287595759314539956 0.00000000099999999991 
0.00000000099999999976 0.00000000099999999976 0.00000000099999999976 0.00000000099999999976 0.00000000099999999976 0.63587326772606900249 0.00000000099999999976 0.36412672627393094515 
0.19896416200681965591 0.00000000099999999975 0.00000000099999999975 0.00000000099999999975 0.80103583199318029173 0.00000000099999999975 0.00000000099999999975 0.00000000099999999975 
0.00000000099999999971 0.00000000099999999971 0.95226491353121389682 0.00000000099999999971 0.00000000099999999971 0.00000000099999999971 0.00000000099999999971 0.04773508046878609246 
0.00000000099999999995 0.00000000099999999995 0.20876231579884196865 0.00000000099999999995 0.38489897790485316786 0.32661572715427483748 0.00000000099999999995 0.07972297514203013913 
0.00000000099999999966 0.00000000099999999966 0.00000000099999999966 0.00000000099999999966 0.00000000099999999966 0.00000000099999999966 0.83822948823953313813 0.16177050576046692054 
0.79970961455373046345 0.00000017422679590440 0.00000000099999999983 0.00000000099999999983 0.00000000099999999983 0.00000000099999999983 0.20029020621947377090 0.00000000099999999983 
0.26406807116467356789 0.13829037932209389816 0.14929510896977202239 0.00000000099999999989 0.00000000099999999989 0.01129643466002923022 0.43705000288343143211 0.00000000099999999989 
0.00000000099999999932 0.00000000099999999932 0.00000000099999999932 0.06267123070820575237 0.00000000099999999932 0.00000000099999999932 0.00000000099999999932 0.93732876329179426467 
0.00000000099999999976 0.00000000099999999976 0.00000000099999999976 0.14044924038327213922 0.00000000099999999976 0.00000000099999999976 0.85955075361672783618 0.00000000099999999976 
0.00000000099999999981 0.00000000099999999981 0.31492902834049990579 0.12320196976440132841 0.00000000099999999981 0.15843886625110126243 0.00000000099999999981 0.40343013164399738057 
0.00000000099999999974 0.00000000099999999974 0.00000000099999999974 0.19482400633654309297 0.00000000099999999974 0.00000000099999999974 0.80517598766345677141 0.00000000099999999974 
0.00000000099999999937 0.00000000099999999937 0.00000000099999999937 0.00000000099999999937 0.00000000099999999937 0.00000000099999999937 0.00000000099999999937 0.99999999300000008695 
0.00000000099999999938 0.00000000099999999938 0.00000000099999999938 0.04512050350076349942 0.00000000099999999938 0.00000000099999999938 0.00000000099999999938 0.95487949049923637190 
0.00000000099999999975 0.00000000099999999975 0.00000000099999999975 0.33432175584494733256 0.00000000099999999975 0.00000000099999999975 0.10721240123229593133 0.55846583792275661384 
0.00000000099999999970 0.45445040491079685685 0.00000000099999999970 0.00000000099999999970 0.54554958908920303529 0.00000000099999999970 0.00000000099999999970 0.00000000099999999970 
0.00000000099999999982 0.68332653426113609818 0.00000000099999999982 0.00000000099999999982 0.00000000099999999982 0.31667345973886401600 0.00000000099999999982 0.00000000099999999982 
0.00000000099999999982 0.00000000099999999982 0.00000000099999999982 0.00000000099999999982 0.00000000099999999982 0.00000000490670384851 0.99999998909329612662 0.00000000099999999982 
0.09959682722770026031 0.00000000099999999971 0.00000000099999999971 0.00000000099999999971 0.00000000099999999971 0.00000000099999999971 0.00000000099999999971 0.90040316677229981224 
0.34700940714430877909 0.12491310361296352471 0.29525471765950650482 0.04376949754612806387 0.00000000099999999994 0.13058168820563445522 0.00000000099999999994 0.05847158383145868027 
0.00000000099999999958 0.00000000099999999958 0.00000000099999999958 0.00000000099999999958 0.99999999299999997593 0.00000000099999999958 0.00000000099999999958 0.00000000099999999958 
0.00000000099999999969 0.00000000099999999969 0.00000000099999999969 0.33426730562886097786 0.00000000099999999969 0.00000000099999999969 0.18674095219245320787 0.47899173717868570588 
0.00000000099999999978 0.00000000099999999978 0.61649135916503861043 0.30303250444308277300 0.00000000099999999978 0.00000000099999999978 0.00000000099999999978 0.08047613139187874409 
0.00000000099999999970 0.00000000099999999970 0.26527084915574766777 0.00000000099999999970 0.00000000099999999970 0.00000000099999999970 0.00000000099999999970 0.73472914484425211334 
0.00000000099999999950 0.00000000099999999950 0.00000000099999999950 0.00000000099999999950 0.67215174694203561057 0.00000000099999999950 0.00000000099999999950 0.32784824705796461464 
0.00000000099999999909 0.00000000099999999909 0.00000000099999999909 0.00000000099999999909 0.00000000099999999909 0.00000000099999999909 0.00000000099999999909 0.99999999299999997593 
0.00000000099999999979 0.00000000099999999979 0.00000000099999999979 0.16462373697012591678 0.00000000099999999979 0.00000000099999999979 0.83537625702987405862 0.00000000099999999979 
0.00000000099999999967 0.00000000099999999967 0.00000000099999999967 0.00000012282426810603 0.90382630109423334197 0.00000000099999999967 0.00000000099999999967 0.09617357108149864053 
0.00000000099999999907 0.00000000099999999907 0.00000000099999999907 0.00000000099999999907 0.00000000099999999907 0.00000000099999999907 0.00000000099999999907 0.99999999299999997593 
0.00000000099999999984 0.00000000099999999984 0.00000000099999999984 0.00000000099999999984 0.00000000099999999984 0.33685353275342072576 0.33564356733434469460 0.32750289491223444349 
0.00000000099999999963 0.99999999300000008695 0.00000000099999999963 0.00000000099999999963 0.00000000099999999963 0.00000000099999999963 0.00000000099999999963 0.00000000099999999963 
0.00000000099999999982 0.00000000099999999982 0.41098942395454385323 0.28245222966451538626 0.00000000099999999982 0.00000000099999999982 0.00000000099999999982 0.30655834138094079089 
0.00000000099999999979 0.99999999300000008695 0.00000000099999999979 0.00000000099999999979 0.00000000099999999979 0.00000000099999999979 0.00000000099999999979 0.00000000099999999979 
0.00000000099999999949 0.00000000099999999949 0.00000000099999999949 0.00000000099999999949 0.00000000099999999949 0.00000000099999999949 0.00000000099999999949 0.99999999299999997593 
0.00000000099999999972 0.00000000099999999972 0.00000000099999999972 0.00000000099999999972 0.00000000099999999972 0.00000000099999999972 0.99999999299999986491 0.00000000099999999972 
0.00000000099999999982 0.00000000099999999982 0.00000000099999999982 0.13946995948088866668 0.00000000099999999982 0.00000000099999999982 0.71828165987075576204 0.14224837564835560166 
0.39489327455361900032 0.00000000099999999979 0.00000000099999999979 0.00000000099999999979 0.00000000099999999979 0.00000000099999999979 0.60510671944638083630 0.00000000099999999979 
0.00000000099999999982 0.00000000099999999982 0.77911205372391711954 0.00000000099999999982 0.00000000099999999982 0.22088794027608299464 0.00000000099999999982 0.00000000099999999982 
0.01090827941021213325 0.00129388446948096292 0.00000000099999999991 0.02136126796615901019 0.00000000099999999991 0.00000000099999999991 0.91265114418565373988 0.05378542096849426440 
0.00000000099999999965 0.00000000099999999965 0.00000000099999999965 0.00000000099999999965 0.80401815209153293385 0.19598184190846701380 0.00000000099999999965 0.00000000099999999965 
