0.00000000099999999944 0.00000000099999999944 0.00000000099999999944 0.25217770810149442440 0.00000000099999999944 0.00000000099999999944 0.00000000099999999944 0.00000000099999999944 0.74782228389850535777 0.00000000099999999944 
0.00000000099999999946 0.00000000099999999946 0.00000000099999999946 0.00000000099999999946 0.00000000099999999946 0.00000000099999999946 0.00000000099999999946 0.99999999099999992147 0.00000000099999999946 0.00000000099999999946 
0.00000000099999999994 0.09115093781946362328 0.22307773648781059617 0.28794451101512014146 0.00000000099999999994 0.16040795612084532418 0.00000000099999999994 0.00000003008343172228 0.00285792508921949061 0.23456090038410906673 
0.12819264882696310148 0.00000000099999999986 0.07152345694048078961 0.00000000099999999986 0.00000000099999999986 0.00000000099999999986 0.28364751298780721545 0.02655494233545361085 0.00000000099999999986 0.49008143390929537198 
0.26799791389321708790 0.00000000099999999984 0.00000000099999999984 0.00000000099999999984 0.20579684665211020467 0.00000000099999999984 0.26642885485753448060 0.25977637859713803570 0.00000000099999999984 0.00000000099999999984 
0.44606477185444054490 0.00000000099999999982 0.00000000099999999982 0.39973798614464139956 0.00000000099999999982 0.00000000099999999982 0.15419723500091797597 0.00000000099999999982 0.00000000099999999982 0.00000000099999999982 
0.00000000099999999966 0.00000000099999999966 0.00000000099999999966 0.49467192275111721012 0.00000000099999999966 0.00000000099999999966 0.00000000099999999966 0.00000000099999999966 0.05196670480597323505 0.45336136544290939199 
0.00000000099999999966 0.00000000099999999966 0.00000000099999999966 0.73922431948113331845 0.26077567251886668576 0.00000000099999999966 0.00000000099999999966 0.00000000099999999966 0.00000000099999999966 0.00000000099999999966 
0.00000000099999999941 0.00000000099999999941 0.00000000099999999941 0.00000000099999999941 0.00000000099999999941 0.00000000099999999941 0.00000000099999999941 0.00000000099999999941 0.82184916592771684041 0.17815082607228327483 
0.00000000099999999893 0.00000000099999999893 0.00000000099999999893 0.00000000099999999893 0.00000000099999999893 0.00000000099999999893 0.00000000099999999893 0.00000000099999999893 0.99999999099999992147 0.00000000099999999893 
0.00000000099999999963 0.96636974268859454629 0.00000000099999999963 0.00000000099999999963 0.00000000099999999963 0.00000000099999999963 0.00000000099999999963 0.00000000099999999963 0.03363024931140576324 0.00000000099999999963 
0.00000000099999999964 0.00000000099999999964 0.00000000099999999964 0.35482807316219699967 0.00000000099999999964 0.00000000099999999964 0.00000000099999999964 0.09120147306851934810 0.55397044676928342000 0.00000000099999999964 
0.00000000099999999975 0.00000000099999999975 0.00000000099999999975 0.00000000099999999975 0.00000000099999999975 0.00000000099999999975 0.63872970710823662177 0.00000000099999999975 0.36127028489176338244 0.00000000099999999975 
0.00000000099999999936 0.81948828103439241843 0.00000000099999999936 0.00000000099999999936 0.00000000099999999936 0.00000000099999999936 0.00000000099999999936 0.00000000099999999936 0.18051171096560761353 0.00000000099999999936 
0.00000000099999999892 0.00000000099999999892 0.00000000099999999892 0.00000000099999999892 0.00000000099999999892 0.00000000099999999892 0.00000000099999999892 0.00000000099999999892 0.99999999099999992147 0.00000000099999999892 
0.00000000099999999977 0.00000000099999999977 0.00000000099999999977 0.99999999100000014352 0.00000000099999999977 0.00000000099999999977 0.00000000099999999977 0.00000000099999999977 0.00000000099999999977 0.00000000099999999977 
0.00000000099999999983 0.00000000099999999983 0.54070685102943250033 0.00000000099999999983 0.24682760122504501799 0.00000000099999999983 0.21246554074552251312 0.00000000099999999983 0.00000000099999999983 0.00000000099999999983 
0.00000000099999999967 0.25101614095101626445 0.00000000099999999967 0.00000000099999999967 0.00000000099999999967 0.74898385104898379527 0.00000000099999999967 0.00000000099999999967 0.00000000099999999967 0.00000000099999999967 
0.30204941070872159958 0.00000000099999999981 0.00000000099999999981 0.00069743147931849178 0.00000000099999999981 0.00000000099999999981 0.32017749070258255673 0.00000000099999999981 0.28316300950295009153 0.09391265260642718549 
0.00000000099999999991 0.62256688427900630511 0.00000000099999999991 0.00000000099999999991 0.37743310772099386563 0.00000000099999999991 0.00000000099999999991 0.00000000099999999991 0.00000000099999999991 0.00000000099999999991 
0.00000000099999999959 0.00000000099999999959 0.00000000099999999959 0.00000000099999999959 0.00000000099999999959 0.00000000099999999959 0.07456672689789724251 0.00000000099999999959 0.92543326510210277558 0.00000000099999999959 
0.00000000099999999949 0.00000000099999999949 0.00000000099999999949 0.00000000099999999949 0.00000000099999999949 0.00000000099999999949 0.00000000099999999949 0.00000000099999999949 0.80060119647410299404 0.19939879552589698242 
0.78904851809098308646 0.00000000099999999965 0.00000000099999999965 0.00000000099999999965 0.00000000099999999965 0.00000000099999999965 0.00000000099999999965 0.00000000099999999965 0.21095147390901705653 0.00000000099999999965 
0.00000000099999999942 0.00000000099999999942 0.00000000099999999942 0.00000000099999999942 0.00000000099999999942 0.00000000099999999942 0.00000000099999999942 0.00000000099999999942 0.99999999099999992147 0.00000000099999999942 
0.00000000099999999959 0.00000000099999999959 0.00000000099999999959 0.00000000099999999959 0.00000000099999999959 0.49045166075445917331 0.00000000099999999959 0.00000000099999999959 0.50954833124554077539 0.00000000099999999959 
0.99999999100000025454 0.00000000099999999938 0.00000000099999999938 0.00000000099999999938 0.00000000099999999938 0.00000000099999999938 0.00000000099999999938 0.00000000099999999938 0.00000000099999999938 0.00000000099999999938 
0.00000000099999999912 0.00000000099999999912 0.00000000099999999912 0.00000000099999999912 0.00000000099999999912 0.00000000099999999912 0.00000000099999999912 0.00000000099999999912 0.99999999100000003249 0.00000000099999999912 
0.10190459486450728632 0.44705407000253338801 0.00000000099999999985 0.27806927549383353426 0.08074034631580945254 0.00000000099999999985 0.09223170832331654967 0.00000000099999999985 0.00000000099999999985 0.00000000099999999985 
0.00000000099999999912 0.00000000099999999912 0.00000000099999999912 0.00000000099999999912 0.00000000099999999912 0.00000000099999999912 0.00000000099999999912 0.00000000099999999912 0.99999999099999992147 0.00000000099999999912 
0.00000000099999999988 0.00000000099999999988 0.36129198622209335312 0.00000000099999999988 0.07424457704511942813 0.00000000099999999988 0.28500685052286461874 0.20954116744947792750 0.06991541376044449474 0.00000000099999999988 
0.00000000099999999916 0.00000000099999999916 0.00000000099999999916 0.00000000099999999916 0.00000000099999999916 0.00000000099999999916 0.00000000099999999916 0.00000000099999999916 0.99999999100000003249 0.00000000099999999916 
0.00000000099999999949 0.00000000099999999949 0.00000000099999999949 0.30631320526848643260 0.69368678673151351610 0.00000000099999999949 0.00000000099999999949 0.00000000099999999949 0.00000000099999999949 0.00000000099999999949 
0.00000000099999999954 0.00000000099999999954 0.00000000099999999954 0.00000000099999999954 0.00000000099999999954 0.00000000099999999954 0.00000000099999999954 0.00000000099999999954 0.58080436637642873787 0.41919562562357115532 
0.48609843649897516160 0.00000000099999999981 0.00000000099999999981 0.00000000099999999981 0.00000000099999999981 0.17025251615058867305 0.00000000099999999981 0.00000000099999999981 0.11685000526506109098 0.22679903608537504978 
0.00000000099999999967 0.00000000099999999967 0.00000000099999999967 0.00000000099999999967 0.00000000099999999967 0.62874014651490284233 0.00000000099999999967 0.00000000099999999967 0.22398104684756758864 0.14727879963752979475 
0.10315417552730762885 0.59563518861292918949 0.00000000099999999982 0.00000000099999999982 0.00000000099999999982 0.00000000099999999982 0.30121062885976329637 0.00000000099999999982 0.00000000099999999982 0.00000000099999999982 
0.00000000099999999988 0.00002906499470338037 0.43489803731319381930 0.31406219957316305891 0.11614138163428719408 0.13486931148465253205 0.00000000099999999988 0.00000000099999999988 0.00000000099999999988 0.00000000099999999988 
0.00000000099999999957 0.00000000099999999957 0.00000000099999999957 0.00000000099999999957 0.00000000099999999957 0.99999999100000003249 0.00000000099999999957 0.00000000099999999957 0.00000000099999999957 0.00000000099999999957 
0.00000000099999999956 0.00000000099999999956 0.00000000099999999956 0.99999999100000003249 0.00000000099999999956 0.00000000099999999956 0.00000000099999999956 0.00000000099999999956 0.00000000099999999956 0.00000000099999999956 
0.00000000099999999970 0.00000000099999999970 0.00000000099999999970 0.00000000099999999970 0.00000000099999999970 0.00000000099999999970 0.48074437531258801259 0.00000000099999999970 0.25547180824436305224 0.26378380944304885558 
0.15777087501650477463 0.00000000099999999993 0.07203107967294082592 0.29966899956011983086 0.00000000099999999993 0.12485738275111384066 0.28711377401198312498 0.00000000099999999993 0.05855788498733767444 0.00000000099999999993 
0.00000000099999999955 0.99999999100000014352 0.00000000099999999955 0.00000000099999999955 0.00000000099999999955 0.00000000099999999955 0.00000000099999999955 0.00000000099999999955 0.00000000099999999955 0.00000000099999999955 
0.00000000099999999950 0.00000000099999999950 0.00000000099999999950 0.00000000099999999950 0.99999999100000003249 0.00000000099999999950 0.00000000099999999950 0.00000000099999999950 0.00000000099999999950 0.00000000099999999950 
0.21248779489450364544 0.00000000099999999990 0.41867209975495733865 0.00000000099999999990 0.14081259378719351849 0.00000000099999999990 0.20202269020318205928 0.02600481636016348935 0.00000000099999999990 0.00000000099999999990 
0.00000000099999999915 0.00000000099999999915 0.00000000099999999915 0.00000000099999999915 0.00000000099999999915 0.00000000099999999915 0.00000000099999999915 0.00000000099999999915 0.99999999100000003249 0.00000000099999999915 
0.00000000099999999966 0.22651298473173953063 0.77348700726826058460 0.00000000099999999966 0.00000000099999999966 0.00000000099999999966 0.00000000099999999966 0.00000000099999999966 0.00000000099999999966 0.00000000099999999966 
0.00000000099999999978 0.00000000368053188472 0.00000000099999999978 0.00000000099999999978 0.00000000099999999978 0.23718031910475090296 0.17612512582847239528 0.00000000099999999978 0.36991161367063468690 0.21678293271561019373 
0.00000000099999999966 0.42831067336275069346 0.57168931863724936626 0.00000000099999999966 0.00000000099999999966 0.00000000099999999966 0.00000000099999999966 0.00000000099999999966 0.00000000099999999966 0.00000000099999999966 
0.00000000099999999921 0.00000000099999999921 0.00000000099999999921 0.00000000099999999921 0.00000000099999999921 0.00000000099999999921 0.00000000099999999921 0.00000000099999999921 0.99999999099999992147 0.00000000099999999921 
0.00000000099999999916 0.00000000099999999916 0.00000000099999999916 0.00000000099999999916 0.00000000099999999916 0.00000000099999999916 0.00000000099999999916 0.00000000099999999916 0.99999999099999992147 0.00000000099999999916 
0.00000000099999999958 0.00000000099999999958 0.21016989053708221014 0.00000000099999999958 0.00000000099999999958 0.00000000099999999958 0.00000000099999999958 0.00000000099999999958 0.52959291784382989121 0.26023718461908795785 
0.00000000099999999965 0.00000000099999999965 0.00000000099999999965 0.54749914256559761849 0.00000000099999999965 0.00000000099999999965 0.00000000099999999965 0.45250084943440244123 0.00000000099999999965 0.00000000099999999965 
0.00000000099999999967 0.00000000099999999967 0.00000000099999999967 0.00000000099999999967 0.00000000099999999967 0.00000000099999999967 0.00000000099999999967 0.99999999099999992147 0.00000000099999999967 0.00000000099999999967 
0.00000000099999999970 0.00028192505821763837 0.99971806694178244612 0.00000000099999999970 0.00000000099999999970 0.00000000099999999970 0.00000000099999999970 0.00000000099999999970 0.00000000099999999970 0.00000000099999999970 
0.18826464037079085334 0.00000000099999999944 0.00000000099999999944 0.00000000099999999944 0.00000000099999999944 0.00000000099999999944 0.00000000099999999944 0.00000000099999999944 0.81173535162920906760 0.00000000099999999944 
0.45949357204223606477 0.00000000099999999986 0.00000000099999999986 0.00000000099999999986 0.00000000099999999986 0.10843674559159661996 0.28678667275165276029 0.00000000099999999986 0.02864529120926821715 0.11663771340524625719 
0.00000000099999999947 0.00000000099999999947 0.00000000099999999947 0.99999999100000003249 0.00000000099999999947 0.00000000099999999947 0.00000000099999999947 0.00000000099999999947 0.00000000099999999947 0.00000000099999999947 
0.00000000099999999956 0.24342211110628345083 0.00000000099999999956 0.00000000099999999956 0.00000000099999999956 0.00000000099999999956 0.00000000099999999956 0.00000000099999999956 0.42299384818179391887 0.33358403371192257847 
0.00000000099999999964 0.00000000099999999964 0.00000000099999999964 0.00000000099999999964 0.00000000099999999964 0.39564288732815749983 0.00000000099999999964 0.00000000099999999964 0.00540442034045389777 0.59895268533138856792 
0.28167752211130625550 0.00000000099999999957 0.00000000099999999957 0.00000000099999999957 0.00000000099999999957 0.00000000099999999957 0.00000000099999999957 0.00000000099999999957 0.71832246988869352666 0.00000000099999999957 
0.00000000099999999939 0.00000000099999999939 0.00000000099999999939 0.66130721091779731680 0.00000000099999999939 0.00000000099999999939 0.00000000099999999939 0.00000000099999999939 0.33869278108220285395 0.00000000099999999939 
0.00000000099999999889 0.00000000099999999889 0.00000000099999999889 0.00000000099999999889 0.00000000099999999889 0.00000000099999999889 0.00000000099999999889 0.00000000099999999889 0.99999999099999992147 0.00000000099999999889 
0.00000000099999999962 0.00000000099999999962 0.99999999100000014352 0.00000000099999999962 0.00000000099999999962 0.00000000099999999962 0.00000000099999999962 0.00000000099999999962 0.00000000099999999962 0.00000000099999999962 
0.00000000099999999955 0.00000000099999999955 0.00000000099999999955 0.85949303351099726189 0.00000000099999999955 0.00000000099999999955 0.00000000099999999955 0.00000000099999999955 0.06604896300228747796 0.07445799648671538873 
0.00000000099999999882 0.00000000099999999882 0.00000000099999999882 0.00000000099999999882 0.00000000099999999882 0.00000000099999999882 0.00000000099999999882 0.00000000099999999882 0.99999999099999992147 0.00000000099999999882 
0.00000000099999999978 0.80453267801436278983 0.00000000099999999978 0.00000000099999999978 0.00000000099999999978 0.00000000099999999978 0.00000000099999999978 0.00000000099999999978 0.19546731398563749194 0.00000000099999999978 
0.00000000099999999966 0.00000000099999999966 0.00000000099999999966 0.00000000099999999966 0.00000000099999999966 0.00000000099999999966 0.25469986619295870156 0.74530012580704141367 0.00000000099999999966 0.00000000099999999966 
0.00000000099999999973 0.00000000099999999973 0.00000000099999999973 0.00000000099999999973 0.00000000099999999973 0.00000000099999999973 0.00000000099999999973 0.00000000099999999973 0.35877315964755007727 0.64122683235244992694 
0.00000003669336031749 0.00000000099999999970 0.00000000099999999970 0.00000000099999999970 0.00000000099999999970 0.00000000099999999970 0.00000000099999999970 0.99999995530663976506 0.00000000099999999970 0.00000000099999999970 
0.05468776499035685884 0.00000000099999999940 0.00000000099999999940 0.00000000099999999940 0.00000000099999999940 0.00000000099999999940 0.00000000099999999940 0.00000000099999999940 0.94531222700964312455 0.00000000099999999940 
0.00000000099999999966 0.74132442090986683247 0.25867557109013322725 0.00000000099999999966 0.00000000099999999966 0.00000000099999999966 0.00000000099999999966 0.00000000099999999966 0.00000000099999999966 0.00000000099999999966 
0.00000000099999999966 0.02862363223447506391 0.74639921297964162417 0.00000000099999999966 0.00000000099999999966 0.00000000099999999966 0.00000000099999999966 0.00000000099999999966 0.22497714778588340234 0.00000000099999999966 
0.00000000099999999971 0.00000000099999999971 0.55315607604221161964 0.00000000099999999971 0.44684391595778827355 0.00000000099999999971 0.00000000099999999971 0.00000000099999999971 0.00000000099999999971 0.00000000099999999971 
0.00000000099999999981 0.00000000099999999981 0.00000000099999999981 0.00000000099999999981 0.00000000099999999981 0.25360841202231704239 0.40403228999193235849 0.00000000099999999981 0.00000000099999999981 0.34235929098575063056 
0.00000000099999999971 0.00000000099999999971 0.93400799825639391205 0.00000000099999999971 0.00000000099999999971 0.00000000099999999971 0.00000000099999999971 0.00000000099999999971 0.06599199374360618930 0.00000000099999999971 
0.00000000099999999952 0.00000000099999999952 0.00000000099999999952 0.69616737799805783471 0.00000000099999999952 0.00000000099999999952 0.30383261400194216950 0.00000000099999999952 0.00000000099999999952 0.00000000099999999952 
