0.18541109558519119904 0.00000000099999999991 0.81458890341480882924 
0.79064822483428576216 0.00039802666393784633 0.20895374850177636517 
0.26340765349629607917 0.52457756145590639374 0.21201478504779747158 
0.32130127728359875183 0.58588571326839378184 0.09281300944800760511 
0.81449456321586566343 0.18517008985673499843 0.00033534692739936079 
0.86851309299789791751 0.00000000099999999999 0.13148690600210208301 
0.58001067182455023907 0.08725460773052912122 0.33273472044492075073 
0.99999999799999994554 0.00000000099999999991 0.00000000099999999991 
0.00000000099999999990 0.00000000099999999990 0.99999999799999994554 
0.00000000099999999972 0.00000000099999999972 0.99999999800000005656 
0.00000000099999999994 0.71143431559756620253 0.28856568340243377024 
0.36463501181731844403 0.00000000099999999992 0.63536498718268152874 
0.27001739804594415695 0.44809763443349315271 0.28188496752056274586 
0.00000000099999999990 0.50358923195996307953 0.49641076704003683773 
0.00000000099999999972 0.00000000099999999972 0.99999999800000005656 
0.99999999800000005656 0.00000000099999999993 0.00000000099999999993 
0.23034557422424375983 0.76965442477575618518 0.00000000099999999999 
0.00000000099999999996 0.46630497543755855538 0.53369502356244147290 
0.38078869040137258706 0.28475500273253390171 0.33445630686609356674 
0.21703610122506128421 0.78296388970438512978 0.00000000907055369213 
0.04520505553046107877 0.00000000099999999991 0.95479494346953885930 
0.00000000099999999991 0.00000000099999999991 0.99999999800000005656 
0.32225256301727694952 0.30898941594541823319 0.36875802103730487280 
0.00000000099999999984 0.00000000099999999984 0.99999999799999994554 
0.10697219929755308332 0.14616484358374509656 0.74686295711870187564 
0.73195676395994946350 0.11350402760025812832 0.15453920843979246369 
0.00000000099999999975 0.00000000099999999975 0.99999999800000005656 
0.44089209466495693501 0.48258637600982867699 0.07652152932521440187 
0.00000000099999999978 0.00000000099999999978 0.99999999800000005656 
0.43853708506894156782 0.47611934900937924464 0.08534356592167924305 
0.00000000099999999978 0.00000000099999999978 0.99999999800000005656 
0.92948524935715393092 0.07051474964284601410 0.00000000099999999997 
0.00000000099999999995 0.27494411371645893771 0.72505588528354103506 
0.33500715145641996040 0.28491160946761501238 0.38008123907596513824 
0.00000000099999999999 0.50651958959167031615 0.49348040940832960111 
0.11063277525620000830 0.74489676830333262370 0.14447045644046746515 
0.41583132644234011011 0.58416867255765991818 0.00000000099999999999 
0.22100294934708564210 0.40100267848576431895 0.37799437216715003895 
0.86434042732847249368 0.13565957167152742358 0.00000000099999999997 
0.13334458707358934348 0.57238972212530925265 0.29426569080110148713 
0.53172025311082116161 0.31692343725172850144 0.15135630963745033695 
0.00000000099999999991 0.71658252130919408707 0.28341747769080588570 
0.46787182292018475449 0.53212817607981521828 0.00000000099999999999 
0.20028916204112914845 0.79971083695887068554 0.00000000100000000000 
0.00000000099999999977 0.00000000099999999977 0.99999999800000005656 
0.00000000099999999993 0.89694041814162717152 0.10305958085837282900 
0.00000000099999999997 0.46207499692590453533 0.53792500207409554847 
0.00000000099999999993 0.92615132419015799847 0.07384867480984200205 
0.00000000099999999978 0.00000000099999999978 0.99999999799999994554 
0.00000000099999999976 0.00000000099999999976 0.99999999799999994554 
0.00000000099999999994 0.34575445609394633850 0.65424554290605363427 
0.99999999799999994554 0.00000000099999999991 0.00000000099999999991 
0.65319430234929720669 0.26226308909553674997 0.08454260855516615436 
0.00000000099999999995 0.99999999800000005656 0.00000000099999999995 
0.04914479040260464476 0.00000000099999999995 0.95085520859739525168 
0.52009498858169733726 0.29455875115490220972 0.18534626026340050853 
0.82838844467413941253 0.08363903001576658558 0.08797252531009400189 
0.00000000099999999992 0.38567747337480445813 0.61432252562519540362 
0.00000000485302698654 0.64972262911089184723 0.35027736603608111698 
0.00000000099999999996 0.18083081748963666935 0.81916918151036333118 
0.49504916452150760087 0.00000000099999999993 0.50495083447849231639 
0.00000000099999999972 0.00000000099999999972 0.99999999800000005656 
0.00000000099999999996 0.91376726686480269635 0.08623273213519724867 
0.69590974775906944139 0.00000000099999999995 0.30409025124093069792 
0.00000000099999999970 0.00000000099999999970 0.99999999800000005656 
0.06872410860974272062 0.50870717522515085385 0.42256871616510655043 
0.76034234379560305950 0.23965765520439694103 0.00000000099999999998 
0.07974805223366637774 0.42157036772893913268 0.49868158003739443407 
0.74017407038789573281 0.25922610477727037193 0.00059982483483388073 
0.00000000099999999988 0.00000000099999999988 0.99999999799999994554 
0.00000000099999999994 0.91489558666594050784 0.08510441233405950656 
0.00000000099999999994 0.72220967000949498615 0.27779032899050515315 
0.20638315815936331132 0.79361684084063677247 0.00000000099999999999 
0.21887799074828032109 0.67017058824943742668 0.11095142100228230775 
0.00000000099999999997 0.88753952158483329082 0.11246047741516669582 
0.99999999800000005656 0.00000000099999999992 0.00000000099999999992 
