0.00000000099999999976 0.00000000099999999976 0.21902006312249627795 0.00000000099999999976 0.44560445998058278994 0.33537547389692085043 
0.00000000099999999987 0.85093735314176399687 0.07026845847957301217 0.00000000099999999987 0.00000000099999999987 0.07879418537866313133 
0.33328088633698699228 0.00024097378459120140 0.27864623044311298550 0.16030913495628199006 0.00000000099999999999 0.22752277347902680193 
0.00000000099999999995 0.12312290997479533039 0.00000000099999999995 0.60695003718881535004 0.00000000099999999995 0.26992704983638937666 
0.00000000099999999995 0.66360252533637786865 0.00000000099999999995 0.33639747066362235550 0.00000000099999999995 0.00000000099999999995 
0.00000000099999999996 0.12091230965370221295 0.52741272192535615382 0.26320084560300943677 0.08847412081793229466 0.00000000099999999996 
0.00000000099999999991 0.00000000099999999991 0.45047396154500257692 0.22771067680148027179 0.00000000099999999991 0.32181535865351712511 
0.00000000099999999983 0.00000000099999999983 0.99999999499999991937 0.00000000099999999983 0.00000000099999999983 0.00000000099999999983 
0.00000000099999999975 0.00000000099999999975 0.00000000099999999975 0.00000000099999999975 0.00000000099999999975 0.99999999500000003039 
0.00000000099999999943 0.00000000099999999943 0.00000000099999999943 0.00000000099999999943 0.83767597571841123649 0.16232402028158882112 
0.78046991230853113297 0.00000000099999999987 0.00000000099999999987 0.00000000099999999987 0.00000000099999999987 0.21953008369146903567 
0.00000000099999999985 0.05475700511569696338 0.31874761151959041250 0.00000000099999999985 0.62649538036471263958 0.00000000099999999985 
0.12107912471060318371 0.19064032393655730435 0.00000000099999999998 0.35357645204836990471 0.10121824987583920297 0.23348584842863051581 
0.61426531400068662414 0.00000000099999999973 0.00000000099999999973 0.00000000099999999973 0.34084893210103434091 0.04488575089827911979 
0.00000000099999999947 0.00000000099999999947 0.00000000099999999947 0.00000000099999999947 0.00000001770232274811 0.99999997829767728330 
0.00000000099999999985 0.00000000099999999985 0.99999999500000003039 0.00000000099999999985 0.00000000099999999985 0.00000000099999999985 
0.65126767849527522625 0.34873231750472488688 0.00000000099999999990 0.00000000099999999990 0.00000000099999999990 0.00000000099999999990 
0.30836964100426678126 0.14260354195377417108 0.00000000099999999988 0.00000000099999999988 0.00000000099999999988 0.54902681404195896597 
0.00000000099999999993 0.00000000099999999993 0.10954002850809745062 0.43687482695316770531 0.45358514153873474850 0.00000000099999999993 
0.66873067772570782274 0.30408754419037242744 0.00000000099999999997 0.00000000099999999997 0.02507641745033565087 0.00210535863358421319 
0.00000000099999999972 0.00000000099999999972 0.00000000099999999972 0.00000000099999999972 0.99999999499999991937 0.00000000099999999972 
0.00000000099999999980 0.00000000099999999980 0.00000000099999999980 0.00000000099999999980 0.00000000099999999980 0.99999999500000003039 
0.00000000099999999995 0.00000000099999999995 0.00000000099999999995 0.45537187126507699952 0.54462812473492294707 0.00000000099999999995 
0.00000000099999999961 0.00000000099999999961 0.00000000099999999961 0.00000000099999999961 0.75353546718512864899 0.24646452881487140862 
0.00000000099999999990 0.27730221931577142547 0.00000000099999999990 0.00000000099999999990 0.69952387738565924291 0.02317390029856929157 
0.00000000099999999994 0.60924676814020461979 0.00000000099999999994 0.19725819473079270194 0.19349503412900270760 0.00000000099999999994 
0.00000000099999999945 0.00000000099999999945 0.00000000099999999945 0.00000000099999999945 0.00000000099999999945 0.99999999499999991937 
0.37316586022379710785 0.00000000099999999998 0.38801754118147718797 0.16004391488034741542 0.07877268171437833144 0.00000000099999999998 
0.00000000099999999944 0.00000000099999999944 0.00000000099999999944 0.00000000099999999944 0.99999999499999991937 0.00000000099999999944 
0.23548335020122265759 0.37674884690663396070 0.00000000099999999998 0.28766024820370922344 0.10010755268843425647 0.00000000099999999998 
0.00000000099999999950 0.00000000099999999950 0.00000000099999999950 0.00000000099999999950 0.99999999500000003039 0.00000000099999999950 
0.00000000099999999985 0.49866595185737916385 0.50133404414262072724 0.00000000099999999985 0.00000000099999999985 0.00000000099999999985 
0.01722235085366542046 0.00000000099999999990 0.00000000099999999990 0.15961565838494951031 0.00000000099999999990 0.82316198776138505000 
0.00000000099999999998 0.23557683218920236201 0.00000000099999999998 0.29753394556140344562 0.22044064136708263479 0.24644857888231153087 
0.00000000099999999990 0.00000000099999999990 0.00000000099999999990 0.40992597307179134969 0.00000000099999999990 0.59007402292820865242 
0.53325328339052513460 0.00000000099999999993 0.00000000099999999993 0.29060587092604395210 0.17614084268343094264 0.00000000099999999993 
0.50101971350464880040 0.19679743420802980891 0.30218284928732130901 0.00000000099999999992 0.00000000099999999992 0.00000000099999999992 
0.08604403804408612688 0.43795981460862892787 0.00000000099999999995 0.09666540893505827514 0.00000000099999999995 0.37933073641222664341 
0.00000000099999999973 0.00000000099999999973 0.99999999500000003039 0.00000000099999999973 0.00000000099999999973 0.00000000099999999973 
0.00000000099999999988 0.00000000099999999988 0.00000000099999999988 0.58335640366379271082 0.23938510808183657841 0.17725848525437060133 
0.00368235790144149809 0.00000002339049620570 0.37183131363529897673 0.37117524158609893625 0.25331106248666446223 0.00000000099999999999 
0.82991518764947247444 0.00000000099999999978 0.00000000099999999978 0.00000000099999999978 0.00000000099999999978 0.17008480835052761093 
0.42289364331256928953 0.57710635268743071258 0.00000000099999999993 0.00000000099999999993 0.00000000099999999993 0.00000000099999999993 
0.47400318332076363248 0.30467138549016192783 0.00000000099999999995 0.22132542818907444127 0.00000000099999999995 0.00000000099999999995 
0.00000000099999999945 0.00000000099999999945 0.00000000099999999945 0.00000000099999999945 0.00000000099999999945 0.99999999500000003039 
0.99356329136668186663 0.00000000099999999983 0.00000000099999999983 0.00000000099999999983 0.00000000099999999983 0.00643670463331823695 
0.00000000099999999989 0.00000000099999999989 0.00000000099999999989 0.37288354127829503870 0.00002658565244782363 0.62708987006925698271 
0.99999999500000003039 0.00000000099999999980 0.00000000099999999980 0.00000000099999999980 0.00000000099999999980 0.00000000099999999980 
0.00000000099999999955 0.00000000099999999955 0.00000000099999999955 0.00000000099999999955 0.00000000099999999955 0.99999999500000003039 
0.00000000099999999951 0.00000000099999999951 0.00000000099999999951 0.00000000099999999951 0.00000000099999999951 0.99999999499999991937 
0.38087884438329211445 0.00000000099999999988 0.00000000099999999988 0.00000000099999999988 0.00185128688579695049 0.61726986573091080501 
0.00000000099999999983 0.44283879096440359469 0.55716120503559640742 0.00000000099999999983 0.00000000099999999983 0.00000000099999999983 
0.00000000099999999988 0.93397616348402390241 0.00000000099999999988 0.00000000099999999988 0.00000000099999999988 0.06602383251597622460 
0.95469094287693523349 0.00000000099999999987 0.00000000099999999987 0.04530905312306488658 0.00000000099999999987 0.00000000099999999987 
0.00000000099999999969 0.00000000099999999969 0.00000000099999999969 0.00000000099999999969 0.99999999499999991937 0.00000000099999999969 
0.00000000099999999994 0.27020420845655923614 0.00000000099999999994 0.45237355171008708510 0.14192652773726766036 0.13549571009608607497 
0.00000000099999999975 0.00000000099999999975 0.99999999499999991937 0.00000000099999999975 0.00000000099999999975 0.00000000099999999975 
0.38540859085724432642 0.00000000099999999980 0.00000000099999999980 0.00000000099999999980 0.00000000099999999980 0.61459140514275545364 
0.00000000099999999983 0.00000000099999999983 0.00000000099999999983 0.52304049900351978764 0.00000000099999999983 0.47695949699648026998 
0.00000000099999999979 0.00000000099999999979 0.00000000099999999979 0.00000000102134060192 0.99999999497865932341 0.00000000099999999979 
0.00000000099999999972 0.00000000099999999972 0.59912518833387695683 0.00000000099999999972 0.40052410345038258477 0.00035070521574039732 
0.00000000099999999941 0.00000000099999999941 0.00000000099999999941 0.00000000099999999941 0.99999999499999991937 0.00000000099999999941 
0.99999999500000003039 0.00000000099999999988 0.00000000099999999988 0.00000000099999999988 0.00000000099999999988 0.00000000099999999988 
0.00000000099999999980 0.00000000099999999980 0.85631688335993128014 0.00000000099999999980 0.00001345379040715151 0.14366965984966151293 
0.00000000099999999942 0.00000000099999999942 0.00000000099999999942 0.00000000099999999942 0.43506262532636225115 0.56493737067363780646 
0.48875382535905614878 0.11258279631508594232 0.02354156932754964543 0.00000000099999999998 0.37512180699830832697 0.00000000099999999998 
0.00000000099999999988 0.66538892098520174834 0.00000000099999999988 0.33461107501479830928 0.00000000099999999988 0.00000000099999999988 
0.10031062849363846234 0.00000000099999999991 0.00000000099999999991 0.31150685502732694543 0.00000000099999999991 0.58818251347903449666 
0.00000000099999999988 0.99999999500000003039 0.00000000099999999988 0.00000000099999999988 0.00000000099999999988 0.00000000099999999988 
0.00000000099999999959 0.00000000099999999959 0.00000000099999999959 0.00000000099999999959 0.99999999500000003039 0.00000000099999999959 
0.99999999500000014141 0.00000000099999999981 0.00000000099999999981 0.00000000099999999981 0.00000000099999999981 0.00000000099999999981 
0.81998692758048374873 0.00000000099999999988 0.00000000099999999988 0.00000000099999999988 0.13737131131487823055 0.04264175810463805005 
0.69889504944219171811 0.30110494655780850604 0.00000000099999999990 0.00000000099999999990 0.00000000099999999990 0.00000000099999999990 
0.00000000099999999992 0.00000000099999999992 0.00000000099999999992 0.72626403494854563370 0.00000518869841100909 0.27373077335304335511 
0.88836698295368232703 0.10827208663262974375 0.00000000099999999992 0.00000000099999999992 0.00336092741368800929 0.00000000099999999992 
0.00000000099999999982 0.20877052117282798860 0.79122947482717198575 0.00000000099999999982 0.00000000099999999982 0.00000000099999999982 
