0.00000000099999999955 0.00000000099999999955 0.00000000099999999955 0.00000000099999999955 0.00000000099999999955 0.76001236027731278178 0.00000000099999999955 0.23998763272268708313 0.00000000099999999955 
0.00000000099999999950 0.00000000099999999950 0.00000000099999999950 0.99999999200000000421 0.00000000099999999950 0.00000000099999999950 0.00000000099999999950 0.00000000099999999950 0.00000000099999999950 
0.22835306852074552242 0.12996937425680407663 0.04325059087138288794 0.00000000099999999994 0.03551859801159715224 0.04168341567887747651 0.00000000099999999994 0.27080374320925454379 0.25042120745133805704 
0.10481332515025744423 0.26905136796227213658 0.00000000099999999984 0.27849774206031774337 0.00000000099999999984 0.00000000099999999984 0.00000000099999999984 0.00000000099999999984 0.34763755982715288662 
0.00000000099999999968 0.00000000099999999968 0.00000000099999999968 0.57193212057997522280 0.00000000099999999968 0.00000000099999999968 0.42806787242002475313 0.00000000099999999968 0.00000000099999999968 
0.00000000099999999986 0.20866824445126355703 0.00000000099999999986 0.00000000099999999986 0.00000000099999999986 0.00000000099999999986 0.34350570417709669346 0.44782604537163966940 0.00000000099999999986 
0.35007366622497099184 0.00000000099999999977 0.00000000099999999977 0.18368700603594304011 0.00000000099999999977 0.00000027177519493183 0.00000000099999999977 0.46623905096389089975 0.00000000099999999977 
0.00000000099999999967 0.00000000099999999967 0.00000000099999999967 0.00000000099999999967 0.00000000099999999967 0.00000000099999999967 0.21435107251803844908 0.78564892048196144358 0.00000000099999999967 
0.23708982088744184891 0.00000000099999999957 0.00000000099999999957 0.00000000099999999957 0.00000000099999999957 0.76291017211255807151 0.00000000099999999957 0.00000000099999999957 0.00000000099999999957 
0.00000000099999999904 0.00000000099999999904 0.00000000099999999904 0.00000000099999999904 0.00000000099999999904 0.99999999200000000421 0.00000000099999999904 0.00000000099999999904 0.00000000099999999904 
0.21615365606408909471 0.00000000099999999970 0.78377328581607075275 0.00000000099999999970 0.00000000099999999970 0.00007305211984026806 0.00000000099999999970 0.00000000099999999970 0.00000000099999999970 
0.00000000099999999968 0.00000000099999999968 0.00000000099999999968 0.11044153383766630583 0.00000000099999999968 0.56370834295877725317 0.00000000099999999968 0.32585011720355638865 0.00000000099999999968 
0.00000000099999999989 0.50532352040958228301 0.05849542449294672930 0.27238513147286419480 0.00000000099999999989 0.16379591862460696206 0.00000000099999999989 0.00000000099999999989 0.00000000099999999989 
0.00000000099999999945 0.00000000099999999945 0.73204522822798290260 0.00000000099999999945 0.00000000099999999945 0.26795476477201712884 0.00000000099999999945 0.00000000099999999945 0.00000000099999999945 
0.00000000099999999908 0.00000000099999999908 0.00000000099999999908 0.00000000099999999908 0.00000000099999999908 0.99999999200000000421 0.00000000099999999908 0.00000000099999999908 0.00000000099999999908 
0.00000000099999999977 0.00000000099999999977 0.00000000099999999977 0.00000000099999999977 0.00000000099999999977 0.00000000099999999977 0.00000000099999999977 0.99999999199999989319 0.00000000099999999977 
0.00000000099999999984 0.00000000099999999984 0.20051930302921497362 0.00000000099999999984 0.19056560191026788997 0.00000000099999999984 0.19892271591247814855 0.00000000099999999984 0.40999237414803901824 
0.73982444767652899564 0.00000000099999999973 0.26017554532347125784 0.00000000099999999973 0.00000000099999999973 0.00000000099999999973 0.00000000099999999973 0.00000000099999999973 0.00000000099999999973 
0.00000000099999999984 0.43599443902313589350 0.00000000099999999984 0.00000000099999999984 0.00000000099999999984 0.24990266670564617590 0.22251386186039548432 0.09158902741082228238 0.00000000099999999984 
0.00000000099999999992 0.00000000099999999992 0.73397650269018832603 0.00000000099999999992 0.00000000099999999992 0.00000000099999999992 0.26602349030981176092 0.00000000099999999992 0.00000000099999999992 
0.00000000099999999965 0.00000000099999999965 0.00000000099999999965 0.07993579252529654788 0.00000000099999999965 0.92006420047470360846 0.00000000099999999965 0.00000000099999999965 0.00000000099999999965 
0.25421114043211018307 0.00000000099999999951 0.00000000099999999951 0.00000000099999999951 0.00000000099999999951 0.74578885256788984837 0.00000000099999999951 0.00000000099999999951 0.00000000099999999951 
0.00000000099999999987 0.12022947561865829358 0.00000000099999999987 0.00000000099999999987 0.00000000099999999987 0.29629713970010196356 0.39865455199428145860 0.00000000099999999987 0.18481882768695823138 
0.00000000099999999935 0.00000000099999999935 0.00000000099999999935 0.00000000099999999935 0.00000000099999999935 0.99999999200000011523 0.00000000099999999935 0.00000000099999999935 0.00000000099999999935 
0.00000000099999999984 0.15542730623357856046 0.00000000099999999984 0.00000000099999999984 0.12146770932270639642 0.72310497844371512954 0.00000000099999999984 0.00000000099999999984 0.00000000099999999984 
0.00000000099999999958 0.00000000099999999958 0.00000000099999999958 0.00000000099999999958 0.00000000099999999958 0.00000000099999999958 0.99999999199999989319 0.00000000099999999958 0.00000000099999999958 
0.06542853297127987355 0.00000000099999999923 0.00000000099999999923 0.00000000099999999923 0.00000000099999999923 0.93457146002872015789 0.00000000099999999923 0.00000000099999999923 0.00000000099999999923 
0.00000000099999999985 0.00000051702914096106 0.49435782841370923268 0.00000000099999999985 0.00000000099999999985 0.00000000099999999985 0.17871019387502989906 0.32693145568211984253 0.00000000099999999985 
0.00000000099999999914 0.00000000099999999914 0.00000000099999999914 0.00000000099999999914 0.00000000099999999914 0.99999999200000011523 0.00000000099999999914 0.00000000099999999914 0.00000000099999999914 
0.00000000099999999980 0.00000000099999999980 0.00000000099999999980 0.49758665494587522860 0.00000000099999999980 0.00477525930901820730 0.00000000099999999980 0.00000000099999999980 0.49763807974510643195 
0.00000000099999999922 0.00000000099999999922 0.00000000099999999922 0.00000000099999999922 0.00000000099999999922 0.99999999200000000421 0.00000000099999999922 0.00000000099999999922 0.00000000099999999922 
0.00000000099999999971 0.00000000099999999971 0.00000000099999999971 0.00000000099999999971 0.00000000099999999971 0.00000000099999999971 0.65815648361192202742 0.34184350938807778197 0.00000000099999999971 
0.50892538556382338477 0.00000000099999999952 0.00000000099999999952 0.00000000099999999952 0.00000000099999999952 0.49107460743617675769 0.00000000099999999952 0.00000000099999999952 0.00000000099999999952 
0.34462001021882060492 0.00000000099999999979 0.00000000099999999979 0.00000000099999999979 0.00000000099999999979 0.18457121768526862926 0.47080876609591065796 0.00000000099999999979 0.00000000099999999979 
0.34841795929308139179 0.35678365809873630043 0.00000000099999999981 0.00000000099999999981 0.00000000099999999981 0.29479837660818236644 0.00000000099999999981 0.00000000099999999981 0.00000000099999999981 
0.00000000099999999980 0.00000000099999999980 0.73594199332752774367 0.26405799967247223226 0.00000000099999999980 0.00000000099999999980 0.00000000099999999980 0.00000000099999999980 0.00000000099999999980 
0.04962979587851781144 0.00000000099999999994 0.20186057925991199302 0.00000000099999999994 0.11947931204168124597 0.00000000099999999994 0.00000000099999999994 0.32977344577409067883 0.29925686304579818264 
0.16989445422374319095 0.00000000099999999983 0.00000000099999999983 0.00000000099999999983 0.55569290623373157612 0.27441263354252526385 0.00000000099999999983 0.00000000099999999983 0.00000000099999999983 
0.00000000099999999961 0.00000000099999999961 0.00000000099999999961 0.00000000099999999961 0.00000000099999999961 0.00000000099999999961 0.00000000099999999961 0.99999999199999989319 0.00000000099999999961 
0.00000000099999999971 0.82499436121857738780 0.00000000099999999971 0.00000000099999999971 0.00000000099999999971 0.17500563178142275467 0.00000000099999999971 0.00000000099999999971 0.00000000099999999971 
0.00000000099999999996 0.44392685185876529230 0.00000000099999999996 0.00000000099999999996 0.05239604891461700081 0.09799336522425756979 0.00000000099999999996 0.39871620834790855170 0.00696752165445146520 
0.00107467836813644594 0.00000000099999999967 0.65362813955846910119 0.00000000099999999967 0.00000000099999999967 0.07387617514810693176 0.00000000099999999967 0.00000000099999999967 0.27142100192528773039 
0.00000000099999999980 0.00000000099999999980 0.00000000099999999980 0.00000000099999999980 0.00000000099999999980 0.00000000099999999980 0.72310995836713098939 0.00000000099999999980 0.27689003463286909756 
0.00000000099999999988 0.23696326793847310999 0.00000000099999999988 0.04772384676863079822 0.00000000099999999988 0.00000000099999999988 0.24830415034474981328 0.00000000099999999988 0.46700872994814640604 
0.05757300009639174099 0.00000000099999999926 0.00000000099999999926 0.00000000099999999926 0.00000000099999999926 0.94242699290360831821 0.00000000099999999926 0.00000000099999999926 0.00000000099999999926 
0.11796801600934386789 0.00000000099999999972 0.13799399900308462197 0.00000000099999999972 0.00000000099999999972 0.00000000099999999972 0.00000000099999999972 0.00000000099999999972 0.74403797898757129126 
0.28324165193421113607 0.35735902145019943221 0.00000000099999999974 0.00000000099999999974 0.00000000099999999974 0.35939932061558965692 0.00000000099999999974 0.00000000099999999974 0.00000000099999999974 
0.20119682377123235262 0.00000000099999999974 0.39112597011068334085 0.00000000099999999974 0.00000000099999999974 0.00000000099999999974 0.00000000099999999974 0.00000000099999999974 0.40767720011808428193 
0.00000000099999999932 0.00000000099999999932 0.00000000099999999932 0.00000000099999999932 0.00000000099999999932 0.99999999200000011523 0.00000000099999999932 0.00000000099999999932 0.00000000099999999932 
0.05095497980613693939 0.00000000099999999928 0.00000000099999999928 0.00000000099999999928 0.00000000099999999928 0.94904501319386314062 0.00000000099999999928 0.00000000099999999928 0.00000000099999999928 
0.23780930704893180061 0.00000000099999999966 0.00000000099999999966 0.00000000099999999966 0.00000000099999999966 0.49310430419226741749 0.00000000099999999966 0.00000000099999999966 0.26908638275880081281 
0.00000000099999999968 0.00000000099999999968 0.00000000099999999968 0.44692421733906384507 0.00000000099999999968 0.00000000099999999968 0.00000000099999999968 0.55307577566093590882 0.00000000099999999968 
0.00000000099999999969 0.00000000099999999969 0.00000000099999999969 0.00000000099999999969 0.99999999200000011523 0.00000000099999999969 0.00000000099999999969 0.00000000099999999969 0.00000000099999999969 
0.00000000099999999976 0.19046983690557262037 0.26363294501696304950 0.00000000099999999976 0.00000000099999999976 0.00000000099999999976 0.00000000099999999976 0.00000000099999999976 0.54589721207746411125 
0.00000000099999999964 0.00000000099999999964 0.00000000099999999964 0.00000000099999999964 0.00000000099999999964 0.89512375895582829699 0.10487623404417173445 0.00000000099999999964 0.00000000099999999964 
0.06857191341540168350 0.33582137371255788016 0.00000000099999999990 0.20125961340974329872 0.00000000099999999990 0.03120539413768496848 0.36314170132461232043 0.00000000099999999990 0.00000000099999999990 
0.00000000099999999957 0.00000000099999999957 0.00000000099999999957 0.00000000099999999957 0.00000000099999999957 0.00000000099999999957 0.00000000099999999957 0.99999999199999989319 0.00000000099999999957 
0.42961101312263649810 0.00000000099999999965 0.20262287635823672538 0.00000000099999999965 0.00000000099999999965 0.36776610451912689070 0.00000000099999999965 0.00000000099999999965 0.00000000099999999965 
0.43688165441780729692 0.39281021579377600750 0.00000000099999999976 0.10498789696815148675 0.00000000099999999976 0.06532022782026532248 0.00000000099999999976 0.00000000099999999976 0.00000000099999999976 
0.00000000099999999968 0.15749250497433500695 0.10358250056371536008 0.00000000099999999968 0.00000000099999999968 0.73892498846194953899 0.00000000099999999968 0.00000000099999999968 0.00000000099999999968 
0.00000000099999999949 0.00000000099999999949 0.00000000099999999949 0.00000000099999999949 0.00000000099999999949 0.36646689447075719848 0.00000000099999999949 0.63353309852924266643 0.00000000099999999949 
0.00000000099999999900 0.00000000099999999900 0.00000000099999999900 0.00000000099999999900 0.00000000099999999900 0.99999999200000000421 0.00000000099999999900 0.00000000099999999900 0.00000000099999999900 
0.00000000099999999968 0.00000000099999999968 0.00000000099999999968 0.00000000099999999968 0.00000000099999999968 0.01995385877380524350 0.00000000099999999968 0.00000000099999999968 0.98004613422619479834 
0.09462792500998884471 0.00000000099999999963 0.00000000099999999963 0.00000000099999999963 0.00000000099999999963 0.07407737071807515838 0.00000000099999999963 0.83129469827193602782 0.00000000099999999963 
0.00000000099999999898 0.00000000099999999898 0.00000000099999999898 0.00000000099999999898 0.00000000099999999898 0.99999999200000000421 0.00000000099999999898 0.00000000099999999898 0.00000000099999999898 
0.00000000099999999977 0.00000000099999999977 0.76974502064362726461 0.00000000099999999977 0.00000000099999999977 0.23025497235637276683 0.00000000099999999977 0.00000000099999999977 0.00000000099999999977 
0.00000000099999999965 0.00000000099999999965 0.00000000099999999965 0.33452042562081224508 0.66547956737918778636 0.00000000099999999965 0.00000000099999999965 0.00000000099999999965 0.00000000099999999965 
0.36688161595122664727 0.16986152459271366966 0.00000000099999999988 0.02944480247362300795 0.00000000099999999988 0.28464512009411169213 0.00000000099999999988 0.00000000099999999988 0.14916693288832497122 
0.00000000099999999973 0.00000000099999999973 0.00000000099999999973 0.00000000099999999973 0.99999999200000011523 0.00000000099999999973 0.00000000099999999973 0.00000000099999999973 0.00000000099999999973 
0.00000000099999999944 0.00000000099999999944 0.00000000099999999944 0.00000000099999999944 0.00000000099999999944 0.99999999200000011523 0.00000000099999999944 0.00000000099999999944 0.00000000099999999944 
0.00000000099999999969 0.00000000099999999969 0.69721886757541395863 0.00000000099999999969 0.00000000099999999969 0.00000000099999999969 0.00000000099999999969 0.00000000099999999969 0.30278112542458601730 
0.03150996747747752957 0.00000000099999999971 0.00000000099999999971 0.00000000099999999971 0.00000000099999999971 0.24295001932761384200 0.00000000099999999971 0.00000000099999999971 0.72554000719490863158 
0.00000000099999999967 0.00000000099999999967 0.00000000099999999967 0.00000000099999999967 0.00000000099999999967 0.00000000099999999967 0.34985903989312827633 0.00000000099999999967 0.65014095310687181062 
0.00000000099999999978 0.99999999200000011523 0.00000000099999999978 0.00000000099999999978 0.00000000099999999978 0.00000000099999999978 0.00000000099999999978 0.00000000099999999978 0.00000000099999999978 
0.00000000099999999970 0.00000000099999999970 0.00000000099999999970 0.00000000099999999970 0.00000000099999999970 0.07562196663105547056 0.00000000099999999970 0.00000000099999999970 0.92437802636894450536 
0.00000000099999999965 0.00000000099999999965 0.00000000099999999965 0.00000000099999999965 0.21298198168240153882 0.00000000099999999965 0.00000000099999999965 0.78701801131759852037 0.00000000099999999965 
