0.00000000099999999980 0.00000000099999999980 0.22096733051594058539 0.00000000099999999980 0.77903266648405955497 
0.00000000099999999992 0.81781450970295122005 0.09345086546693175122 0.00000000099999999992 0.08873462283011714080 
0.26784886233313631720 0.00000000099999999999 0.28174559413002298047 0.32568453227185178989 0.12472101026498885745 
0.68493445794989982200 0.31506553875644310869 0.00000000099999999996 0.00000000099999999996 0.00000000129365718424 
0.00000000099999999992 0.99999999600000011313 0.00000000099999999992 0.00000000099999999992 0.00000000099999999992 
0.17872426838957852779 0.32359030171336256032 0.49768542789705899621 0.00000000099999999997 0.00000000099999999997 
0.34479413858784108138 0.00000000099999999993 0.44825506941645359982 0.00000000099999999993 0.20695078999570531986 
0.00000000099999999987 0.00000000099999999987 0.99999999600000000211 0.00000000099999999987 0.00000000099999999987 
0.00000000099999999984 0.00000000099999999984 0.00000000099999999984 0.00000000099999999984 0.99999999599999989108 
0.00000000099999999949 0.00000000099999999949 0.00000000099999999949 0.00000000099999999949 0.99999999600000000211 
0.00000000099999999989 0.00000000099999999989 0.00000000099999999989 0.79587989571557438140 0.20412010128442548140 
0.00000000099999999988 0.06488408295661685088 0.33622580698459381132 0.00000000099999999988 0.59889010805878917232 
0.45994123842235701272 0.22688783058220066136 0.00000000099999999998 0.10688131878537621144 0.20628961121006619828 
0.00000000099999999977 0.00000000099999999977 0.00000000099999999977 0.60989018367580338786 0.39010981332419647494 
0.00000000099999999949 0.00000000099999999949 0.00000000099999999949 0.00000000099999999949 0.99999999600000000211 
0.00000000099999999988 0.00000000099999999988 0.99999999599999989108 0.00000000099999999988 0.00000000099999999988 
0.00000000099999999991 0.39595829013258010409 0.00000000099999999991 0.60404170686741986973 0.00000000099999999991 
0.00000000099999999992 0.00000000099999999992 0.00000000099999999992 0.53475049869098667532 0.46524949830901324299 
0.48668587350306807826 0.04744534451711253376 0.20525504702710081761 0.00000000099999999998 0.26061373395271847375 
0.00000000099999999999 0.30036203887702156434 0.00016661675321545530 0.67910537500567824676 0.02036596836408464256 
0.00000000099999999986 0.04752570436532355808 0.00000000099999999986 0.00000000099999999986 0.95247429263467642269 
0.00000000099999999984 0.00000000099999999984 0.00000000099999999984 0.00000000099999999984 0.99999999599999989108 
0.34816856051876743372 0.31086165381132174756 0.02938907078633794245 0.00000000099999999999 0.31158071388357283515 
0.00000000099999999969 0.00000000099999999969 0.00000000099999999969 0.00000000099999999969 0.99999999600000000211 
0.12210392192392661992 0.16531106291732233782 0.00000000099999999992 0.00000000099999999992 0.71258501315875089066 
0.00000000099999999991 0.99999999172470210862 0.00000000099999999991 0.00000000099999999991 0.00000000527529803818 
0.00000000099999999955 0.00000000099999999955 0.00000000099999999955 0.00000000099999999955 0.99999999600000000211 
0.20112926986388859896 0.00004433017903975297 0.42064636045021081001 0.37818003850686071621 0.00000000100000000000 
0.00000000099999999959 0.00000000099999999959 0.00000000099999999959 0.00000000099999999959 0.99999999600000000211 
0.27362963795572609049 0.49894824894201333931 0.00000000099999999999 0.22741199104517589857 0.00001012105708486515 
0.00000000099999999960 0.00000000099999999960 0.00000000099999999960 0.00000000099999999960 0.99999999600000000211 
0.00000000099999999989 0.47275095665140137724 0.52724904034859854107 0.00000000099999999989 0.00000000099999999989 
0.29914822844228455834 0.00000000099999999990 0.00000000099999999990 0.00000000099999999990 0.70085176855771535998 
0.28734143255532651473 0.38487316190016102047 0.00000000099999999997 0.00000000099999999997 0.32778540354451257688 
0.57124669557483276350 0.00000000099999999990 0.00000000099999999990 0.00000000099999999990 0.42875330142516732135 
0.32680991486457922068 0.08909532070833739437 0.00000000099999999999 0.54460641909505003166 0.03948834433203338851 
0.00000000099999999995 0.09392166934984928772 0.35699285181507406373 0.54908547683507669124 0.00000000099999999995 
0.17001500835910807186 0.44095555942953823525 0.00000000099999999996 0.07491725584483560629 0.31411217536651792059 
0.00000000099999999982 0.00000000099999999982 0.99999999600000000211 0.00000000099999999982 0.00000000099999999982 
0.81301924097487676679 0.00000000099999999987 0.00000000099999999987 0.00000000099999999987 0.18698075602512326254 
0.44063750619227565197 0.00008170897733828348 0.45864359192872289350 0.00126982991871575418 0.09936736298294747416 
0.00000000099999999981 0.00000000099999999981 0.00000000099999999981 0.83277357167777010805 0.16722642532222983802 
0.00000000099999999994 0.62777618871378204624 0.00000000099999999994 0.37222380828621792759 0.00000000099999999994 
0.15653154663853857675 0.39263994682010960879 0.00000000099999999994 0.45082850454135181550 0.00000000099999999994 
0.00000000099999999957 0.00000000099999999957 0.00000000099999999957 0.00000000099999999957 0.99999999600000000211 
0.00000000099999999985 0.00000000099999999985 0.00000000099999999985 0.99999999599999989108 0.00000000099999999985 
0.51790889131153972080 0.00000000099999999987 0.00000000099999999987 0.00000000099999999987 0.48209110568846047506 
0.00000000099999999983 0.00000000099999999983 0.00000000099999999983 0.99999999599999989108 0.00000000099999999983 
0.00000000099999999960 0.00000000099999999960 0.00000000099999999960 0.00000000099999999960 0.99999999600000000211 
0.00000000099999999958 0.00000000099999999958 0.00000000099999999958 0.00000000099999999958 0.99999999599999989108 
0.00000000099999999989 0.00000000099999999989 0.00000000099999999989 0.40444015177181807941 0.59555984522818206095 
0.00000000099999999985 0.39691812192152614580 0.60308187507847388353 0.00000000099999999985 0.00000000099999999985 
0.00000000099999999994 0.94200565422824444894 0.00000000099999999994 0.00000000099999999994 0.05799434277175564284 
0.00000000099999999991 0.00000000099999999991 0.00000000099999999991 0.99999999599999989108 0.00000000099999999991 
0.00000000099999999994 0.00000000099999999994 0.08254073238184049532 0.00000000099999999994 0.91745926461815952013 
0.41089749044382112286 0.49937349123985957933 0.00000000099999999994 0.00000000099999999994 0.08972901631631943764 
0.00000000099999999982 0.00000000099999999982 0.99999999600000000211 0.00000000099999999982 0.00000000099999999982 
0.00000000099999999984 0.00000000099999999984 0.00000000099999999984 0.43330009889813131396 0.56669989810186860435 
0.77146136731119030472 0.00000000099999999984 0.00000000099999999984 0.00000000099999999984 0.22853862968880975237 
0.21552587656785951453 0.00000000099999999986 0.00000000099999999986 0.00000000099999999986 0.78447412043214048705 
0.00000000099999999976 0.00000000099999999976 0.60747765455470814633 0.00000000099999999976 0.39252234244529177198 
0.00000000099999999950 0.00000000099999999950 0.00000000099999999950 0.00000000099999999950 0.99999999599999989108 
0.00000000099999999989 0.00000000099999999989 0.00000000099999999989 0.99999999599999989108 0.00000000099999999989 
0.00000000099999999983 0.00000000099999999983 0.84048198414281916069 0.00000000099999999983 0.15951801285718081314 
0.00000000099999999945 0.00000000099999999945 0.00000000099999999945 0.00000000099999999945 0.99999999599999989108 
0.08012959917355685913 0.00000000100000000000 0.08111830086996078826 0.49753458434379083108 0.34121751461269161920 
0.28907880645428074562 0.71092119054571933923 0.00000000099999999989 0.00000000099999999989 0.00000000099999999989 
0.40412382552684794623 0.00000000099999999995 0.00000000099999999995 0.15221814530115823638 0.44365802717199381844 
0.00000000099999999989 0.99999999600000011313 0.00000000099999999989 0.00000000099999999989 0.00000000099999999989 
0.00000000099999999978 0.00000000099999999978 0.00000000099999999978 0.00000000099999999978 0.99999999599999989108 
0.00000000099999999986 0.00000000099999999986 0.00000000099999999986 0.99999999600000000211 0.00000000099999999986 
0.00000000099999999990 0.00000000099999999990 0.00000000099999999990 0.81945257993295272936 0.18054741706704727222 
0.00000000099999999991 0.34565136614717556496 0.00000000099999999991 0.65434863085282424233 0.00000000099999999991 
0.99996856038955028723 0.00003059353234324224 0.00000000099999999994 0.00000000099999999994 0.00000084407810668489 
0.00000000099999999992 0.11207422627100753487 0.00000000099999999992 0.87857291733378728438 0.00935285439520528762 
0.00000000099999999985 0.00000000099999999985 0.99999999599999989108 0.00000000099999999985 0.00000000099999999985 
