0.24480651559448510235 0.00000000099999999971 0.75519348040551492751 0.00000000099999999971 0.00000000099999999971 0.00000000099999999971 
0.00000000099999999978 0.00000000099999999978 0.00000000099999999978 0.99999999500000003039 0.00000000099999999978 0.00000000099999999978 
0.28436454427455054583 0.28932841495755928785 0.08426246826871268414 0.02806348284096080864 0.00000000099999999997 0.31398108865821661162 
0.00000000099999999997 0.66311699582637761985 0.00000000099999999997 0.26816734937901937075 0.06871430702904654519 0.00000134576555644181 
0.00000000099999999991 0.00000000099999999991 0.00000000099999999991 0.47667633802997871895 0.52332365797002111663 0.00000000099999999991 
0.52727455174216419920 0.00000000099999999995 0.00000000099999999995 0.00000000099999999995 0.47272544425783580291 0.00000000099999999995 
0.48215939093861370779 0.38576031276532390946 0.13208029329606238433 0.00000000099999999988 0.00000000099999999988 0.00000000099999999988 
0.71044015503431257041 0.00000000099999999982 0.00000000099999999982 0.00000000099999999982 0.28955984096568743169 0.00000000099999999982 
0.00000000099999999981 0.00000000099999999981 0.99999999499999991937 0.00000000099999999981 0.00000000099999999981 0.00000000099999999981 
0.00000000099999999937 0.00000000099999999937 0.99999999499999991937 0.00000000099999999937 0.00000000099999999937 0.00000000099999999937 
0.00000000099999999987 0.00000000099999999987 0.19846147976851080674 0.00000000099999999987 0.00000000099999999987 0.80153851623148930639 
0.35553545571629713296 0.00000000099999999984 0.57068459903999468885 0.07377994224370830467 0.00000000099999999984 0.00000000099999999984 
0.00000000099999999995 0.42261843678398525181 0.17417978286185140102 0.30062009934409628098 0.00000000099999999995 0.10258167901006710887 
0.00000000099999999969 0.00000000099999999969 0.38400188120534778369 0.00000000099999999969 0.00000000099999999969 0.61599811479465216291 
0.00000000099999999937 0.00000000099999999937 0.99999999500000003039 0.00000000099999999937 0.00000000099999999937 0.00000000099999999937 
0.99999999334640843340 0.00000000099999999987 0.00000000099999999987 0.00000000099999999987 0.00000000265359170602 0.00000000099999999987 
0.00000000099999999990 0.00000000099999999990 0.00000000099999999990 0.17663852556632436697 0.22593967400495659770 0.59742179742871914794 
0.00000000099999999991 0.00000000099999999991 0.47297396311594669394 0.08845005225209459643 0.00000000099999999991 0.43857598163195876673 
0.11249359241446668656 0.39612817897989727189 0.22826598302771425320 0.00000000099999999994 0.26311224357792162287 0.00000000099999999994 
0.01466494803450087842 0.00000000099999999997 0.00000000099999999997 0.00000016192072586444 0.30523889927803637967 0.68009598876673693635 
0.00000000099999999982 0.00000000099999999982 0.94394749351824791539 0.05605250248175192018 0.00000000099999999982 0.00000000099999999982 
0.00000000099999999980 0.00000000099999999980 0.99999999499999991937 0.00000000099999999980 0.00000000099999999980 0.00000000099999999980 
0.00000000099999999991 0.00000006217323752717 0.37864591600804353710 0.00000000099999999991 0.62135401881871876739 0.00000000099999999991 
0.00000000099999999961 0.00000000099999999961 0.99999999499999991937 0.00000000099999999961 0.00000000099999999961 0.00000000099999999961 
0.00000000099999999993 0.11412339471410685998 0.71401813983461492885 0.13493119752509660780 0.03692726592618143094 0.00000000099999999993 
0.00000000099999999981 0.00000000099999999981 0.00041096440282769827 0.00000000099999999981 0.99958903159717238385 0.00000000099999999981 
0.00000000099999999944 0.00000000099999999944 0.99999999500000003039 0.00000000099999999944 0.00000000099999999944 0.00000000099999999944 
0.39055782132508715110 0.00000009890350095184 0.00000000099999999996 0.00000000099999999996 0.20407591431090077450 0.40536616346051096427 
0.00000000099999999951 0.00000000099999999951 0.99999999500000003039 0.00000000099999999951 0.00000000099999999951 0.00000000099999999951 
0.00000000099999999999 0.24648309408537943943 0.00105965504274214755 0.44896044649498578760 0.03376155410124546258 0.26973524927564723752 
0.00000000099999999952 0.00000000099999999952 0.99999999500000003039 0.00000000099999999952 0.00000000099999999952 0.00000000099999999952 
0.38041607613368094709 0.00000000099999999985 0.00000000099999999985 0.00000000099999999985 0.61958391986631888848 0.00000000099999999985 
0.00000000099999999985 0.31993608869358730606 0.68006390730641275155 0.00000000099999999985 0.00000000099999999985 0.00000000099999999985 
0.00000000099999999993 0.23645450399072642789 0.33741365497219566461 0.00000000099999999993 0.42613183803707777031 0.00000000099999999993 
0.00000000099999999991 0.41572888061539597926 0.40471112182152346737 0.00000000099999999991 0.17955999456308041617 0.00000000099999999991 
0.00000000099999999996 0.30292577602676951098 0.02544857365942132868 0.00000000099999999996 0.14028617423429581845 0.53133947407951331865 
0.30382253003988834994 0.00000000099999999995 0.00000000099999999995 0.17416865582195992235 0.00000000211000590286 0.52200881002814580878 
0.00000000099999999995 0.14968886701090147739 0.31436536409000831460 0.29236282176671651856 0.18097869813253172899 0.06260424799984182220 
0.75807435154874014405 0.00000000099999999983 0.00000000099999999983 0.00000000099999999983 0.24192564445125988581 0.00000000099999999983 
0.00000000099999999983 0.85697594911503716109 0.14302404688496295204 0.00000000099999999983 0.00000000099999999983 0.00000000099999999983 
0.36531943748748368916 0.34741565430061299713 0.04452975171480381272 0.07909195759423080785 0.14550390987243780327 0.01813928903043099047 
0.00000000099999999975 0.00000000099999999975 0.16046002796077954433 0.00000000099999999975 0.00000000099999999975 0.83953996803922048553 
0.00000000099999999990 0.00000000099999999990 0.00000000099999999990 0.00000000099999999990 0.78848703179584844758 0.21151296420415163779 
0.00000000099999999994 0.10716877660350072887 0.00000000099999999994 0.15666738313660272253 0.29717259653718153256 0.43899124172271491995 
0.00000000099999999946 0.00000000099999999946 0.99999999500000003039 0.00000000099999999946 0.00000000099999999946 0.00000000099999999946 
0.00000000099999999981 0.00000000099999999981 0.00000000099999999981 0.00000000099999999981 0.00000000099999999981 0.99999999500000003039 
0.00000000099999999982 0.54653371428260411058 0.45346628171739594704 0.00000000099999999982 0.00000000099999999982 0.00000000099999999982 
0.00000000099999999978 0.00000000099999999978 0.00000000099999999978 0.00000000099999999978 0.00000000099999999978 0.99999999499999991937 
0.00000000099999999953 0.00000000099999999953 0.99999999500000003039 0.00000000099999999953 0.00000000099999999953 0.00000000099999999953 
0.00000000099999999949 0.00000000099999999949 0.99999999500000003039 0.00000000099999999949 0.00000000099999999949 0.00000000099999999949 
0.00000000099999999986 0.00000000099999999986 0.59113336706113317476 0.00000000099999999986 0.00000000099999999986 0.40886662893886693837 
0.59330231205243366688 0.00000000099999999983 0.00000000099999999983 0.40669768394756650176 0.00000000099999999983 0.00000000099999999983 
0.00000000099999999983 0.00000000099999999983 0.00000000099999999983 0.99999999499999991937 0.00000000099999999983 0.00000000099999999983 
0.00000000099999999988 0.00000000099999999988 0.00000000099999999988 0.00000000099999999988 0.00000000099999999988 0.99999999499999991937 
0.00000000099999999981 0.00000000099999999981 0.90184532815737439293 0.00000000099999999981 0.09815466784262553979 0.00000000099999999981 
0.00000000099999999994 0.32873901689051265862 0.08943262807891140531 0.17781198886019483618 0.40401636417038094828 0.00000000099999999994 
0.99999999500000003039 0.00000000099999999968 0.00000000099999999968 0.00000000099999999968 0.00000000099999999968 0.00000000099999999968 
0.00000000099999999980 0.00000000099999999980 0.55997568943006070796 0.00000000099999999980 0.00000000099999999980 0.44002430656993923863 
0.00000000099999999978 0.81693516628009099634 0.18306482971990906128 0.00000000099999999978 0.00000000099999999978 0.00000000099999999978 
0.00000000099999999982 0.23077603690668643810 0.76922395909331353625 0.00000000099999999982 0.00000000099999999982 0.00000000099999999982 
0.65833110858054932901 0.00000000099999999966 0.34166888741945067309 0.00000000099999999966 0.00000000099999999966 0.00000000099999999966 
0.00000000099999999937 0.00000000099999999937 0.99999999499999991937 0.00000000099999999937 0.00000000099999999937 0.00000000099999999937 
0.00000000099999999986 0.00000000099999999986 0.00000000099999999986 0.00000000099999999986 0.00000000099999999986 0.99999999499999991937 
0.89549729656374477127 0.00000000099999999977 0.10450269943625528635 0.00000000099999999977 0.00000000099999999977 0.00000000099999999977 
0.00000000099999999933 0.00000000099999999933 0.99999999500000003039 0.00000000099999999933 0.00000000099999999933 0.00000000099999999933 
0.08501942274606794081 0.10406729735065874121 0.32793652082280366766 0.00003861056370592584 0.00000000099999999999 0.48293814751676378272 
0.00000000099999999979 0.00000000099999999979 0.00000000099999999979 0.99999999500000003039 0.00000000099999999979 0.00000000099999999979 
0.00000000099999999995 0.43322532169974975469 0.42389592690969812860 0.00000000099999999995 0.00000000099999999995 0.14287874839055220155 
0.00000000099999999993 0.00000000099999999993 0.00000000504493859912 0.99992045893800407530 0.00007953301705723381 0.00000000099999999993 
0.00000000099999999973 0.00000000099999999973 0.99999999500000003039 0.00000000099999999973 0.00000000099999999973 0.00000000099999999973 
0.00000000099999999981 0.00000000099999999981 0.00000000099999999981 0.00000000099999999981 0.00000000099999999981 0.99999999500000003039 
0.00000000099999999986 0.00000000099999999986 0.17192119644618147900 0.00000000099999999986 0.00000000099999999986 0.82807879955381857862 
0.00000000099999999985 0.00000000099999999985 0.00000000099999999985 0.00000000099999999985 0.40473828213487522687 0.59526171386512460870 
0.00000000099999999990 0.88785694747180055053 0.00000000099999999990 0.11214304852819952096 0.00000000099999999990 0.00000000099999999990 
0.00000000099999999993 0.00000000099999999993 0.03701996542886999697 0.00000000099999999993 0.06624127840755056340 0.89673875316357942733 
0.82791057939667545007 0.00000000099999999978 0.00000000099999999978 0.17208941660332463530 0.00000000099999999978 0.00000000099999999978 
