0.00000000099999999960 0.00000000099999999960 0.23222349367344580218 0.00000000099999999960 0.00000000099999999960 0.00000000099999999960 0.76777650032655420098 0.00000000099999999960 
0.00000000099999999960 0.99999999300000008695 0.00000000099999999960 0.00000000099999999960 0.00000000099999999960 0.00000000099999999960 0.00000000099999999960 0.00000000099999999960 
0.00000000099999999991 0.00000000099999999991 0.30059559654521367245 0.00000000099999999991 0.31729700334314298038 0.00000000099999999991 0.00000000099999999991 0.38210739511164326654 
0.63018028733884845494 0.05067873385519375967 0.00000000099999999988 0.00000000099999999988 0.31914097380595773945 0.00000000099999999988 0.00000000099999999988 0.00000000099999999988 
0.26367676667573114457 0.17286215121322315302 0.00000000099999999982 0.00000000099999999982 0.00000000099999999982 0.56346107711104553850 0.00000000099999999982 0.00000000099999999982 
0.17303619926263316686 0.00000000099999999989 0.44772595183488256287 0.00000000099999999989 0.00000000099999999989 0.37923784390248432841 0.00000000099999999989 0.00000000099999999989 
0.34157454980707285808 0.00000000099999999985 0.49084967415159264092 0.00000000099999999985 0.00000000099999999985 0.00000000099999999985 0.16757577104133458690 0.00000000099999999985 
0.00000000099999999972 0.00000000099999999972 0.76261257520748904071 0.00000000099999999972 0.00000000099999999972 0.23738741879251085143 0.00000000099999999972 0.00000000099999999972 
0.00000000099999999973 0.00000000099999999973 0.00000000099999999973 0.00000000099999999973 0.05582815818484732767 0.00000000099999999973 0.94417183581515262691 0.00000000099999999973 
0.00000000099999999919 0.00000000099999999919 0.00000000099999999919 0.00000000099999999919 0.00000000099999999919 0.00000000099999999919 0.99999999299999997593 0.00000000099999999919 
0.00000000099999999975 0.00000000099999999975 0.00000000099999999975 0.88251796630556478274 0.00000000099999999975 0.00000000099999999975 0.11748202769443526206 0.00000000099999999975 
0.00000000099999999974 0.08417176293987183033 0.32922237840328250069 0.00000000099999999974 0.00000000099999999974 0.00000000099999999974 0.58660585365684558834 0.00000000099999999974 
0.34701490910687593505 0.27185388415980926702 0.00000000099999999992 0.14962438650136775098 0.00000000099999999992 0.00000000099999999992 0.01994415587077083205 0.21156266136117635179 
0.00000000099999999954 0.00000000099999999954 0.00000000099999999954 0.74839601481354756096 0.00000000099999999954 0.00000000099999999954 0.25160397918645244220 0.00000000099999999954 
0.00000000099999999918 0.00000000099999999918 0.00000000099999999918 0.00000000099999999918 0.00000000099999999918 0.00000000099999999918 0.99999999299999997593 0.00000000099999999918 
0.00000000099999999980 0.00000000099999999980 0.99999999300000008695 0.00000000099999999980 0.00000000099999999980 0.00000000099999999980 0.00000000099999999980 0.00000000099999999980 
0.00000000099999999987 0.14442582150440252953 0.00000000099999999987 0.19475937092742262591 0.40936422566016644753 0.25145057790800839914 0.00000000099999999987 0.00000000099999999987 
0.00000000099999999981 0.00000000099999999981 0.00000000099999999981 0.40335299296409848901 0.00000000099999999981 0.00000000099999999981 0.00000000099999999981 0.59664700103590140312 
0.55450439816177354846 0.00000000099999999984 0.00064595536347137174 0.00000000099999999984 0.00000000099999999984 0.22907633110044098301 0.21577331137431410291 0.00000000099999999984 
0.00000000099999999994 0.00000000099999999994 0.00000000099999999994 0.72165131316516140103 0.00000000099999999994 0.27834868083483860213 0.00000000099999999994 0.00000000099999999994 
0.00000000099999999971 0.05259053329831535339 0.00000000099999999971 0.00000000099999999971 0.00000000099999999971 0.00000000099999999971 0.94740946070168463589 0.00000000099999999971 
0.00000000099999999968 0.00000000099999999968 0.00000000099999999968 0.00000000099999999968 0.00000000099999999968 0.00000000099999999968 0.81660379767483737279 0.18339619632516249159 
0.00000000099999999990 0.00000000099999999990 0.00000000099999999990 0.00000000099999999990 0.19992355155993932203 0.47383373024852981636 0.32624271319153075321 0.00000000099999999990 
0.00000000099999999945 0.00000000099999999945 0.00000000099999999945 0.00000000099999999945 0.00000000099999999945 0.00000000099999999945 0.99999999299999986491 0.00000000099999999945 
0.00000000099999999984 0.00000000099999999984 0.00000000099999999984 0.00000000099999999984 0.00000000099999999984 0.00000000099999999984 0.56406687369083408079 0.43593312030916586686 
0.00000000099999999965 0.00000000099999999965 0.00000000099999999965 0.00000000099999999965 0.00000000099999999965 0.99999999299999997593 0.00000000099999999965 0.00000000099999999965 
0.00000000099999999929 0.00000000099999999929 0.00000000099999999929 0.00000000099999999929 0.00000000099999999929 0.00000000099999999929 0.99999999299999986491 0.00000000099999999929 
0.00000000099999999986 0.00000000099999999986 0.30990904460308654755 0.50449961721517477820 0.00000000099999999986 0.18559133318173876015 0.00000000099999999986 0.00000000099999999986 
0.00000000099999999930 0.00000000099999999930 0.00000000099999999930 0.00000000099999999930 0.00000000099999999930 0.00000000099999999930 0.99999999299999986491 0.00000000099999999930 
0.36784363083574678210 0.28057287193231578160 0.00000000099999999988 0.00000000099999999988 0.35158349223193763322 0.00000000099999999988 0.00000000099999999988 0.00000000099999999988 
0.00000000099999999936 0.00000000099999999936 0.00000000099999999936 0.00000000099999999936 0.00000000099999999936 0.00000000099999999936 0.99999999299999997593 0.00000000099999999936 
0.00000000099999999976 0.00000000099999999976 0.34451435814086323051 0.00000000099999999976 0.00000000099999999976 0.65548563585913666163 0.00000000099999999976 0.00000000099999999976 
0.00000000099999999971 0.00000000099999999971 0.00000000099999999971 0.00000000099999999971 0.00000000099999999971 0.00000000099999999971 0.45589990701101396064 0.54410008698898604251 
0.00000000099999999988 0.00000000099999999988 0.00000000099999999988 0.00000000099999999988 0.00000000099999999988 0.43613397002297166205 0.17813772856891579854 0.38572829640811245877 
0.00000000099999999968 0.00000000099999999968 0.00000000099999999968 0.00000000099999999968 0.00000000099999999968 0.00000000099999999968 0.00000000099999999968 0.99999999300000008695 
0.29293898167729931492 0.00000000099999999989 0.00000000099999999989 0.61483130734209534562 0.00000000099999999989 0.09222970598060536984 0.00000000099999999989 0.00000000099999999989 
0.00000000099999999992 0.16488638210738007506 0.27838401666576484406 0.17767141969240332622 0.32939047430829737628 0.00000000099999999992 0.00000000099999999992 0.04966770422615444935 
0.00000000099999999985 0.27913208705974518198 0.00000000099999999985 0.00000000099999999985 0.00000000099999999985 0.00000000099999999985 0.00000000099999999985 0.72086790694025459914 
0.00000000099999999967 0.00000000099999999967 0.99999999300000008695 0.00000000099999999967 0.00000000099999999967 0.00000000099999999967 0.00000000099999999967 0.00000000099999999967 
0.88590602663482931334 0.00000000099999999973 0.00000000099999999973 0.00000000099999999973 0.00000000099999999973 0.00000000099999999973 0.11409396736517074533 0.00000000099999999973 
0.34475586237185973371 0.03936648383910420351 0.34478058390975524494 0.05325592835796708058 0.00000000099999999999 0.08508426331152695032 0.00000000099999999999 0.13275687620978679493 
0.00000000099999999971 0.00000000099999999971 0.00000000099999999971 0.95667353080148620492 0.00000000099999999971 0.00000000099999999971 0.04332646319851373579 0.00000000099999999971 
0.00000000099999999982 0.00000000099999999982 0.00000000099999999982 0.00000000099999999982 0.28001728871934000731 0.71998270528065999585 0.00000000099999999982 0.00000000099999999982 
0.15917476904397795390 0.09253930031430723790 0.00000000099999999991 0.07137962157875162028 0.38828036432419316126 0.28862594173877009762 0.00000000099999999991 0.00000000099999999991 
0.00000000099999999932 0.00000000099999999932 0.00000000099999999932 0.00000000099999999932 0.00000000099999999932 0.00000000099999999932 0.99999999299999997593 0.00000000099999999932 
0.00000000099999999978 0.00000000099999999978 0.00000000099999999978 0.19786083241959931400 0.69920327937329951329 0.00000000099999999978 0.00000000099999999978 0.10293588320710123085 
0.00000000099999999966 0.00000000099999999966 0.00000000099999999966 0.00000000099999999966 0.00000000099999999966 0.00000000099999999966 0.09915155273435910521 0.90084844126564089795 
0.00000000099999999976 0.00000000099999999976 0.00000000099999999976 0.46092041700888458644 0.53907957699111541672 0.00000000099999999976 0.00000000099999999976 0.00000000099999999976 
0.00000000099999999936 0.00000000099999999936 0.00000000099999999936 0.00000000099999999936 0.00000000099999999936 0.00000000099999999936 0.99999999299999997593 0.00000000099999999936 
0.00000000099999999936 0.00000000099999999936 0.00000000099999999936 0.00000000099999999936 0.00000000099999999936 0.00000000099999999936 0.99999999299999986491 0.00000000099999999936 
0.00000000099999999973 0.00000000099999999973 0.00000000099999999973 0.00000000099999999973 0.40141580935109888451 0.00000000099999999973 0.59858418464890106314 0.00000000099999999973 
0.00000000099999999974 0.44492721064822332577 0.55507278335177667739 0.00000000099999999974 0.00000000099999999974 0.00000000099999999974 0.00000000099999999974 0.00000000099999999974 
0.00000000099999999974 0.99999999300000008695 0.00000000099999999974 0.00000000099999999974 0.00000000099999999974 0.00000000099999999974 0.00000000099999999974 0.00000000099999999974 
0.00000000099999999986 0.00000000099999999986 0.00000000099999999986 0.35744907079909293834 0.64255092320090700930 0.00000000099999999986 0.00000000099999999986 0.00000000099999999986 
0.00000000099999999971 0.00000000099999999971 0.00000000099999999971 0.00000000099999999971 0.00000000099999999971 0.10358819035687864829 0.89641180364312134099 0.00000000099999999971 
0.50870578526949050691 0.00000000099999999988 0.00000000099999999988 0.00000000099999999988 0.00000000099999999988 0.41690713732922174417 0.07438707240128776543 0.00000000099999999988 
0.00000000099999999962 0.00000000099999999962 0.99999999300000008695 0.00000000099999999962 0.00000000099999999962 0.00000000099999999962 0.00000000099999999962 0.00000000099999999962 
0.00000000099999999976 0.00000000099999999976 0.00000000099999999976 0.11779894648050631689 0.32261851558713894317 0.00000000099999999976 0.55958252023086063609 0.00000001370149411667 
0.52222747917473566481 0.00000000099999999976 0.00000000099999999976 0.00000000099999999976 0.00000000099999999976 0.00000000099999999976 0.00000000519951053004 0.47777251062575398777 
0.00000000099999999966 0.00000000099999999966 0.00000000099999999966 0.00000000099999999966 0.00000000099999999966 0.00000000099999999966 0.61737412286671911055 0.38262587113328078159 
0.00000000099999999955 0.00000000099999999955 0.62295144493501108940 0.00000000099999999955 0.00000000099999999955 0.00000000099999999955 0.37704854906498891376 0.00000000099999999955 
0.00000000099999999919 0.00000000099999999919 0.00000000099999999919 0.00000000099999999919 0.00000000099999999919 0.00000000099999999919 0.99999999299999986491 0.00000000099999999919 
0.00000000099999999974 0.00000000099999999974 0.00000000099999999974 0.00000000099999999974 0.93219556462192998403 0.00000000099999999974 0.06780442937806988035 0.00000000099999999974 
0.00000000099999999968 0.00000000099999999968 0.85611665483040166880 0.00000000099999999968 0.00000000099999999968 0.00000000099999999968 0.14388333916959825109 0.00000000099999999968 
0.00000000099999999911 0.00000000099999999911 0.00000000099999999911 0.00000000099999999911 0.00000000099999999911 0.00000000099999999911 0.99999999299999997593 0.00000000099999999911 
0.00000000099999999984 0.00000000099999999984 0.00000000099999999984 0.76307726650247809097 0.00000000099999999984 0.00000000099999999984 0.23692272749752177341 0.00000000099999999984 
0.38213725350225180577 0.61786274049774825290 0.00000000099999999971 0.00000000099999999971 0.00000000099999999971 0.00000000099999999971 0.00000000099999999971 0.00000000099999999971 
0.30554663460561365396 0.00000000099999999983 0.00000000099999999983 0.00000000099999999983 0.29302437379634482806 0.00000000099999999983 0.40142898659804138184 0.00000000099999999983 
0.00000000099999999985 0.99999999300000008695 0.00000000099999999985 0.00000000099999999985 0.00000000099999999985 0.00000000099999999985 0.00000000099999999985 0.00000000099999999985 
0.00000000099999999956 0.00000000099999999956 0.00000000099999999956 0.00000000099999999956 0.00000000099999999956 0.00000000099999999956 0.99999999299999986491 0.00000000099999999956 
0.00000000099999999974 0.00000000099999999974 0.00000000099999999974 0.74126942308945387161 0.25873057091054618706 0.00000000099999999974 0.00000000099999999974 0.00000000099999999974 
0.00000000099999999975 0.00000000099999999975 0.00000000099999999975 0.01116869421573069010 0.70517533570415302790 0.00000000099999999975 0.28365596508011620136 0.00000000099999999975 
0.00000000099999999977 0.00000000099999999977 0.00000000099999999977 0.00000000099999999977 0.62796698798393457697 0.37203300601606531517 0.00000000099999999977 0.00000000099999999977 
0.99999999300000008695 0.00000000099999999977 0.00000000099999999977 0.00000000099999999977 0.00000000099999999977 0.00000000099999999977 0.00000000099999999977 0.00000000099999999977 
0.00000000099999999976 0.00000000099999999976 0.00000000099999999976 0.00000000099999999976 0.90795433299998429266 0.00000000099999999976 0.09204566100001565498 0.00000000099999999976 
0.00000000099999999970 0.19421966285048611334 0.80578033114951397309 0.00000000099999999970 0.00000000099999999970 0.00000000099999999970 0.00000000099999999970 0.00000000099999999970 
