0.00000000099999999951 0.00000000099999999951 0.73991569357659148221 0.00000000099999999951 0.00000000099999999951 0.24302514461993793282 0.00000000099999999951 0.00000000099999999951 0.01705915480347059907 0.00000000099999999951 
0.00000000099999999940 0.00000000099999999940 0.00000000099999999940 0.00000000099999999940 0.00000000099999999940 0.00000000099999999940 0.00000000099999999940 0.99999999099999992147 0.00000000099999999940 0.00000000099999999940 
0.00000000099999999990 0.00000000099999999990 0.00000000099999999990 0.00000000099999999990 0.28377720875891010444 0.29693881720577897099 0.00000000099999999990 0.00000000099999999990 0.20715359789446499694 0.21213037014084601406 
0.00000000099999999982 0.36325552028701474372 0.00000000099999999982 0.29743083562810063158 0.12797356230483583617 0.00000000099999999982 0.00000000099999999982 0.00000000099999999982 0.21134007578004881944 0.00000000099999999982 
0.00000000099999999948 0.99999999100000014352 0.00000000099999999948 0.00000000099999999948 0.00000000099999999948 0.00000000099999999948 0.00000000099999999948 0.00000000099999999948 0.00000000099999999948 0.00000000099999999948 
0.00000000099999999991 0.00000000099999999991 0.00000000099999999991 0.14498256032342790589 0.00000000099999999991 0.48992719514722166130 0.36509023752935038098 0.00000000099999999991 0.00000000099999999991 0.00000000099999999991 
0.00000000099999999973 0.14955492363942646250 0.05592478958591776128 0.00000000099999999973 0.00000000099999999973 0.45546112102806374233 0.00000000099999999973 0.00000000099999999973 0.33905915974659212031 0.00000000099999999973 
0.00000000099999999962 0.00000000433579972040 0.00000000099999999962 0.00000000099999999962 0.00000000099999999962 0.71055530675428080212 0.28944468190991956558 0.00000000099999999962 0.00000000099999999962 0.00000000099999999962 
0.00000000099999999941 0.00000000099999999941 0.74871168683105104869 0.00000000099999999941 0.00000000099999999941 0.00000000099999999941 0.00000000099999999941 0.00000000099999999941 0.25128830516894906655 0.00000000099999999941 
0.00000000099999999896 0.00000000099999999896 0.99999999100000003249 0.00000000099999999896 0.00000000099999999896 0.00000000099999999896 0.00000000099999999896 0.00000000099999999896 0.00000000099999999896 0.00000000099999999896 
0.80387600289085525684 0.00000000099999999968 0.00044328723261704927 0.00000000099999999968 0.00000000099999999968 0.00000000099999999968 0.00000000099999999968 0.00000000099999999968 0.19568070287652780670 0.00000000099999999968 
0.00000000099999999969 0.00000000099999999969 0.56208816316885223952 0.00000000099999999969 0.00000000099999999969 0.34640965264602924245 0.00000000099999999969 0.09150217718511854947 0.00000000099999999969 0.00000000099999999969 
0.02160896273546617993 0.00000000099999999981 0.15041348594693970675 0.43798576102173630842 0.00000000099999999981 0.00000000099999999981 0.00000000099999999981 0.38999178429585779071 0.00000000099999999981 0.00000000099999999981 
0.76158555897757274078 0.00000000099999999939 0.23841443302242754099 0.00000000099999999939 0.00000000099999999939 0.00000000099999999939 0.00000000099999999939 0.00000000099999999939 0.00000000099999999939 0.00000000099999999939 
0.00000000099999999898 0.00000000099999999898 0.99999999100000003249 0.00000000099999999898 0.00000000099999999898 0.00000000099999999898 0.00000000099999999898 0.00000000099999999898 0.00000000099999999898 0.00000000099999999898 
0.00000000099999999976 0.00000000099999999976 0.00000000099999999976 0.00000000099999999976 0.00000000099999999976 0.99999999100000003249 0.00000000099999999976 0.00000000099999999976 0.00000000099999999976 0.00000000099999999976 
0.18140042124083990971 0.00000000099999999984 0.00000000099999999984 0.00000000099999999984 0.47936476368778535573 0.00000000099999999984 0.23127189544576293168 0.10796291362561175053 0.00000000099999999984 0.00000000099999999984 
0.33901809548650685411 0.00000000099999999976 0.00000000099999999976 0.00000000099999999976 0.00000000099999999976 0.00000000099999999976 0.00000000099999999976 0.00000000099999999976 0.00000000099999999976 0.66098189651349292806 
0.00000000099999999971 0.00000000099999999971 0.31823324610668940471 0.68176674589331065501 0.00000000099999999971 0.00000000099999999971 0.00000000099999999971 0.00000000099999999971 0.00000000099999999971 0.00000000099999999971 
0.72631289744188054502 0.00000000099999999990 0.00000000099999999990 0.00000000099999999990 0.00000000099999999990 0.00000000099999999990 0.27368709455811951470 0.00000000099999999990 0.00000000099999999990 0.00000000099999999990 
0.00000000099999999967 0.00000000099999999967 0.91268663529679794344 0.05538074615413191709 0.00000000099999999967 0.00000000099999999967 0.00000000099999999967 0.03193261154907009458 0.00000000099999999967 0.00000000099999999967 
0.00000000099999999946 0.00000000099999999946 0.74484488098402934497 0.00000000099999999946 0.00000000099999999946 0.00000000099999999946 0.00000000099999999946 0.00000000099999999946 0.25515511101597065924 0.00000000099999999946 
0.00000000099999999983 0.00000000099999999983 0.31589895045118260297 0.34522421887274090668 0.00000000099999999983 0.00000000099999999983 0.33887682367607668832 0.00000000099999999983 0.00000000099999999983 0.00000000099999999983 
0.00000000099999999930 0.00000000099999999930 0.99999999100000014352 0.00000000099999999930 0.00000000099999999930 0.00000000099999999930 0.00000000099999999930 0.00000000099999999930 0.00000000099999999930 0.00000000099999999930 
0.00000000099999999938 0.00000000099999999938 0.00000093005433597672 0.00000000099999999938 0.00000000099999999938 0.00000000099999999938 0.00000000099999999938 0.00000000099999999938 0.00000000099999999938 0.99999906194566401396 
0.00000000099999999959 0.00000000099999999959 0.00000000099999999959 0.00000000099999999959 0.00000000099999999959 0.00000000099999999959 0.99999999099999992147 0.00000000099999999959 0.00000000099999999959 0.00000000099999999959 
0.00000000099999999913 0.00000000099999999913 0.90526666161064983651 0.00000000099999999913 0.00000000099999999913 0.00000000099999999913 0.00000000099999999913 0.00000000099999999913 0.09473333038935020933 0.00000000099999999913 
0.48578970575027047296 0.00000000099999999980 0.00000000099999999980 0.00000000099999999980 0.00000000099999999980 0.33013998782556236433 0.18407029942416711088 0.00000000099999999980 0.00000000099999999980 0.00000000099999999980 
0.00000000099999999904 0.00000000099999999904 0.99999999100000003249 0.00000000099999999904 0.00000000099999999904 0.00000000099999999904 0.00000000099999999904 0.00000000099999999904 0.00000000099999999904 0.00000000099999999904 
0.00000000099999999984 0.37164160044283545137 0.06062741030519301633 0.13198110181714450828 0.43574987885085797457 0.00000000099999999984 0.00000000099999999984 0.00000000358396917240 0.00000000099999999984 0.00000000099999999984 
0.00000000099999999916 0.00000000099999999916 0.99999999100000003249 0.00000000099999999916 0.00000000099999999916 0.00000000099999999916 0.00000000099999999916 0.00000000099999999916 0.00000000099999999916 0.00000000099999999916 
0.00000000099999999963 0.00000000099999999963 0.00000000099999999963 0.00000000099999999963 0.00000000099999999963 0.33352717788431857082 0.66647281411568148890 0.00000000099999999963 0.00000000099999999963 0.00000000099999999963 
0.00000000099999999950 0.00000000099999999950 0.52072791852989341876 0.00000000099999999950 0.00000000099999999950 0.00000000099999999950 0.00000000099999999950 0.00000000099999999950 0.47927207347010664096 0.00000000099999999950 
0.00000000099999999978 0.00000000099999999978 0.21521517502876214012 0.00000000099999999978 0.00000000099999999978 0.00000000099999999978 0.48120785491791279176 0.00000000099999999978 0.30357696305332504405 0.00000000099999999978 
0.00000000099999999963 0.00000000099999999963 0.03122261457274544058 0.00000000099999999963 0.00000000099999999963 0.00000000099999999963 0.00000000099999999963 0.00000000099999999963 0.25421689217982645914 0.71456048624742796171 
0.76100268279858973575 0.23899730920141043500 0.00000000099999999985 0.00000000099999999985 0.00000000099999999985 0.00000000099999999985 0.00000000099999999985 0.00000000099999999985 0.00000000099999999985 0.00000000099999999985 
0.19559936165779848172 0.00000000099999999988 0.00000000099999999988 0.00000000099999999988 0.31829068713321245765 0.30149421632050316111 0.00000000099999999988 0.18432036969581444552 0.00000000099999999988 0.00029536019267142362 
0.00000000099999999984 0.00000000099999999984 0.03549320229602038329 0.00000000099999999984 0.00000000099999999984 0.00000000099999999984 0.19045067997115058822 0.28653908552078199978 0.10392556981064417221 0.38359145740140276892 
0.00000000099999999968 0.00000000099999999968 0.00000000099999999968 0.00000000099999999968 0.00000132704135286614 0.82945685828112869498 0.17054180767751855874 0.00000000099999999968 0.00000000099999999968 0.00000000099999999968 
0.00000000099999999963 0.00000000099999999963 0.23233548494818478947 0.76766450705181532577 0.00000000099999999963 0.00000000099999999963 0.00000000099999999963 0.00000000099999999963 0.00000000099999999963 0.00000000099999999963 
0.00000013549036035696 0.00000000099999999995 0.00000000099999999995 0.32395985259081516716 0.00000000099999999995 0.39791519655338947192 0.00000000099999999995 0.00000000099999999995 0.00000000099999999995 0.27812480936543504395 
0.86055153450688570693 0.00000000099999999962 0.00000000099999999962 0.00000000099999999962 0.00000000099999999962 0.00000000099999999962 0.00000000099999999962 0.00000000099999999962 0.13944845749311443606 0.00000000099999999962 
0.00000000099999999976 0.00000000099999999976 0.00000000099999999976 0.00000000099999999976 0.26149869319894836206 0.00000000099999999976 0.73850129880105164215 0.00000000099999999976 0.00000000099999999976 0.00000000099999999976 
0.00000000099999999988 0.00000000099999999988 0.00000000099999999988 0.25314016645871467714 0.45777392004308009588 0.00000000099999999988 0.28907702971425086602 0.00000887778395445482 0.00000000099999999988 0.00000000099999999988 
0.00000000099999999914 0.00000000099999999914 0.91108556848045707532 0.00000000099999999914 0.00000000099999999914 0.00000000099999999914 0.00000000099999999914 0.00000000099999999914 0.08891442351954291501 0.00000000099999999914 
0.06789130945951629692 0.00000000099999999966 0.00000000099999999966 0.00000000099999999966 0.74949364906698145994 0.00000000099999999966 0.00000000099999999966 0.00000000099999999966 0.07056511451213480501 0.11204992096136744129 
0.00000000099999999972 0.00000000099999999972 0.27248348051564486028 0.30531397335410997984 0.00000000099999999972 0.00000000099999999972 0.00000000099999999972 0.00000000099999999972 0.17624538551933321973 0.24595715461091194332 
0.34096628372164483611 0.00000000099999999968 0.00000000099999999968 0.00000000099999999968 0.49008806905393847986 0.00000000099999999968 0.00000000099999999968 0.00000000099999999968 0.16894564022441665996 0.00000000099999999968 
0.00000000099999999923 0.00000000099999999923 0.99999999100000014352 0.00000000099999999923 0.00000000099999999923 0.00000000099999999923 0.00000000099999999923 0.00000000099999999923 0.00000000099999999923 0.00000000099999999923 
0.00000000099999999918 0.00000000099999999918 0.90356396283482198761 0.00000000099999999918 0.00000000099999999918 0.00000000099999999918 0.00000000099999999918 0.00000000099999999918 0.09643602916517816925 0.00000000099999999918 
0.00000000099999999961 0.00000000099999999961 0.47392039464669583060 0.00000000099999999961 0.22495842167411189694 0.00000000099999999961 0.00000000099999999961 0.00000000099999999961 0.30112117667919235942 0.00000000099999999961 
0.00000000099999999963 0.44020926923093350869 0.00000000099999999963 0.00000000099999999963 0.00000000099999999963 0.55979072276906638450 0.00000000099999999963 0.00000000099999999963 0.00000000099999999963 0.00000000099999999963 
0.00000000099999999943 0.00000000099999999943 0.00000000099999999943 0.00000000099999999943 0.00000000099999999943 0.00000000099999999943 0.00000000099999999943 0.99999999100000003249 0.00000000099999999943 0.00000000099999999943 
0.32467947389117174373 0.00000000099999999977 0.00000000099999999977 0.00000000099999999977 0.67532051810882820497 0.00000000099999999977 0.00000000099999999977 0.00000000099999999977 0.00000000099999999977 0.00000000099999999977 
0.00000000099999999965 0.00000000099999999965 0.90198896028315256324 0.00000000099999999965 0.00000000099999999965 0.00000000099999999965 0.09801103171684753812 0.00000000099999999965 0.00000000099999999965 0.00000000099999999965 
0.02119914079153405184 0.40065535834135268534 0.03839270271889427127 0.00000000099999999989 0.00000000099999999989 0.00000000099999999989 0.30206790647454029308 0.00000000099999999989 0.11700686723948493240 0.12067802043419371960 
0.00000000099999999947 0.00000000099999999947 0.00000000099999999947 0.00000000099999999947 0.00000000099999999947 0.99999999100000003249 0.00000000099999999947 0.00000000099999999947 0.00000000099999999947 0.00000000099999999947 
0.19386056298233939055 0.00000000099999999956 0.36006603171032430799 0.00000000099999999956 0.00000000099999999956 0.00000000099999999956 0.00000000099999999956 0.00000000099999999956 0.44607339830733638841 0.00000000099999999956 
0.00000000099999999972 0.15190751109179334577 0.00000000099999999972 0.08832915182457273806 0.00000000099999999972 0.00000000099999999972 0.00000000099999999972 0.00000000099999999972 0.38411193349057226598 0.37565139759306176437 
0.00000000099999999944 0.00000000099999999944 0.59823391767864420032 0.00000000099999999944 0.00000000099999999944 0.00000000099999999944 0.00000000099999999944 0.00000000099999999944 0.00000000099999999944 0.40176607432135574838 
0.00000000099999999942 0.00000000099999999942 0.35264844346241092099 0.00000000099999999942 0.00000000099999999942 0.64735154853758924975 0.00000000099999999942 0.00000000099999999942 0.00000000099999999942 0.00000000099999999942 
0.00000000099999999891 0.00000000099999999891 0.99999999099999992147 0.00000000099999999891 0.00000000099999999891 0.00000000099999999891 0.00000000099999999891 0.00000000099999999891 0.00000000099999999891 0.00000000099999999891 
0.00000000099999999962 0.00000000099999999962 0.00000000099999999962 0.00000000099999999962 0.99999999100000003249 0.00000000099999999962 0.00000000099999999962 0.00000000099999999962 0.00000000099999999962 0.00000000099999999962 
0.00000000099999999956 0.00000000099999999956 0.05922829063711788217 0.00000000099999999956 0.00000000099999999956 0.83983016917232522491 0.00000000099999999956 0.00000000099999999956 0.10094153319055686191 0.00000000099999999956 
0.00000000099999999890 0.00000000099999999890 0.99999999100000003249 0.00000000099999999890 0.00000000099999999890 0.00000000099999999890 0.00000000099999999890 0.00000000099999999890 0.00000000099999999890 0.00000000099999999890 
0.77125744473890578412 0.00000000099999999976 0.22874254726109433111 0.00000000099999999976 0.00000000099999999976 0.00000000099999999976 0.00000000099999999976 0.00000000099999999976 0.00000000099999999976 0.00000000099999999976 
0.00000000099999999968 0.58084244020701569777 0.00000000099999999968 0.00000000099999999968 0.00000000099999999968 0.00000000099999999968 0.00000000099999999968 0.41915755179298447297 0.00000000099999999968 0.00000000099999999968 
0.00000000099999999974 0.00000000099999999974 0.29999486182865731099 0.31097075178224881098 0.00000000099999999974 0.00000000099999999974 0.00000000099999999974 0.00000000099999999974 0.38903437938909385396 0.00000000099999999974 
0.00000000099999999982 0.53679201052543568107 0.00000000099999999982 0.00000000099999999982 0.00000000099999999982 0.00000000099999999982 0.00000000099999999982 0.46320798147456443417 0.00000000099999999982 0.00000000099999999982 
0.00000000099999999938 0.00000000099999999938 0.99999999100000014352 0.00000000099999999938 0.00000000099999999938 0.00000000099999999938 0.00000000099999999938 0.00000000099999999938 0.00000000099999999938 0.00000000099999999938 
0.70991236015407577220 0.00000000099999999966 0.00000000099999999966 0.00000000099999999966 0.29008763184592428752 0.00000000099999999966 0.00000000099999999966 0.00000000099999999966 0.00000000099999999966 0.00000000099999999966 
0.00000000099999999969 0.00000000099999999969 0.18848220236193635735 0.00000000099999999969 0.68075440268872478011 0.00000000099999999969 0.00000000099999999969 0.00000000099999999969 0.13076338794933878296 0.00000000099999999969 
0.00000000099999999963 0.00000000099999999963 0.00000000099999999963 0.00000000099999999963 0.62670131964529440793 0.00000000099999999963 0.37329867235470548525 0.00000000099999999963 0.00000000099999999963 0.00000000099999999963 
0.00000000099999999973 0.00000000099999999973 0.00000000099999999973 0.65624748504800578530 0.00000000099999999973 0.00000000099999999973 0.00000000099999999973 0.00000000099999999973 0.00000000099999999973 0.34375250695199438544 
0.00000000099999999967 0.00000000099999999967 0.06866013867677053795 0.00000000099999999967 0.93133985332322966055 0.00000000099999999967 0.00000000099999999967 0.00000000099999999967 0.00000000099999999967 0.00000000099999999967 
0.00000000099999999956 0.00000000099999999956 0.00000000099999999956 0.00000000099999999956 0.00000000099999999956 0.80640162519380420569 0.00000000099999999956 0.19359836680619585403 0.00000000099999999956 0.00000000099999999956 
