0.00000000099999999957 0.76269557843165347588 0.00000000099999999957 0.00000000099999999957 0.00000000099999999957 0.00000000099999999957 0.00000000099999999957 0.23730441556834669381 
0.00000000099999999967 0.00000000099999999967 0.00000000099999999967 0.00000000099999999967 0.00000000099999999967 0.00000000099999999967 0.99999999299999997593 0.00000000099999999967 
0.29399870408804595900 0.12478053099941208148 0.00000000099999999993 0.30560921581172867389 0.00000000099999999993 0.00000000099999999993 0.00000000099999999993 0.27561154510081325997 
0.23078616430080298172 0.00000000099999999990 0.00000000099999999990 0.52113482561428092765 0.00000000099999999990 0.00000000099999999990 0.24807900508491603775 0.00000000099999999990 
0.00000000099999999983 0.00000000099999999983 0.00000000099999999983 0.00000000099999999983 0.53297470919410216972 0.00000000099999999983 0.46702528480589772242 0.00000000099999999983 
0.00000000099999999991 0.00000000099999999991 0.00000000099999999991 0.00000000099999999991 0.39745677127390083294 0.13791621024474687296 0.00000000099999999991 0.46462701348135238000 
0.00000000099999999980 0.14706164013538899904 0.00000000099999999980 0.38747929936124086980 0.00000000099999999980 0.00000000099999999980 0.00000000099999999980 0.46545905550337007828 
0.00000000099999999972 0.00000000099999999972 0.00000000099999999972 0.00000000099999999972 0.24010450498682925358 0.00000000099999999972 0.00000000099999999972 0.75989548901317061080 
0.00000000099999999976 0.94400912425430283381 0.00000000099999999976 0.00000000099999999976 0.00000000099999999976 0.05599086974569731506 0.00000000099999999976 0.00000000099999999976 
0.00000000099999999915 0.99999999300000008695 0.00000000099999999915 0.00000000099999999915 0.00000000099999999915 0.00000000099999999915 0.00000000099999999915 0.00000000099999999915 
0.00000000099999999971 0.09858917287731723544 0.90141082112268278159 0.00000000099999999971 0.00000000099999999971 0.00000000099999999971 0.00000000099999999971 0.00000000099999999971 
0.00000000099999999974 0.57965174237437533389 0.00000000099999999974 0.00000000099999999974 0.00000000099999999974 0.00000000099999999974 0.08465138567182120544 0.33569686695380368535 
0.00000000099999999969 0.00000000099999999969 0.00000000099999999969 0.00000000099999999969 0.00000000099999999969 0.99999999300000008695 0.00000000099999999969 0.00000000099999999969 
0.00000000099999999952 0.22730362148359589680 0.77269637251640410636 0.00000000099999999952 0.00000000099999999952 0.00000000099999999952 0.00000000099999999952 0.00000000099999999952 
0.00000000099999999913 0.99999999300000008695 0.00000000099999999913 0.00000000099999999913 0.00000000099999999913 0.00000000099999999913 0.00000000099999999913 0.00000000099999999913 
0.00000000099999999979 0.00000000099999999979 0.00000000099999999979 0.00000000099999999979 0.00000000099999999979 0.00000000099999999979 0.00000000099999999979 0.99999999299999997593 
0.57980654662304842439 0.00000000099999999989 0.00000003728259845587 0.00000000099999999989 0.34412240519785969317 0.07607100689649355652 0.00000000099999999989 0.00000000099999999989 
0.00000000099999999984 0.39779058834024394464 0.60220940565975600300 0.00000000099999999984 0.00000000099999999984 0.00000000099999999984 0.00000000099999999984 0.00000000099999999984 
0.00000000099999999986 0.22830468339780646270 0.00000000099999999986 0.40506150618458847124 0.28349950453442784859 0.00000000099999999986 0.00000000099999999986 0.08313430188317710856 
0.00000000099999999993 0.00000000099999999993 0.72328772221411719023 0.00000000099999999993 0.27671227178588286844 0.00000000099999999993 0.00000000099999999993 0.00000000099999999993 
0.00000000099999999974 0.90728342711124088105 0.00000000099999999974 0.00000000099999999974 0.00000000099999999974 0.09271656688875909436 0.00000000099999999974 0.00000000099999999974 
0.00000000099999999976 0.93007431749164148904 0.00000000099999999976 0.00000000099999999976 0.00000000099999999976 0.06992567650835854187 0.00000000099999999976 0.00000000099999999976 
0.00000000099999999986 0.29558287589092180347 0.00000000099999999986 0.24570961919920905614 0.45870749990986919853 0.00000000099999999986 0.00000000099999999986 0.00000000099999999986 
0.00000000099999999944 0.99999999300000008695 0.00000000099999999944 0.00000000099999999944 0.00000000099999999944 0.00000000099999999944 0.00000000099999999944 0.00000000099999999944 
0.00000000099999999975 0.64113011104172423771 0.00000000099999999975 0.00000000099999999975 0.00000000099999999975 0.35886988295827598749 0.00000000099999999975 0.00000000099999999975 
0.00000000099999999967 0.00000000099999999967 0.00000000099999999967 0.00000000099999999967 0.99999999299999997593 0.00000000099999999967 0.00000000099999999967 0.00000000099999999967 
0.00000000099999999924 0.99999999300000019797 0.00000000099999999924 0.00000000099999999924 0.00000000099999999924 0.00000000099999999924 0.00000000099999999924 0.00000000099999999924 
0.00000000099999999987 0.00000000099999999987 0.50249263788804954256 0.00000000099999999987 0.19705408238100430296 0.00000000099999999987 0.00000000099999999987 0.30045327473094612936 
0.00000000099999999931 0.99999999300000019797 0.00000000099999999931 0.00000000099999999931 0.00000000099999999931 0.00000000099999999931 0.00000000099999999931 0.00000000099999999931 
0.39794117861649652701 0.00976223527638121411 0.00000000099999999993 0.18016942933192595100 0.00000340068816001287 0.00000000099999999993 0.41212375308703608212 0.00000000099999999993 
0.00000000099999999937 0.99999999300000019797 0.00000000099999999937 0.00000000099999999937 0.00000000099999999937 0.00000000099999999937 0.00000000099999999937 0.00000000099999999937 
0.00000000099999999978 0.00000000099999999978 0.00000000099999999978 0.00000000099999999978 0.62085265776698472795 0.00000000099999999978 0.00000000099999999978 0.37914733623301533072 
0.00000000099999999979 0.67809672797747944095 0.00000000099999999979 0.32190326602252072874 0.00000000099999999979 0.00000000099999999979 0.00000000099999999979 0.00000000099999999979 
0.00000000099999999990 0.32548737090201645961 0.00000000099999999990 0.21764605563009714606 0.45686656846788636921 0.00000000099999999990 0.00000000099999999990 0.00000000099999999990 
0.00000000099999999981 0.42183113672013883289 0.00000000099999999981 0.57816885727986122578 0.00000000099999999981 0.00000000099999999981 0.00000000099999999981 0.00000000099999999981 
0.00000000099999999993 0.00000000099999999993 0.56738352453674723019 0.28230268683138814989 0.15031378363186437275 0.00000000099999999993 0.00000000099999999993 0.00000000099999999993 
0.43376038377339110053 0.00000000099999999991 0.08450979063469690744 0.00000000099999999991 0.00000000099999999991 0.15726795088157080604 0.00000000099999999991 0.32446187071034116034 
0.00000000099999999973 0.00000013653288796952 0.00000000099999999973 0.00000000099999999973 0.00000000099999999973 0.99999985746711206325 0.00000000099999999973 0.00000000099999999973 
0.00000000099999999966 0.00000000099999999966 0.00000000099999999966 0.00000000099999999966 0.00000000099999999966 0.00000000099999999966 0.00000000099999999966 0.99999999299999997593 
0.00000000099999999981 0.12570856036721506088 0.00000000099999999981 0.65303570491717921609 0.00000000099999999981 0.22125572971560586444 0.00000000099999999981 0.00000000099999999981 
0.00000085327843313671 0.00000000099999999999 0.00000000099999999999 0.14918902556470164944 0.10032863122038726544 0.39127752102834328918 0.00000000099999999999 0.35920396590813469251 
0.00000000099999999970 0.00000004067270010500 0.99999995332729996189 0.00000000099999999970 0.00000000099999999970 0.00000000099999999970 0.00000000099999999970 0.00000000099999999970 
0.26754302676330432575 0.00000000099999999982 0.00000000099999999982 0.00000000099999999982 0.73245696723669562189 0.00000000099999999982 0.00000000099999999982 0.00000000099999999982 
0.42114956019614041560 0.00000000099999999994 0.05102996916953352752 0.11879838139698320476 0.27512767107196794969 0.00000000099999999994 0.13389441516537484156 0.00000000099999999994 
0.00000000099999999926 0.99999999300000019797 0.00000000099999999926 0.00000000099999999926 0.00000000099999999926 0.00000000099999999926 0.00000000099999999926 0.00000000099999999926 
0.73601867551530619771 0.00000000099999999976 0.26398131848469402749 0.00000000099999999976 0.00000000099999999976 0.00000000099999999976 0.00000000099999999976 0.00000000099999999976 
0.00000000099999999979 0.40761666958376191472 0.00000000099999999979 0.36191272652489775430 0.00000000099999999979 0.23047059889134047239 0.00000000099999999979 0.00000000099999999979 
0.56130900137453765275 0.00000000099999999974 0.43869099262546235041 0.00000000099999999974 0.00000000099999999974 0.00000000099999999974 0.00000000099999999974 0.00000000099999999974 
0.00000000099999999933 0.99999999300000019797 0.00000000099999999933 0.00000000099999999933 0.00000000099999999933 0.00000000099999999933 0.00000000099999999933 0.00000000099999999933 
0.00000000099999999929 0.99999999300000019797 0.00000000099999999929 0.00000000099999999929 0.00000000099999999929 0.00000000099999999929 0.00000000099999999929 0.00000000099999999929 
0.40703792681949457766 0.59296206718050559203 0.00000000099999999972 0.00000000099999999972 0.00000000099999999972 0.00000000099999999972 0.00000000099999999972 0.00000000099999999972 
0.00000000099999999972 0.00000000099999999972 0.00000000099999999972 0.00000000099999999972 0.00000000099999999972 0.00000000099999999972 0.43294611768015711650 0.56705387631984294217 
0.00000000099999999981 0.00000000099999999981 0.00000000099999999981 0.00000000099999999981 0.00000000099999999981 0.00000000099999999981 0.99999999299999997593 0.00000000099999999981 
0.70261224099256036624 0.00000000099999999986 0.29738775300743969243 0.00000000099999999986 0.00000000099999999986 0.00000000099999999986 0.00000000099999999986 0.00000000099999999986 
0.00000000099999999967 0.89277846055192822128 0.00000000099999999967 0.00000000099999999967 0.10722153344807189290 0.00000000099999999967 0.00000000099999999967 0.00000000099999999967 
0.00000000099999999990 0.08010605845784406209 0.00000000099999999990 0.26361922825959183125 0.43184059948537373286 0.00020947990353334923 0.22422463089365682332 0.00000000099999999990 
0.00000000099999999963 0.00000000099999999963 0.00000000099999999963 0.00000000099999999963 0.00000000099999999963 0.00000000099999999963 0.00000000099999999963 0.99999999300000008695 
0.26755050286174558716 0.54743165657947079339 0.18501783555878359433 0.00000000099999999976 0.00000000099999999976 0.00000000099999999976 0.00000000099999999976 0.00000000099999999976 
0.00000000099999999972 0.22110476940603068785 0.00000000099999999972 0.77889522459396942633 0.00000000099999999972 0.00000000099999999972 0.00000000099999999972 0.00000000099999999972 
0.00000000099999999981 0.76558048643484555296 0.00000000099999999981 0.00000000099999999981 0.00000000099999999981 0.23441950756515447796 0.00000000099999999981 0.00000000099999999981 
0.00000000099999999952 0.36736538454546019405 0.00000000099999999952 0.00000000099999999952 0.00000000099999999952 0.00000000099999999952 0.00000000099999999952 0.63263460945453964257 
0.00000000099999999915 0.99999999300000008695 0.00000000099999999915 0.00000000099999999915 0.00000000099999999915 0.00000000099999999915 0.00000000099999999915 0.00000000099999999915 
0.99999874519972964393 0.00000046138281500596 0.00000078841745532776 0.00000000099999999972 0.00000000099999999972 0.00000000099999999972 0.00000000099999999972 0.00000000099999999972 
0.00000000099999999964 0.13739439106879428043 0.00000000099999999964 0.00000000099999999964 0.00000000099999999964 0.00000000099999999964 0.00000000099999999964 0.86260560293120558395 
0.00000000099999999908 0.99999999300000019797 0.00000000099999999908 0.00000000099999999908 0.00000000099999999908 0.00000000099999999908 0.00000000099999999908 0.00000000099999999908 
0.00000000099999999983 0.21542085038174194067 0.78457914361825820126 0.00000000099999999983 0.00000000099999999983 0.00000000099999999983 0.00000000099999999983 0.00000000099999999983 
0.00000000099999999966 0.00000000099999999966 0.00000000099999999966 0.00000000099999999966 0.00000000099999999966 0.00000000099999999966 0.99999999299999997593 0.00000000099999999966 
0.18875470697228363681 0.41464346453967587669 0.00000000099999999983 0.39660182348804057240 0.00000000099999999983 0.00000000099999999983 0.00000000099999999983 0.00000000099999999983 
0.00000000099999999982 0.00000000099999999982 0.00000000099999999982 0.00000000099999999982 0.00000000099999999982 0.00000000099999999982 0.99999999299999997593 0.00000000099999999982 
0.00000000099999999960 0.99999999300000008695 0.00000000099999999960 0.00000000099999999960 0.00000000099999999960 0.00000000099999999960 0.00000000099999999960 0.00000000099999999960 
0.25453380428084043663 0.00000000099999999974 0.74546618971915956653 0.00000000099999999974 0.00000000099999999974 0.00000000099999999974 0.00000000099999999974 0.00000000099999999974 
0.70875737727983756375 0.24436525885012311265 0.04687735887003950663 0.00000000099999999976 0.00000000099999999976 0.00000000099999999976 0.00000000099999999976 0.00000000099999999976 
0.62835044348670876513 0.00000000099999999976 0.00000000099999999976 0.00000000099999999976 0.37164955051329134905 0.00000000099999999976 0.00000000099999999976 0.00000000099999999976 
0.00000000099999999985 0.00000000099999999985 0.00000000099999999985 0.72303483495107145895 0.00000000099999999985 0.27696515904892859972 0.00000000099999999985 0.00000000099999999985 
0.92813011415099389012 0.07186987984900632120 0.00000000099999999975 0.00000000099999999975 0.00000000099999999975 0.00000000099999999975 0.00000000099999999975 0.00000000099999999975 
0.00000000099999999970 0.00000000099999999970 0.00000000099999999970 0.00000000099999999970 0.00000000099999999970 0.20564118658966773490 0.00000000099999999970 0.79435880741033215724 
