0.00000000099999999953 0.24860427218828218265 0.00000000099999999953 0.00000000099999999953 0.00000000099999999953 0.00000000099999999953 0.00000000099999999953 0.75139572181171787602 
0.00000000099999999959 0.00000000099999999959 0.00000000099999999959 0.00000000099999999959 0.00000000099999999959 0.99999999299999997593 0.00000000099999999959 0.00000000099999999959 
0.18623752237998963954 0.30803308892894248894 0.30058211770447418321 0.00000000099999999996 0.00000000099999999996 0.00000000099999999996 0.11520091275265412212 0.08994635523393959553 
0.12950472999182977007 0.00000000099999999981 0.00000000099999999981 0.87049526400817034411 0.00000000099999999981 0.00000000099999999981 0.00000000099999999981 0.00000000099999999981 
0.00000000099999999979 0.00000000099999999979 0.00000000099999999979 0.39375002813420528769 0.48956375254987444245 0.11668621431592027249 0.00000000099999999979 0.00000000099999999979 
0.00000000099999999991 0.50666311129467667129 0.00000000099999999991 0.00000223359823092979 0.32348825788265572756 0.00000000099999999991 0.16984639322443681464 0.00000000099999999991 
0.20402727968436282224 0.47236629216723091673 0.00000000099999999976 0.24312813381936054791 0.00000000099999999976 0.00000000099999999976 0.00000000099999999976 0.08047829032904581237 
0.00000000099999999970 0.77526438627533178494 0.00000000099999999970 0.00000000099999999970 0.22473560772466838475 0.00000000099999999970 0.00000000099999999970 0.00000000099999999970 
0.17615227656592960526 0.00000000099999999960 0.00000000099999999960 0.00000000099999999960 0.00000000099999999960 0.00000000099999999960 0.00000000099999999960 0.82384771743407037015 
0.00000000099999999910 0.00000000099999999910 0.00000000099999999910 0.00000000099999999910 0.00000000099999999910 0.00000000099999999910 0.00000000099999999910 0.99999999300000008695 
0.15520702715091902468 0.00000000099999999979 0.49739719765582945943 0.00000000099999999979 0.00000000099999999979 0.00000000099999999979 0.17838078644223476221 0.16901498475101686680 
0.00000000099999999972 0.35997950350768592731 0.00000000099999999972 0.00000000099999999972 0.00000000099999999972 0.07861735340037602493 0.00000000099999999972 0.56140313809193786998 
0.00000000099999999991 0.00000000099999999991 0.00000000099999999991 0.26927074667299377708 0.00000000099999999991 0.21935042398962042998 0.28922441621898659081 0.22215440911839914873 
0.00000000099999999960 0.00000000099999999960 0.63273905108599048930 0.00000000099999999960 0.00000000099999999960 0.00000000099999999960 0.00000000099999999960 0.36726094291400962488 
0.00000000099999999914 0.00000000099999999914 0.00000000099999999914 0.00000000099999999914 0.00000000099999999914 0.00000000099999999914 0.00000000099999999914 0.99999999299999997593 
0.00000000099999999980 0.99999999300000008695 0.00000000099999999980 0.00000000099999999980 0.00000000099999999980 0.00000000099999999980 0.00000000099999999980 0.00000000099999999980 
0.00000000099999999987 0.00000000099999999987 0.56372320214732685173 0.00000000099999999987 0.18299699617343004321 0.16013543783793598996 0.09314435984130717272 0.00000000099999999987 
0.99999999300000008695 0.00000000099999999962 0.00000000099999999962 0.00000000099999999962 0.00000000099999999962 0.00000000099999999962 0.00000000099999999962 0.00000000099999999962 
0.00000000099999999976 0.00000000099999999976 0.00000000099999999976 0.75513791466063640012 0.00000000099999999976 0.00000000099999999976 0.00000000099999999976 0.24486207933936376957 
0.00000000099999999995 0.00000000099999999995 0.67209209483979714950 0.00000000099999999995 0.32790789916020268713 0.00000000099999999995 0.00000000099999999995 0.00000000099999999995 
0.00000000099999999963 0.00000000099999999963 0.00000000099999999963 0.10082613894466714577 0.00000000099999999963 0.00000000099999999963 0.00000000099999999963 0.89917385505533298229 
0.21372256428757951952 0.00000000099999999954 0.00000000099999999954 0.00000000099999999954 0.00000000099999999954 0.00000000099999999954 0.00000000099999999954 0.78627742971242042813 
0.00000000099999999989 0.00000000099999999989 0.00000000099999999989 0.34553610764512515674 0.31953416376167770308 0.00000000099999999989 0.06141206082583099135 0.27351766376736608155 
0.00000000099999999941 0.00000000099999999941 0.00000000099999999941 0.00000000099999999941 0.00000000099999999941 0.00000000099999999941 0.00000000099999999941 0.99999999300000008695 
0.00000000099999999982 0.00000000099999999982 0.00000000099999999982 0.00000000099999999982 0.00000000099999999982 0.00000000099999999982 0.21479724235285224676 0.78520275164714781191 
0.00000000099999999963 0.00000000099999999963 0.00000000099999999963 0.00000000099999999963 0.99999999300000008695 0.00000000099999999963 0.00000000099999999963 0.00000000099999999963 
0.04993418499271567307 0.00000000099999999929 0.00000000099999999929 0.00000000099999999929 0.00000000099999999929 0.00000000099999999929 0.00000000099999999929 0.95006580900728443417 
0.00000000099999999991 0.37262797779666290143 0.25681458089061426353 0.00000000099999999991 0.06776346638205466011 0.00000000099999999991 0.30279392449009884247 0.00000004744056936478 
0.00000000099999999921 0.00000000099999999921 0.00000000099999999921 0.00000000099999999921 0.00000000099999999921 0.00000000099999999921 0.00000000099999999921 0.99999999299999997593 
0.00000000099999999980 0.00000000099999999980 0.23344574269688933565 0.55092812162370363716 0.00000000099999999980 0.21562613067940711309 0.00000000099999999980 0.00000000099999999980 
0.00000000099999999928 0.00000000099999999928 0.00000000099999999928 0.00000000099999999928 0.00000000099999999928 0.00000000099999999928 0.00000000099999999928 0.99999999300000008695 
0.00000000099999999968 0.33226655179622310854 0.00000000099999999968 0.00000000099999999968 0.66773344220377672809 0.00000000099999999968 0.00000000099999999968 0.00000000099999999968 
0.40807091208015061623 0.00000000099999999959 0.00000000099999999959 0.00000000099999999959 0.00000000099999999959 0.00000000099999999959 0.00000000099999999959 0.59192908191984927591 
0.27180132036355791891 0.00000000099999999983 0.00000000099999999983 0.00000000099999999983 0.46919748233676861204 0.00000000099999999983 0.00000000099999999983 0.25900119229967344392 
0.28049672122881774694 0.00000000099999999981 0.00000000099999999981 0.00000000099999999981 0.00000000099999999981 0.00000000099999999981 0.28373554626752434116 0.43576772750365777576 
0.00000000099999999990 0.00000000099999999990 0.40735689629603799577 0.20634556448153007491 0.00000000099999999990 0.00000000099999999990 0.29736050069221703351 0.08893703453021484240 
0.04850061402178295483 0.30289817948380937107 0.39038716335284961989 0.00000000099999999991 0.00000000099999999991 0.14569171126166316488 0.11252232887989496724 0.00000000099999999991 
0.21281822892763199717 0.00000000099999999990 0.00000000099999999990 0.00000000099999999990 0.15696034145835238705 0.21775550584831751544 0.14392802979025737242 0.26853789097544078501 
0.00000000099999999964 0.99999999300000019797 0.00000000099999999964 0.00000000099999999964 0.00000000099999999964 0.00000000099999999964 0.00000000099999999964 0.00000000099999999964 
0.07678293685678243274 0.00000000099999999980 0.00000000099999999980 0.54193707369039223476 0.00000000099999999980 0.00000000099999999980 0.22203648917178150923 0.15924349628104383925 
0.00000000099999999995 0.38134813742696915817 0.00000000099999999995 0.14313508099155419773 0.00000000099999999995 0.02388376438341789990 0.31896245527981098578 0.13267055891824772185 
0.00000000099999999969 0.00000000099999999969 0.85611040305951802143 0.00000000099999999969 0.00000000099999999969 0.00000000099999999969 0.00000000099999999969 0.14388959094048206500 
0.00000000099999999976 0.00000000099999999976 0.18144684272122871271 0.00000000099999999976 0.81855315127877126269 0.00000000099999999976 0.00000000099999999976 0.00000000099999999976 
0.00000000099999999988 0.00000000099999999988 0.39986020955642481711 0.22305763834466105222 0.22148618398629871251 0.05365123568261413733 0.10194472943000112974 0.00000000099999999988 
0.03701971931936561683 0.00000000099999999933 0.00000000099999999933 0.00000000099999999933 0.00000000099999999933 0.00000000099999999933 0.00000000099999999933 0.96298027468063451817 
0.06974801318030536545 0.00000000099999999974 0.93025198081969462383 0.00000000099999999974 0.00000000099999999974 0.00000000099999999974 0.00000000099999999974 0.00000000099999999974 
0.25089100360407484702 0.00000000099999999978 0.00000000099999999978 0.00000000099999999978 0.00000000099999999978 0.00000000099999999978 0.25893943176939537842 0.49016955962652952739 
0.12054128885104904712 0.00000000099999999972 0.87945870514895096992 0.00000000099999999972 0.00000000099999999972 0.00000000099999999972 0.00000000099999999972 0.00000000099999999972 
0.00000000099999999933 0.00000000099999999933 0.00000000099999999933 0.00000000099999999933 0.00000000099999999933 0.00000000099999999933 0.00000000099999999933 0.99999999299999997593 
0.03259079405276601310 0.00000000099999999935 0.00000000099999999935 0.00000000099999999935 0.00000000099999999935 0.00000000099999999935 0.00000000099999999935 0.96740919994723384434 
0.22961243790020038902 0.00000000099999999972 0.23982867096000448637 0.00000000099999999972 0.00000000099999999972 0.00000000099999999972 0.00000000099999999972 0.53055888613979518276 
0.00000000099999999975 0.59362785589363753491 0.00000000099999999975 0.00000000099999999975 0.00000000099999999975 0.40637213810636257927 0.00000000099999999975 0.00000000099999999975 
0.00000000099999999974 0.00000000099999999974 0.00000000099999999974 0.00000000099999999974 0.00000000099999999974 0.99999999300000008695 0.00000000099999999974 0.00000000099999999974 
0.00000000099999999981 0.00000000099999999981 0.83552022861988706204 0.00000000099999999981 0.00000000099999999981 0.00000000099999999981 0.16447976538011285785 0.00000000099999999981 
0.00000000099999999978 0.00000000099999999978 0.00000000099999999978 0.00000000099999999978 0.09327982585932367843 0.00000000099999999978 0.00000000099999999978 0.90672016814067624146 
0.05599660175784065136 0.00000000099999999992 0.00000000099999999992 0.36470595640291059158 0.29985173587342639490 0.00000000099999999992 0.19844564990950652739 0.08100005305631587105 
0.00000000099999999957 0.99999999300000008695 0.00000000099999999957 0.00000000099999999957 0.00000000099999999957 0.00000000099999999957 0.00000000099999999957 0.00000000099999999957 
0.30166409529281090762 0.00000000099999999968 0.23280640193967472307 0.00000000099999999968 0.00000000099999999968 0.00000000099999999968 0.00000000099999999968 0.46552949776751439970 
0.30812227107219392064 0.00000000099999999980 0.00000000099999999980 0.36419506091844761064 0.00000000099999999980 0.00000000099999999980 0.16018420619096368496 0.16749845781839486913 
0.00000000099999999962 0.00000000099999999962 0.00000000099999999962 0.00000000099999999962 0.00000000099999999962 0.00000000099999999962 0.18231119318334421120 0.81768880081665584747 
0.00000000099999999954 0.65359950057778415378 0.00000000099999999954 0.00000000099999999954 0.00000000099999999954 0.00000000099999999954 0.00000000099999999954 0.34640049342221607143 
0.00000000099999999908 0.00000000099999999908 0.00000000099999999908 0.00000000099999999908 0.00000000099999999908 0.00000000099999999908 0.00000000099999999908 0.99999999299999997593 
0.00000000099999999970 0.00000000099999999970 0.99999999300000008695 0.00000000099999999970 0.00000000099999999970 0.00000000099999999970 0.00000000099999999970 0.00000000099999999970 
0.04727772585057059967 0.87147647426409702298 0.00000000099999999968 0.00000000099999999968 0.00000000099999999968 0.00000000099999999968 0.00000000099999999968 0.08124579488533247018 
0.00000000099999999905 0.00000000099999999905 0.00000000099999999905 0.00000000099999999905 0.00000000099999999905 0.00000000099999999905 0.00000000099999999905 0.99999999300000008695 
0.00000000099999999986 0.00000000099999999986 0.20178970935001697140 0.00000000099999999986 0.00000000099999999986 0.00000000099999999986 0.40275671450953770547 0.39545357114044543678 
0.00000000099999999969 0.00000000099999999969 0.00000000099999999969 0.32918360055280315724 0.00000000099999999969 0.67081639344719679041 0.00000000099999999969 0.00000000099999999969 
0.27887154798403224198 0.00000000099999999973 0.00000000099999999973 0.41513879481043314268 0.00000000099999999973 0.00000000099999999973 0.00000000099999999973 0.30598965220553464572 
0.00000000099999999984 0.00000000099999999984 0.00000000099999999984 0.00000000099999999984 0.11504757347363818443 0.88495242052636191588 0.00000000099999999984 0.00000000099999999984 
0.00000000099999999949 0.00000000099999999949 0.00000000099999999949 0.00000000099999999949 0.00000000099999999949 0.00000000099999999949 0.00000000099999999949 0.99999999300000008695 
0.00000000099999999978 0.00000000099999999978 0.85678748940949855939 0.00000000099999999978 0.00000000099999999978 0.00000000099999999978 0.14321250459050144377 0.00000000099999999978 
0.00000000099999999977 0.00000000099999999977 0.86243653656388352680 0.00000000099999999977 0.00000000099999999977 0.00000000099999999977 0.00000000099999999977 0.13756345743611661514 
0.00000000099999999973 0.00000000099999999973 0.59624872545100648935 0.00000000099999999973 0.40375126854899351381 0.00000000099999999973 0.00000000099999999973 0.00000000099999999973 
0.08617276295181823531 0.00000000099999999984 0.00000000099999999984 0.67512680299121552441 0.00000000099999999984 0.00000000099999999984 0.23870042905696634006 0.00000000099999999984 
0.00000000099999999986 0.00000000099999999986 0.91136715361019482451 0.00000000099999999986 0.08863284012273149604 0.00000000099999999986 0.00000000099999999986 0.00000000126707388823 
0.00000000099999999969 0.69438476817577710065 0.00000000099999999969 0.00000000099999999969 0.00000000099999999969 0.16863673895274650105 0.13697848787147628991 0.00000000099999999969 
